a=[300, 299, 299, 299, 299, 299, 298, 298, 297, 297, 296, 295, 295, 294, 293, 293, 293, 293, 292, 291, 290, 290, 290, 290, 290, 290, 289, 289, 288, 287, 286, 285, 284, 283, 282, 282, 282, 282, 282, 282, 282, 281, 281, 280, 279, 279, 279, 278, 277, 276, 275, 275, 274, 274, 274, 273, 272, 271, 270, 269, 269, 268, 267, 266, 266, 266, 267, 267, 268, 269, 270, 271, 271, 272, 273, 273, 274, 274, 275, 276, 277, 277, 277, 277, 277, 277, 278, 278, 279, 279, 279, 280, 281, 281, 282, 282, 282, 283, 283, 283, 283, 284, 284, 284, 284, 285, 285, 286, 287, 287, 288, 288, 288, 288, 288, 288, 288, 288, 288, 289, 289, 290, 291, 291, 292, 292, 293, 293, 293, 293, 293, 293, 293, 293, 293, 293, 293, 294, 294, 294, 294, 294, 294, 294, 295, 296, 296, 296, 297, 297, 297, 297, 298, 298, 298, 298, 298, 298, 298, 299, 300, 300, 300, 301, 301, 302, 302, 303, 303, 303, 303, 303, 304, 304, 305, 305, 305, 306, 306, 307, 307, 307, 308, 309, 309, 309, 310, 310, 310, 310, 311, 311, 311, 312, 312, 312, 312, 313, 313, 314, 314, 315, 315, 315, 315, 316, 316, 316, 316, 317, 317, 317, 318, 319, 319, 319, 319, 319, 319, 319, 320, 320, 320, 321, 321, 322, 323, 324, 325, 326, 327, 327, 328, 328, 328, 329, 330, 330, 330, 330, 331, 332, 332, 332, 332, 333, 334, 334, 334, 334, 334, 334, 334, 335, 335, 335, 335, 335, 335, 335, 336, 336, 336, 337, 337, 338, 339, 339, 339, 339, 339, 339, 339, 339, 340, 341, 342, 343, 343, 343, 344, 344, 344, 345, 345, 346, 346, 346, 347, 347, 347, 348, 349, 349, 348, 348, 348, 347, 347, 347, 348, 347, 346, 346, 346, 346, 346, 346, 345, 344, 345, 344, 344, 345, 345, 345, 345, 345, 344, 343, 343, 343, 343, 343, 343, 344, 343, 344, 344, 344, 344, 344, 343, 344, 344, 344, 344, 343, 342, 342, 342, 342, 341, 341, 341, 341, 340, 340, 340, 339, 339, 339, 339, 339, 339, 339, 338, 338, 338, 338, 337, 337, 337, 337, 337, 336, 335, 335, 335, 334, 334, 334, 333, 333, 332, 331, 331, 331, 331, 331, 331, 331, 330, 329, 329, 328, 328, 327, 327, 327, 326, 325, 325, 324, 323, 323, 322, 321, 320, 320, 320, 319, 319, 318, 317, 316, 315, 315, 314, 314, 313, 313, 312, 311, 311, 311, 311, 311, 311, 311, 311, 310, 310, 310, 310, 310, 310, 309, 308, 307, 307, 307, 307, 306, 305, 304, 303, 302, 301, 301, 301, 301, 300, 299, 299, 299, 299, 299, 298, 297, 296, 295, 294, 294, 294, 293, 293, 292, 291, 291, 290, 290, 290, 290, 289, 288, 288, 287, 286, 286, 285, 284, 284, 284, 284, 283, 283, 282, 282, 282, 281, 281, 281, 280, 279, 279, 279, 279, 279, 278, 277, 277, 276, 275, 275, 274, 274, 274, 274, 273, 273, 273, 272, 272, 272, 271, 270, 270, 270, 270, 269, 268, 267, 266, 266, 266, 265, 265, 265, 265, 264, 263, 263, 262, 262, 263, 264, 265, 265, 265, 265, 265, 265, 266, 267, 268, 268, 268, 268, 268, 269, 270, 270, 270, 270, 271, 272, 273, 273, 273, 273, 274, 275, 275, 276, 277, 277, 278, 279, 280, 280, 281, 282, 282, 282, 282, 282, 283, 284, 284, 284, 285, 285, 286, 287, 288, 288, 289, 289, 290, 291, 291, 291, 291, 291, 292, 292, 292, 293, 294, 295, 295, 295, 296, 297, 298, 299, 300, 301, 301, 302, 303, 304, 304, 304, 305, 306, 307, 308, 308, 309, 309, 310, 311, 311, 311, 312, 312, 313, 313, 314, 315, 316, 316, 317, 318, 319, 320, 321, 322, 323, 324, 324, 325, 326, 327, 328, 328, 329, 329, 330, 331, 331, 332, 333, 334, 335, 336, 336, 337, 337, 337, 338, 339, 340, 341, 342, 343, 344, 344, 345, 346, 347, 348, 348, 349, 350, 351, 351, 352, 353, 353, 354, 354, 355, 355, 356, 357, 358, 359, 360, 360, 361, 362, 362, 363, 364, 364, 364, 365, 366, 367, 367, 367, 368, 368, 369, 370, 371, 372, 373, 374, 375, 375, 376, 377, 378, 378, 378, 378, 379, 379, 380, 381, 382, 382, 382, 383, 384, 385, 385, 386, 387, 388, 388, 389, 390, 391, 391, 392, 392, 393, 394, 394, 395, 396, 397, 398, 399, 400, 401, 402, 403, 404, 405, 406, 406, 406, 407, 407, 407, 408, 409, 409, 410, 410, 411, 412, 412, 413, 414, 415, 416, 417, 417, 418, 418, 418, 419, 420, 421, 422, 423, 424, 424, 425, 425, 425, 425, 426, 426, 427, 427, 427, 427, 428, 429, 430, 429, 430, 431, 431, 432, 431, 432, 431, 432, 432, 432, 431, 431, 431, 432, 433, 433, 433, 433, 432, 432, 433, 433, 433, 434, 435, 434, 434, 433, 433, 432, 432, 432, 431, 430, 429, 428, 427, 426, 425, 425, 425, 424, 423, 422, 422, 421, 420, 420, 420, 419, 418, 418, 418, 418, 418, 417, 416, 415, 415, 414, 413, 413, 412, 411, 410, 410, 409, 409, 408, 408, 407, 407, 406, 406, 406, 405, 404, 403, 402, 402, 401, 400, 399, 399, 399, 399, 398, 397, 396, 395, 395, 395, 394, 393, 392, 391, 390, 389, 389, 388, 387, 387, 386, 385, 384, 384, 384, 383, 382, 382, 382, 382, 381, 380, 379, 378, 377, 377, 377, 376, 376, 376, 376, 376, 375, 374, 373, 372, 372, 371, 371, 370, 370, 370, 370, 369, 368, 368, 368, 367, 366, 365, 364, 364, 364, 363, 363, 362, 361, 361, 361, 360, 359, 358, 358, 358, 357, 357, 356, 355, 354, 353, 352, 352, 351, 350, 349, 348, 347, 347, 346, 345, 345, 344, 343, 343, 342, 341, 340, 340, 339, 338, 337, 337, 337, 337, 337, 337, 337, 337, 338, 338, 338, 338, 338, 338, 339, 340, 340, 341, 341, 342, 343, 344, 345, 345, 346, 347, 347, 347, 347, 348, 348, 348, 348, 348, 348, 349, 349, 349, 349, 349, 350, 351, 351, 351, 352, 353, 354, 355, 355, 355, 356, 357, 358, 358, 359, 359, 359, 360, 360, 360, 360, 360, 361, 361, 361, 362, 362, 362, 362, 363, 363, 364, 365, 366, 367, 367, 368, 369, 369, 369, 369, 370, 370, 370, 370, 370, 371, 371, 371, 371, 372, 372, 372, 372, 372, 372, 373, 374, 375, 376, 377, 377, 377, 377, 377, 377, 377, 377, 377, 377, 377, 378, 378, 379, 380, 380, 380, 381, 381, 381, 382, 382, 383, 383, 383, 383, 384, 385, 385, 385, 385, 386, 386, 386, 386, 386, 386, 386, 387, 388, 389, 390, 390, 390, 391, 391, 391, 391, 392, 393, 393, 393, 394, 394, 395, 395, 395, 396, 397, 397, 398, 399, 399, 399, 399, 399, 399, 399, 399, 400, 401, 402, 402, 402, 402, 402, 402, 402, 402, 403, 404, 404, 404, 404, 404, 404, 405, 406, 407, 407, 407, 408, 408, 409, 409, 410, 411, 411, 411, 411, 412, 412, 413, 414, 415, 415, 415, 416, 417, 417, 417, 417, 417, 418, 419, 420, 421, 421, 421, 421, 421, 422, 423, 423, 423, 423, 424, 424, 424, 424, 424, 424, 424, 424, 425, 425, 425, 425, 426, 426, 427, 427, 428, 428, 428, 429, 430, 431, 432, 432, 432, 433, 433, 433, 434, 434, 434, 435, 435, 436, 437, 437, 438, 438, 438, 438, 438, 438, 439, 440, 440, 441, 441, 442, 442, 442, 442, 442, 443, 443, 444, 444, 444, 444, 444, 445, 445, 445, 446, 446, 446, 446, 446, 446, 446, 446, 446, 447, 447, 448, 448, 448, 449, 449, 449, 450, 451, 451, 451, 451, 451, 452, 452, 453, 454, 454, 455, 456, 456, 456, 456, 456, 455, 455, 455, 455, 455, 456, 456, 456, 456, 455, 456, 455, 455, 455, 456, 455, 455, 456, 456, 456, 457, 457, 457, 458, 457, 456, 455, 455, 455, 455, 455, 454, 454, 453, 453, 452, 453, 453, 453, 452, 451, 450, 449, 449, 448, 448, 448, 448, 448, 448, 448, 448, 448, 448, 448, 447, 447, 447, 447, 446, 446, 445, 445, 445, 445, 445, 445, 445, 445, 445, 445, 445, 445, 445, 444, 443, 443, 442, 442, 442, 441, 440, 439, 439, 439, 439, 438, 438, 437, 437, 437, 437, 436, 435, 435, 435, 435, 435, 435, 435, 435, 435, 434, 434, 434, 434, 433, 432, 432, 432, 432, 431, 431, 431, 431, 430, 430, 429, 428, 428, 428, 428, 428, 427, 427, 427, 426, 426, 425, 424, 424, 424, 424, 423, 423, 422, 421, 420, 419, 419, 418, 417, 416, 416, 415, 414, 413, 412, 412, 411, 410, 409, 409, 409, 408, 408, 408, 407, 406, 406, 405, 405, 404, 404, 403, 403, 403, 403, 403, 403, 403, 402, 401, 400, 400, 399, 398, 397, 397, 396, 396, 395, 394, 393, 393, 392, 392, 392, 391, 390, 390, 389, 388, 388, 387, 387, 387, 386, 385, 384, 384, 384, 383, 383, 383, 383, 383, 382, 382, 381, 381, 381, 380, 380, 380, 380, 380, 379, 379, 379, 379, 379, 379, 379, 379, 379, 379, 378, 378, 378, 378, 378, 378, 378, 378, 377, 376, 376, 375, 375, 375, 375, 375, 374, 374, 374, 374, 373, 372, 371, 371, 370, 370, 369, 369, 369, 369, 368, 367, 367, 366, 366, 365, 364, 364, 363, 362, 362, 362, 361, 361, 361, 361, 360, 360, 359, 359, 359, 359, 360, 361, 361, 361, 361, 361, 361, 362, 363, 364, 365, 365, 365, 366, 367, 368, 369, 369, 370, 370, 370, 370, 371, 372, 372, 372, 373, 