avg1=[141.191 , 200.439 , 204.965 , 267.481 , 112.577 , 345.21 , 229.721 , 283.689 , 278.839 , 378.844 , 233.132 , 117.751 , 251.602 , 241.803 , 289.155 , 441.559 , 247.223 , 362.464 , 192.361 , 248.132 , 158.289 , 431.86 , 181.098 , 319.987 , 167.828 , 175.713 , 240.961 , 220.699 , 297.854 , 163.487 , 191.847 , 187.683 , 193.108 , 165.052 , 195.753 , 336.842 , 112.072 , 125.747 , 335.422 , 310.021 , 222.896 , 284.165 , 151.532 , 217.188 , 257.781 , 161.682 , 219.129 , 249.983 , 174.455 , 264.683 , 205.341 , 284.778 , 280.751 , 251.516 , 220.215 , 203.101 , 241.167 , 242.701 , 184.54 , 152.638 , 196.264 , 245.023 , 322.836 , 273.698 , 356.206 , 145.677 , 306.216 , 183.478 , 465.99 , 200.367 , 262.644 , 226.244 , 157.597 , 214.099 , 187.162 , 206.68 , 185.588 , 216.608 , 183.734 , 146.189 , 258.219 , 319.82 , 250.293 , 130.37 , 255.517 , 251.916 , 184.896 , 209.003 , 134.222 , 216.531 , 174.932 , 148.946 , 269.864 , 214.28 , 191.107 , 240.88 , 171.673 , 276.864 , 515.933 , 119.777 , 155.836 , 105.846 , 168.077 , 189.938 , 237.972 , 154.929 , 253.217 , 276.915 , 146.855 , 259.408 , 168.905 , 473.086 , 208.012 , 232.58 , 337.537 , 398.049 , 254.528 , 215.923 , 206.745 , 232.033 , 173.413 , 182.008 , 141.548 , 284.923 , 291.574 , 180.06 , 343.905 , 151.299 , 332.526 , 379.583 , 127.267 , 268.814 , 459.944 , 126.304 , 166.967 , 304.287 , 199.327 , 189.417 , 217.606 , 155.729 , 189.084 , 143.938 , 238.451 , 170.599 , 222.326 , 197.894 , 268.416 , 236.692 , 245.747 , 251.673 , 211.069 , 145.218 , 260.386 , 331.954 , 193.98 , 162.309 , 369.713 , 317.069 , 238.709 , 97.2633 , 314.355 , 219.649 , 197.94 , 110.111 , 267.66 , 271.592 , 278.003 , 182.59 , 196.328 , 251.083 , 221.03 , 119.397 , 182.347 , 207.453 , 277.918 , 72.969 , 243.211 , 137.455 , 197.227 , 242.541 , 140.81 , 178.641 , 251.413 , 138.271 , 248.769 , 286.326 , 300.019 , 149.798 , 187.716 , 292.887 , 288.391 , 229.529 , 264.308 , 207.933 , 207.549 , 155.978 , 226.33 , 297.82 , 144.389 , 126.92 , 263.987 , 278.733 , 299.278 , 186.753 , 517.98 , 325.029 , 284.647 , 312.772 , 191.172 , 217.844 , 223.679 , 258.595 , 325.266 , 308.536 , 309.807 , 233.1 , 254.697 , 270.527 , 203.942 , 270.275 , 219.492 , 170.758 , 207.267 , 236.787 , 149.582 , 200.526 , 367.895 , 310.181 , 308.655 , 149.431 , 316.844 , 264.942 , 237.176 , 367.652 , 190.098 , 184.787 , 364.69 , 231.368 , 349.953 , 218.949 , 259.921 , 191.868 , 253.074 , 288.088 , 333.624 , 310.035 , 184.824 , 212.206 , 249.742 , 356.544 , 251.462 , 174.008 , 268.146 , 176.653 , 175.446 , 178.634 , 395.939 , 297.395 , 294.904 , 229.62 , 214.045 , 361.988 , 320.394 , 114.323 , 186.031 , 143.39 , 277.356 , 422.838 , 178.371 , 200.635 , 216.207 , 268.576 , 266.133 , 307.837 , 227.998 , 161.832 , 104.698 , 226.003 , 174.779 , 352.685 , 259.134 , 129.631 , 178.209 , 138.273 , 182.734 , 186.035 , 240.967 , 234.362 , 187.445 , 188.503 , 167.715 , 234.002 , 133.939 , 184.613 , 288.802 , 308.404 , 274.831 , 156.778 , 229.674 , 262.017 , 287.044 , 284.383 , 229.674 , 191.504 , 248.254 , 287.563 , 317.528 , 203.273 , 119.684 , 286.647 , 166.127 , 195.309 , 214.191 , 213.271 , 176.79 , 130.467 , 145.791 , 305.802 , 174.546 , 177.789 , 331.452 , 158.62 , 329.398 , 227.25 , 266.305 , 163.561 , 274.255 , 170.138 , 273.303 , 367.209 , 195.586 , 518.745 , 231.585 , 205.581 , 164.414 , 202.251 , 293.594 , 180.857 , 295.543 , 153.418 , 332.907 , 222.61 , 82.482 , 156.143 , 271.702 , 167.062 , 234.666 , 305.559 , 176.09 , 331.885 , 293.954 , 193.17 , 114.788 , 385.291 , 265.662 , 160.542 , 195.179 , 144.974 , 407.24 , 241.105 , 310.047 , 300.794 , 251.473 , 173.276 , 235.235 , 103.971 , 332.277 , 268.56 , 105.742 , 282.831 , 189.984 , 133.644 , 362.656 , 195.283 , 173.651 , 251.765 , 239.662 , 285.222 , 293.052 , 241.077 , 300.595 , 212.062 , 385.055 , 265.477 , 400.138 , 151.846 , 250.978 , 323.333 , 190.803 , 271.799 , 200.28 , 323.991 , 275.185 , 360.436 , 183.197 , 162.326 , 444.018 , 119.367 , 368.752 , 179.268 , 301.675 , 180.05 , 160.857 , 203.944 , 192.935 , 213.737 , 248.764 , 268.128 , 222.018 , 309.723 , 237.623 , 189.273 , 244.736 , 191.179 , 282.859 , 160.127 , 210.519 , 181.682 , 139.505 , 187.071 , 209.068 , 341.124 , 121.343 , 294.948 , 231.852 , 318.699 , 217.668 , 162.357 , 263.296 , 240.378 , 211.968 , 289.705 , 121.055 , 313.5 , 190.962 , 301.859 , 294.873 , 190.569 , 309.801 , 289.306 , 335.269 , 174.885 , 260.259 , 189.585 , 265.674 , 183.964 , 253.149 , 302.671 , 191.465 , 180.588 , 170.338 , 129.992 , 423.317 , 178.53 , 227.668 , 213.622 , 378.126 , 281.39 , 248.495 , 208.669 , 215.518 , 261.322 , 177.532 , 116.707 , 278.178 , 210.339 , 186.613 , 95.854 , 213.17 , 245.183 , 391.393 , 278.785 , 178.339 , 255.732 , 200.697 , 173.199 , 248.134 , 331.982 , 172.163 , 230.661 , 174.033 , 192.305 , 297.408 , 159.238 , 230.561 , 173.476 , 353.994 , 236.212 , 291.983 , 173.732 , 159.547 , 104.718 , 145.884 , 352.363 , 213.822 , 361.724 , 167.34 , 301.327 , 241.336 , 184.308 , 220.716 , 217.306 , 248.832 , 187.693 , 193.728 , 215.361 , 138.254 , 253.377 , 181.082 , 199.687 , 358.999 , 241.955 , 250.959 , 196.398 , 371.223 , 245.67 , 327.915 , 229.695 , 174.485 , 216.236 , 164.748 , 229.692 , 174.232 , 271.03 , 362.603 , 266.536 , 229.428 , 256.851 , 89.976 , 188.05 , 232.652 , 154.535 , 286.934 , 277.086 , 189.815 , 288.097 , 322.08 , 316.891 , 178.092 , 243.138 , 203.69 , 181.13 , 197.172 , 347.181 , 284.011 , 190.595 , 227.75 , 196.257 , 278.74 , 453.438 , 214.258 , 277.463 , 347.346 , 331.151 , 218.362 , 281.172 , 237.319 , 347.72 , 191.955 , 275.478 , 151.205 , 218.369 , 237.678 , 268.419 , 296.144 , 272.615 , 189.5 , 149.548 , 189.253 , 258.975 , 109.073 , 179.79 , 232.12 , 223.348 , 297.673 , 383.335 , 163.942 , 216.797 , 320.462 , 140.425 , 270.077 , 212.372 , 260.198 , 203.649 , 191.589 , 225.762 , 178.705 , 207.14 , 243.969 , 266.949 , 243.561 , 245.838 , 263.383 , 126.356 , 252.01 , 63.2937 , 85.2443 , 133.657 , 187.085 , 181.762 , 214.824 , 171.593 , 158.663 , 225.649 , 372.008 , 226.988 , 215.168 , 130.458 , 155.609 , 165.522 , 169.751 , 295.179 , 145.915 , 230.137 , 295.088 , 182.965 , 235.053 , 191.386 , 230.857 , 215.071 , 226.526 , 203.169 , 135.036 , 230.154 , 207.075 , 374.516 , 280.876 , 310.693 , 259.461 , 320.378 , 315.151 , 189.583 , 264.626 , 216.389 , 116.927 , 250.367 , 113.609 , 236.519 , 175.165 , 382.78 , 462.836 , 197.823 , 279.235 , 371.132 , 117.576 , 277.051 , 112.494 , 188.455 , 195.948 , 217.422 , 311.854 , 323.551 , 172.848 , 204.374 , 234.903 , 322.508 , 229.008 , 242.428 , 400.062 , 172.915 , 157.922 , 194.647 , 254.438 , 295.249 , 396.578 , 255.787 , 207.914 , 304.353 , 296.352 , 199.205 , 289.333 , 268.16 , 278.952 , 175.742 , 98.035 , 251.136 , 253.904 , 137.897 , 259.598 , 249.381 , 241.033 , 130.627 , 177.96 , 581.56 , 182.167 , 199.339 , 209.153 , 177.843 , 296.988 , 189.837 , 106.749 , 200.449 , 212.155 , 357.651 , 224.218 , 168.242 , 202.441 , 219.91 , 189.051 , 179.177 , 226.51 , 190.821 , 110.855 , 243.551 , 218.746 , 194.207 , 223.529 , 231.669 , 304.694 , 194.075 , 211.763 , 244.232 , 230.166 , 273.243 , 199.318 , 227.754 , 149.065 , 191.255 , 291.862 , 307.623 , 242.921 , 69.343 , 141.894 , 238.597 , 272.437 , 173.959 , 175.187 , 292.446 , 233.654 , 197.774 , 165.312 , 217.908 , 208.987 , 198.992 , 202.334 , 191.935 , 253.365 , 250.989 , 211.101 , 192.883 , 221.844 , 218.682 , 227.055 , 196.723 , 119.322 , 381.522 , 187.709 , 231.795 , 214.396 , 171.633 , 303.384 , 353.479 , 221.375 , 186.222 , 189.299 , 229.584 , 261.43 , 274.847 , 225.34 , 146.503 , 340.813 , 419.638 , 267.972 , 257.698 , 214.492 , 288.393 , 120.165 , 248.878 , 360.033 , 169.761 , 192.312 , 323.64 , 273.254 , 269.446 , 290.845 , 123.939 , 257.862 , 206.278 , 191.471 , 167.955 , 129.355 , 210.907 , 213.374 , 216.594 , 186.274 , 418.01 , 227.335 , 208.762 , 224.326 , 251.418 , 286.117 , 351.067 , 230.296 , 308.624 , 239.055 , 311.276 , 312.76 , 168.692 , 197.729 , 167.814 , 302.944 , 341.641 , 204.796 , 265.346 , 436.089 , 268.352 , 131.354 