avg1=[235.45 , 239.812 , 260.581 , 231.984 , 282.84 , 184.762 , 230.025 , 234.651 , 207.606 , 265.062 , 254.409 , 306.735 , 187.446 , 186.756 , 238.232 , 283.585 , 237.58 , 246.644 , 244.371 , 209.444 , 201.08 , 178.606 , 170.247 , 214.625 , 324.656 , 312.844 , 251.856 , 197.884 , 245.413 , 218.555 , 210.809 , 289.76 , 269.718 , 264.134 , 293.821 , 257.254 , 182.92 , 254.487 , 227.305 , 287.781 , 335.881 , 203.461 , 276.294 , 210.363 , 179.943 , 168.486 , 199.168 , 221.375 , 308.554 , 252.608 , 220.569 , 278.793 , 178.497 , 199.818 , 232.937 , 222.127 , 273.946 , 283.217 , 233.008 , 198.526 , 244.007 , 252.729 , 224.254 , 299.53 , 256.962 , 257.885 , 192.425 , 179.56 , 206.322 , 257.784 , 235.451 , 179.077 , 278.832 , 356.336 , 180.349 , 228.55 , 239.221 , 324.564 , 225.487 , 237.148 , 213.764 , 217.818 , 282.848 , 264.931 , 216.932 , 179.66 , 195.265 , 228.809 , 245.301 , 287.341 , 277.476 , 182.202 , 180.464 , 236.524 , 267.584 , 253.654 , 181.384 , 213.24 , 329.099 , 245.325 , 172.224 , 218.523 , 268 , 206.849 , 299.593 , 222.893 , 310.652 , 273.689 , 233.088 , 272.193 , 180.054 , 318.024 , 223.502 , 210.495 , 185.776 , 264.013 , 189.825 , 193.773 , 252.094 , 321.535 , 223.317 , 277.631 , 171.805 , 280.733 , 201.487 , 239.258 , 214.776 , 271.947 , 213.56 , 238.638 , 159.477 , 163.508 , 280.473 , 247.855 , 298.626 , 293.973 , 226.191 , 278.02 , 335.922 , 249.513 , 240.898 , 271.228 , 219.15 , 316.292 , 200.181 , 220.949 , 261.177 , 238.709 , 215.903 , 252.967 , 329.426 , 235.913 , 264.637 , 275.192 , 292.069 , 207.999 , 327.16 , 181.047 , 243.264 , 211.173 , 230.6 , 236.338 , 198.152 , 232.082 , 148.483 , 246.095 , 228.806 , 264.168 , 216.713 , 270.511 , 229.333 , 267.808 , 206.601 , 205.278 , 223.418 , 229.48 , 208.782 , 190.149 , 250.235 , 251.853 , 218.767 , 268.683 , 216.278 , 273.1 , 213.933 , 249.007 , 235.988 , 318.311 , 252.305 , 203.342 , 218.955 , 358.238 , 222.054 , 201.746 , 225.05 , 269.179 , 251.023 , 212.758 , 248.032 , 242.459 , 175.618 , 287.209 , 202.068 , 217.392 , 202.324 , 189.953 , 218.503 , 327.269 , 321.785 , 196.726 , 360.16 , 166.133 , 261.173 , 233.869 , 290.09 , 249.42 , 218.703 , 260.337 , 244.219 , 238.709 , 255.46 , 279.261 , 251.297 , 198.055 , 214.065 , 254.072 , 277.814 , 254.763 , 216.112 , 196.269 , 209.822 , 205.195 , 251.778 , 269.357 , 303.745 , 201.228 , 262.999 , 237.008 , 246.218 , 254.508 , 250.358 , 244.883 , 218.047 , 229.475 , 223.604 , 224.324 , 248.248 , 237.195 , 181.496 , 329.852 , 148.185 , 198.871 , 174.53 , 247.238 , 223.619 , 178.234 , 426.476 , 266.748 , 207.124 , 254.257 , 198.531 , 201.555 , 250.613 , 204.193 , 317.448 , 223.817 , 225.657 , 215.728 , 208.446 , 230.273 , 182.677 , 271.744 , 302.083 , 235.468 , 276.485 , 300.866 , 252.095 , 289.717 , 270.043 , 254.05 , 166.201 , 207.558 , 192.492 , 231.858 , 217.279 , 171.089 , 241.985 , 218.98 , 227.953 , 218.488 , 188.666 , 261.466 , 233.183 , 264.109 , 273.587 , 206.519 , 175.671 , 210.889 , 232.609 , 235.333 , 270.923 , 275.558 , 160.596 , 245.322 , 259.716 , 170.586 , 261.921 , 244.681 , 224.052 , 270.811 , 278.416 , 264.738 , 197.528 , 301.224 , 256.016 , 176.211 , 231.455 , 260.255 , 212.171 , 294.414 , 245.069 , 297.104 , 252.548 , 294.244 , 245.887 , 191.998 , 234.874 , 214.454 , 244.61 , 246.012 , 252.491 , 272.714 , 216.343 , 164.186 , 184.263 , 149.31 , 227.556 , 208.333 , 198.116 , 199.149 , 197.282 , 236.605 , 264.295 , 206.361 , 198.014 , 165.39 , 181.82 , 213.327 , 170.152 , 220.443 , 265.317 , 167.275 , 256.313 , 213.289 , 227.75 , 221.831 , 262.187 , 283.623 , 210.24 , 229.582 , 223.309 , 269.398 , 186.531 , 164.916 , 298.446 , 199.051 , 274.506 , 268.21 , 215.817 , 248.069 , 232.804 , 203.041 , 182.189 , 182.652 , 260.693 , 199.5 , 186.476 , 211.176 , 215.375 , 201.004 , 294.779 , 287.675 , 234.354 , 269.999 , 286.761 , 256.495 , 199.091 , 281.951 , 271.203 , 181.124 , 226.394 , 310.827 , 251.602 , 219.91 , 311.204 , 273.651 , 195.883 , 200.696 , 295.86 , 194.197 , 223.209 , 209.569 , 209.028 , 156.913 , 292.149 , 245.041 , 234.147 , 254.233 , 182.887 , 314.033 , 299.253 , 221.578 , 251.275 , 214.565 , 261.605 , 215.101 , 240.998 , 232.514 , 274.965 , 313.928 , 210.098 , 167.716 , 206.159 , 242.718 , 367.72 , 158.339 , 305.29 , 192.083 , 156.18 , 220.339 , 259.804 , 247.06 , 224.105 , 254.065 , 217.385 , 224.905 , 223.31 , 229.928 , 221.461 , 349.967 , 200.25 , 244.648 , 294.051 , 163.486 , 219.489 , 248.224 , 247.938 , 219.882 , 206.218 , 239.606 , 250.689 , 272.451 , 246.254 , 190.915 , 193.238 , 294.375 , 199.208 , 192.707 , 249.561 , 368.37 , 183.083 , 255.711 , 237.1 , 165.681 , 183.769 , 207.261 , 303.86 , 181.763 , 193.256 , 208.925 , 273.517 , 199.057 , 241.73 , 298.873 , 210.897 , 230.135 , 190.164 , 209.306 , 248.763 , 174.955 , 257.036 , 212.675 , 205.77 , 232.897 , 209.69 , 253.213 , 308.043 , 175.372 , 225.456 , 263.641 , 199.953 , 213.668 , 222.623 , 292.716 , 278.241 , 275.561 , 268.687 , 220.487 , 225.901 , 208.964 , 295.406 , 192.569 , 190.227 , 246.698 , 372.189 , 156.102 , 306.056 , 225.854 , 203.169 , 261.584 , 312.185 , 235.725 , 331.703 , 277.474 , 213.725 , 263.116 , 207.405 , 206.517 , 177.699 , 278.749 , 259.357 , 197.114 , 226.896 , 222.659 , 234.325 , 186.634 , 316.736 , 263.914 , 235.972 , 188.667 , 173.251 , 259.285 , 295.05 , 269.812 , 214.15 , 197.841 , 247.48 , 255.117 , 237.66 , 138.086 , 248.809 , 259.026 , 221.063 , 262.737 , 224.377 , 267.052 , 114.315 , 189.359 , 235.923 , 159.096 , 246.846 , 214.662 , 205.488 , 194.587 , 173.823 , 238.802 , 309.437 , 233.087 , 188.936 , 181.429 , 239.015 , 239.242 , 208.203 , 234.676 , 237.44 , 232.131 , 211.702 , 189.291 , 252.553 , 239.344 , 198.271 , 223.879 , 228.962 , 283.29 , 217.278 , 198.001 , 229.617 , 234.894 , 285.869 , 293.257 , 188.834 , 178.934 , 242.125 , 173.26 , 249.768 , 351.401 , 170.832 , 258.039 , 263.235 , 170.023 , 224.925 , 215.197 , 166.992 , 220.44 , 227.061 , 231.988 , 191.792 , 176.331 , 225.161 , 269.919 , 244.189 , 177.876 , 226.723 , 256.255 , 306.288 , 277.964 , 238.517 , 254.772 , 177.782 , 197.678 , 205.986 , 204.082 , 204.817 , 206.204 , 240.1 , 233.571 , 273.708 , 241.569 , 211.769 , 184.631 , 251.405 , 293.389 , 224.366 , 296.637 , 245.148 , 222.441 , 181.173 , 261.961 , 295.752 , 240.092 , 233.134 , 281.34 , 294.764 , 213.857 , 257.355 , 198.748 , 221.615 , 200.47 , 306.81 , 256.605 , 274.285 , 210.43 , 214.059 , 243.384 , 213.047 , 223.93 , 220.368 , 231.357 , 215.634 , 255.575 , 154.006 , 249.057 , 251.827 , 205.833 , 164.115 , 286.127 , 267.188 , 202.019 , 217.17 , 212.342 , 280.349 , 355.316 , 226.551 , 214.257 , 202.487 , 188.522 , 283.227 , 241.985 , 232.418 , 258.559 , 178.817 , 243.736 , 228.518 , 252.882 , 179.461 , 257.555 , 229.811 , 212.977 , 250.374 , 253.322 , 182.057 , 236.383 , 196.754 , 194.756 , 292.576 , 207.138 , 220.135 , 247.401 , 224.916 , 199.959 , 215.539 , 225.305 , 175.602 , 190.614 , 192.128 , 181.409 , 216.836 , 301.821 , 335.839 , 235.1 , 238.166 , 207.759 , 248.363 , 221.679 , 238.494 , 222.262 , 256.838 , 241.84 , 231.942 , 308.846 , 259.595 , 304.017 , 204.665 , 247.248 , 236.205 , 260.959 , 199.482 , 272.045 , 217.307 , 260.4 , 187.249 , 264.381 , 202.171 , 210.954 , 226.888 , 257.853 , 190.632 , 199.549 , 247.45 , 270.34 , 209.808 , 283.923 , 198.347 , 203.351 , 299.626 , 177.842 , 200.71 , 190.007 , 178.885 , 252.647 , 237.895 , 212.518 , 208.539 , 257.749 , 249.699 , 265.507 , 199.904 , 169.742 , 236.026 , 281.297 , 196.882 , 231.637 , 253.52 , 235.383 , 185.148 , 270.259 , 334.748 , 232.867 , 236.016 , 189.036 , 196.551 , 286.062 , 214.579 , 219.144 , 173.394 , 211.702 , 199.08 , 237.394 , 253.521 , 261.299 , 224.507 , 323.973 , 251.899 , 271.065 , 176.209 , 244.972 , 167.079 , 187.672 , 177.812 , 254.673 , 274.917 , 358.212 , 163.373 , 211.908 , 226.161 , 207.801 , 300.106 , 240.185 , 291.11 , 177.662 , 213.439 , 153.374 , 172.701 , 242.806 , 218.679 , 218.702 , 232.327 , 252.862 , 288.086 , 165.068 , 215.592 , 315.994 , 169.23 , 235.266 , 205.04 , 203.979 , 191.342 , 209.565 ,