avg1=[252.62 , 225.507 , 156.13 , 217.934 , 253.458 , 181.819 , 226.358 , 176.923 , 240.692 , 224.764 , 280.589 , 253.446 , 288.183 , 305.896 , 223.336 , 204.854 , 252.555 , 235.118 , 278.382 , 155.052 , 225.183 , 234.727 , 213.448 , 286.725 , 331.168 , 289.755 , 211.349 , 364.617 , 344.833 , 194.767 , 225.59 , 243.23 , 268.766 , 256.321 , 195.46 , 225.383 , 152.974 , 199.779 , 258.509 , 263.176 , 264.612 , 267.411 , 249.567 , 287.136 , 234.419 , 191.76 , 194.494 , 145.008 , 279.664 , 202.613 , 209.668 , 174.364 , 182.208 , 176.571 , 270.333 , 252.435 , 244.348 , 302.864 , 186.962 , 194.313 , 228.661 , 206.421 , 215.354 , 223.594 , 266.05 , 219.54 , 268.392 , 211.97 , 271.872 , 247.365 , 227.72 , 172.898 , 241.488 , 256.004 , 220.806 , 270.432 , 294.065 , 304.135 , 208.686 , 312.289 , 266.167 , 253.304 , 261.498 , 249.007 , 219.965 , 205.413 , 205.054 , 198.018 , 319.938 , 243.347 , 229.662 , 184.803 , 175.958 , 171.264 , 144.373 , 200.174 , 264.71 , 212.214 , 279.055 , 203.284 , 177.513 , 249.045 , 230.022 , 273.098 , 213.024 , 192.227 , 393.085 , 280.606 , 164.644 , 332.804 , 251.947 , 225.685 , 286.04 , 329.967 , 184.541 , 292.363 , 275.744 , 238.172 , 252.717 , 233.3 , 228.445 , 226.352 , 295.911 , 249.035 , 228.98 , 221.661 , 189.464 , 216.655 , 302.462 , 170.433 , 150.447 , 254.775 , 263.276 , 241.642 , 232.814 , 264.898 , 182.98 , 229.143 , 280.243 , 259.539 , 330.579 , 218.604 , 172.693 , 256.405 , 228.778 , 231.84 , 236.776 , 250.466 , 278.667 , 267.225 , 276.494 , 186.485 , 207.187 , 205.468 , 241.456 , 176.859 , 277.788 , 224.083 , 227.393 , 253.105 , 232.316 , 224.358 , 262.447 , 220.468 , 273.326 , 176.321 , 231.085 , 289.499 , 227.641 , 190.473 , 201.765 , 364.946 , 228.377 , 191.896 , 255.383 , 206.848 , 299.312 , 221.328 , 206.228 , 281.234 , 183.077 , 236.549 , 212.985 , 252.525 , 196.044 , 244.99 , 302.141 , 191.332 , 267.036 , 184.539 , 295.595 , 250.712 , 190.907 , 156.693 , 238.036 , 329.853 , 328.58 , 139.813 , 248.168 , 311.51 , 178.373 , 210.635 , 218.195 , 301.796 , 200.762 , 177.888 , 174.682 , 247.652 , 245.772 , 264.683 , 217.171 , 270.134 , 267.344 , 193.711 , 228.756 , 225.804 , 194.953 , 262.762 , 257.417 , 183.716 , 193.522 , 220.446 , 237.918 , 172.18 , 173.527 , 214.514 , 229.116 , 223.516 , 182.997 , 156.384 , 264.049 , 228.834 , 172.835 , 255.55 , 217.761 , 204.325 , 233.576 , 247.052 , 250.125 , 204.059 , 307.898 , 192.258 , 238.599 , 246.63 , 210.077 , 220.085 , 225.641 , 236.847 , 165.55 , 341.311 , 234.848 , 208.504 , 212.757 , 217.89 , 265.597 , 232.914 , 362.188 , 200.754 , 191.704 , 303.344 , 208.504 , 258.219 , 219.035 , 161.513 , 246.596 , 199.583 , 246.778 , 163.947 , 204.267 , 187.821 , 224.637 , 178.981 , 240.352 , 208.033 , 377.253 , 270.742 , 256.341 , 200.051 , 209.874 , 162.586 , 229.769 , 177.036 , 238.608 , 203.153 , 248.72 , 231.914 , 182.939 , 285.802 , 266.994 , 227.885 , 211.302 , 231.828 , 355.505 , 216.775 , 220.685 , 270.05 , 304.027 , 213.246 , 180.238 , 227.202 , 249.428 , 237.594 , 190.846 , 206.435 , 238.756 , 212.154 , 267.471 , 164.351 , 217.571 , 234.157 , 281.328 , 221.213 , 200.057 , 208.561 , 240.629 , 213.955 , 186.574 , 240.104 , 249.492 , 268.876 , 250.205 , 230.28 , 270.744 , 242.822 , 272.849 , 230.071 , 172.733 , 253.289 , 239.228 , 167.56 , 202.394 , 212.397 , 299.802 , 178.996 , 258.921 , 185.813 , 239.347 , 191.134 , 274.422 , 213.624 , 228.884 , 263.833 , 277.425 , 227.109 , 255.307 , 319.711 , 249.963 , 266.649 , 214.588 , 206.375 , 280.698 , 247.565 , 275.051 , 295.981 , 223.862 , 266.635 , 232.433 , 197.612 , 317.422 , 217.528 , 274.476 , 389.954 , 255.48 , 249.409 , 279.404 , 222.837 , 244.032 , 240.776 , 200.297 , 266.166 , 213.355 , 285.449 , 188.879 , 181.712 , 189.264 , 181.292 , 268.469 , 183.998 , 248.385 , 209.707 , 226.062 , 315.872 , 265.016 , 240.468 , 261.701 , 188.868 , 282.523 , 257.767 , 211.445 , 224.352 , 267.094 , 240.688 , 221.351 , 225.616 , 312.908 , 183.316 , 231.414 , 283.198 , 234.886 , 194.384 , 218.357 , 309.549 , 199.434 , 256.752 , 270.814 , 219.733 , 275.844 , 285.897 , 229.869 , 252.977 , 177.228 , 171.812 , 213.471 , 209.577 , 204.036 , 183.679 , 245.122 , 191.632 , 249.7 , 202.005 , 189.34 , 303.676 , 271.985 , 241.437 , 313.482 , 197.377 , 208.303 , 193.929 , 153.159 , 237.666 , 308.449 , 209.468 , 244.71 , 277.492 , 202.949 , 260.063 , 193.763 , 118.43 , 189.218 , 257.029 , 267.836 , 352.588 , 226.024 , 261.184 , 336.579 , 235.05 , 319.055 , 217.112 , 324.395 , 218.354 , 207.589 , 252.076 , 279.709 , 183.569 , 192.977 , 186.668 , 276.419 , 193.5 , 255.834 , 308.475 , 220.186 , 162.651 , 215.672 , 242.756 , 263.232 , 211.376 , 226.966 , 257.087 , 234.417 , 268.342 , 167.151 , 205.275 , 260.365 , 183.558 , 250.413 , 212.367 , 298.019 , 238.977 , 218.854 , 190.022 , 241.724 , 237.598 , 183.148 , 210.657 , 188.958 , 276.682 , 235.455 , 178.131 , 255.891 , 322.098 , 265.444 , 188.382 , 189.624 , 307.126 , 403.818 , 201.552 , 257.711 , 251.702 , 257.929 , 227.697 , 313.2 , 183.509 , 260.016 , 257.907 , 261.581 , 181.12 , 160.995 , 262.809 , 227.828 , 249.649 , 229.569 , 252.428 , 208.963 , 255.871 , 188.822 , 264.788 , 245.072 , 257.943 , 249.679 , 283.091 , 248.757 , 256.515 , 212.472 , 253.954 , 187.685 , 176.022 , 293.532 , 224.616 , 263.339 , 190.862 , 162.929 , 224.83 , 266.278 , 171.676 , 218.047 , 192.248 , 350.821 , 281.033 , 243.18 , 212.75 , 184.783 , 240.528 , 242.269 , 356.267 , 169.997 , 302.12 , 253.867 , 228.586 , 199.209 , 230.991 , 214.094 , 232.909 , 179.379 , 196.101 , 168.895 , 239.625 , 190.015 , 228.58 , 249.85 , 246.256 , 227.572 , 187.897 , 239.867 , 217.865 , 256.851 , 246.349 , 277.509 , 257.657 , 216.495 , 235.491 , 180.246 , 322.113 , 246.903 , 241.193 , 286.48 , 196.796 , 231.873 , 186.766 , 196.304 , 279.429 , 222.442 , 210.666 , 182.444 , 238.753 , 205.394 , 162.98 , 163.634 , 293.677 , 229.332 , 195.833 , 189.986 , 187.427 , 191.501 , 178.727 , 187.349 , 211.719 , 251.46 , 191.324 , 221.064 , 215.161 , 168.687 , 243.857 , 307.499 , 199.248 , 196.314 , 270.618 , 177.154 , 309.52 , 192.35 , 225.78 , 242.113 , 279.896 , 234.571 , 245.517 , 279.86 , 213.186 , 320.887 , 302.06 , 168.502 , 177.063 , 316.997 , 231.865 , 254.882 , 191.612 , 283.415 , 277.509 , 187.503 , 275.047 , 325.451 , 267.86 , 204.012 , 213.009 , 261.247 , 197.941 , 178.216 , 255.96 , 255.109 , 254.195 , 300.604 , 259.817 , 268.532 , 181.704 , 277.654 , 200.864 , 216.141 , 234.682 , 232.752 , 242.902 , 159.845 , 212.096 , 203.19 , 256.879 , 319.054 , 200.491 , 307.326 , 357.381 , 224.061 , 278.282 , 167.595 , 198.646 , 266.944 , 244.473 , 244.123 , 243.038 , 207.38 , 231.933 , 225.16 , 192.744 , 241.677 , 201.479 , 264.9 , 324.768 , 194.648 , 181.132 , 248.038 , 265.382 , 197.85 , 258.006 , 256.705 , 245.161 , 245.581 , 200.195 , 281.984 , 210.512 , 217.513 , 271.564 , 258.024 , 271.444 , 271.915 , 198.339 , 256.296 , 229.385 , 250.336 , 215.305 , 234.769 , 180.662 , 188.307 , 315.556 , 204.845 , 164.057 , 202.932 , 236.316 , 153.659 , 295.988 , 239.222 , 225.937 , 215.828 , 250.134 , 280.534 , 294.009 , 290.835 , 249.047 , 338.849 , 168.099 , 273.513 , 225.561 , 263.619 , 226.104 , 261.93 , 299.768 , 213.655 , 254.478 , 213.628 , 206.603 , 158.664 , 157.989 , 233.769 , 194.951 , 196.304 , 243.859 , 245.645 , 281.478 , 266.756 , 292.372 , 211.767 , 240.729 , 202.837 , 174.118 , 146.241 , 227.34 , 211.037 , 212.135 , 316.401 , 191.749 , 188.96 , 312.028 , 233.462 , 302.602 , 296.286 , 203.791 , 318.361 , 230.527 , 233.028 , 255.789 , 300.906 , 235.034 , 243.154 , 207.937 , 213.916 , 269.521 , 216.57 , 315.702 , 187.86 , 209.234 , 179.889 , 269.768 , 226.609 , 258.748 , 255.979 , 282.047 , 224.474 , 272.024 , 358.002 , 202.942 , 159.427 , 250.82 , 194.782 , 174.165 , 257.472 , 218.969 , 176.447 , 386.982 , 187.809 , 219.389 , 236.9 , 276.28 , 262.733 , 296.153 , 203.413 , 168.344 , 141.22 , 196.833 , 167.493 , 303.41 , 301.9 , 275.279 , 203.488 , 219.141 , 264.232 , 211.884 , 296.045 , 251.085 , 211.021 , 164.091 , 214.299 , 270.779 , 171.866 , 