avg1=[273.539 , 173.328 , 221.745 , 203.551 , 300.504 , 248.806 , 207.336 , 275.347 , 223.498 , 345.305 , 276.605 , 279.222 , 185.216 , 190.588 , 282.2 , 206.165 , 293.087 , 258.62 , 206.505 , 152.367 , 199.63 , 261.698 , 208.716 , 151.891 , 247.869 , 290.316 , 243.048 , 157.536 , 278.514 , 150.65 , 345.585 , 204.982 , 300.162 , 241.972 , 203.237 , 187.081 , 240.724 , 243.879 , 146.973 , 237.511 , 235.817 , 168.524 , 195.96 , 192.856 , 242.263 , 248.848 , 166.468 , 179.566 , 234.525 , 221.066 , 249.108 , 179.601 , 241.818 , 213.504 , 223.059 , 336.395 , 185.403 , 193.294 , 240.312 , 226.892 , 197.625 , 203.828 , 150.726 , 310.827 , 231.45 , 212.57 , 164.548 , 248.16 , 256.484 , 266.338 , 306.071 , 262.273 , 208.747 , 233.856 , 195.327 , 182.707 , 262.975 , 255.521 , 250.678 , 252.544 , 269.902 , 271.419 , 273.807 , 352.119 , 235.074 , 195.712 , 191.335 , 155.165 , 252.121 , 205.708 , 218.42 , 192.041 , 150.405 , 257.561 , 171.86 , 211.851 , 219.926 , 210.136 , 313.73 , 171.236 , 172.646 , 296.386 , 305.753 , 228.106 , 196.632 , 280.808 , 344.63 , 207.635 , 249.097 , 270.484 , 143.782 , 314.697 , 167.405 , 202.235 , 208.127 , 318.942 , 198.53 , 208.232 , 236.374 , 198.699 , 241.921 , 244.817 , 291.842 , 272.039 , 201.793 , 221.52 , 255.715 , 195.556 , 209.116 , 252.917 , 222.326 , 123.966 , 290.12 , 239.889 , 326.111 , 310.34 , 276.62 , 241.693 , 247.021 , 254.651 , 314.045 , 156.447 , 270.719 , 367.003 , 420.674 , 285.851 , 181.953 , 321.994 , 435.925 , 211.284 , 273.596 , 234.269 , 212.196 , 248.282 , 193.84 , 163.742 , 490.696 , 216.668 , 274.747 , 188.433 , 263.232 , 305.851 , 269.606 , 190.118 , 219.505 , 230.131 , 235.983 , 338.113 , 247.209 , 249.691 , 249.341 , 268.045 , 209.026 , 227.775 , 252.604 , 333.523 , 279.13 , 347.083 , 231.269 , 290.68 , 189.724 , 235.053 , 169.518 , 156.967 , 196.455 , 253.184 , 281.866 , 253.698 , 222.315 , 208.3 , 231.147 , 246.957 , 220.649 , 313.406 , 182.848 , 282.57 , 346.725 , 193.084 , 328.593 , 220.662 , 194.164 , 249.153 , 220.442 , 178.207 , 346.649 , 248.2 , 275.122 , 272.537 , 222.629 , 269.973 , 264.362 , 181.957 , 326.308 , 223.774 , 311.387 , 217.431 , 352.26 , 231.042 , 197.992 , 291.908 , 170.988 , 238.232 , 231.594 , 236.848 , 208.009 , 215.931 , 173.369 , 238.136 , 282.261 , 205.412 , 203.47 , 267.461 , 270.024 , 314.154 , 217.458 , 135.086 , 208.467 , 264.306 , 220.651 , 233.068 , 308.264 , 267.615 , 367.203 , 232.483 , 234.213 , 292.525 , 223.075 , 216.425 , 185.604 , 398.933 , 160.556 , 167.84 , 207.055 , 175.482 , 190.213 , 288.802 , 274.491 , 176.683 , 334.026 , 238.25 , 313.912 , 192.154 , 218.301 , 153.377 , 207.466 , 193.817 , 213.994 , 209.835 , 240.781 , 228.716 , 220.767 , 248.41 , 276.802 , 213.569 , 282.595 , 276.398 , 191.404 , 187.938 , 220.985 , 238.927 , 208.299 , 271.673 , 347.359 , 256.419 , 281.543 , 206.231 , 265.437 , 245.83 , 252.161 , 195.312 , 153.541 , 263.041 , 266.733 , 264.522 , 190.076 , 273.105 , 370.557 , 208.789 , 185.075 , 267.034 , 207.903 , 197.87 , 184.958 , 182.156 , 199.189 , 141.785 , 325.649 , 222.352 , 216.938 , 211.593 , 180.555 , 288.752 , 210.419 , 236.332 , 182.635 , 178.656 , 262.536 , 191.707 , 266.185 , 186.512 , 181.831 , 342.369 , 246.411 , 260.526 , 360.766 , 189.882 , 210.799 , 202.826 , 187.981 , 197.87 , 325.751 , 125.925 , 262.744 , 159.801 , 285.015 , 176.143 , 278.392 , 133.489 , 216.424 , 191.385 , 257.086 , 214.387 , 235.306 , 230.689 , 209.876 , 233.044 , 223.396 , 294.439 , 255.819 , 311.907 , 227.133 , 222.996 , 324.007 , 234.144 , 193.509 , 279.797 , 158.1 , 200.17 , 300.666 , 220.781 , 254.832 , 347.384 , 233.013 , 227.164 , 252.861 , 304.453 , 267.444 , 238.729 , 294.036 , 220.267 , 246.313 , 224.296 , 340.302 , 133.622 , 225.981 , 226.501 , 218.846 , 192.295 , 225.341 , 295.206 , 185.41 , 209.754 , 170.543 , 180.453 , 280.625 , 151.436 , 197.752 , 254.511 , 219.309 , 310.265 , 266.541 , 284.52 , 290.122 , 232.93 , 255.375 , 242.881 , 294.476 , 159.384 , 276.353 , 282.018 , 210.381 , 262.083 , 285.653 , 168.5 , 249.13 , 236.357 , 270.759 , 186.592 , 176.94 , 269.455 , 270.28 , 252.985 , 187.973 , 314.48 , 217.329 , 239.988 , 223.35 , 261.42 , 287.512 , 252.071 , 228.137 , 243.178 , 276.825 , 218.321 , 204.456 , 345.549 , 217.23 , 243.012 , 209.783 , 198.613 , 201.71 , 262.325 , 246.382 , 242.083 , 188.414 , 295.808 , 243.249 , 318.674 , 205.921 , 192.724 , 148.884 , 183.744 , 272.406 , 219.742 , 263.545 , 201.832 , 279.698 , 188.006 , 204.753 , 213.895 , 179.595 , 222.828 , 268.663 , 173.084 , 250.888 , 199.81 , 285.355 , 211.257 , 336.648 , 275.296 , 209.466 , 238.969 , 194.321 , 177.318 , 211.235 , 246.365 , 273.71 , 174.51 , 285.16 , 233.474 , 298.817 , 164.969 , 303.092 , 216.296 , 290.591 , 238.609 , 240.571 , 256.559 , 228.165 , 178.201 , 258.487 , 192.139 , 213.984 , 225.465 , 169.19 , 195.388 , 185.435 , 190.617 , 193.349 , 386.282 , 212.494 , 226.407 , 285.258 , 254.544 , 328.137 , 195.642 , 158.051 , 186.13 , 226.919 , 281.963 , 206.699 , 168.702 , 239.988 , 272.187 , 212.95 , 168.383 , 219.355 , 317.78 , 191.652 , 356.757 , 161.999 , 260.569 , 257.056 , 366.937 , 298.024 , 167.733 , 197.454 , 201.276 , 197.922 , 251.97 , 240.611 , 196.327 , 214.859 , 223.279 , 195.434 , 204.197 , 235.971 , 228.068 , 269.819 , 195.239 , 260.255 , 234.362 , 224.18 , 294.758 , 301.249 , 165.492 , 232.593 , 214.549 , 182.234 , 185.153 , 239.969 , 337.696 , 218.686 , 172.808 , 307.409 , 227.116 , 113.216 , 244.484 , 183.075 , 188.257 , 214.014 , 213.856 , 203.155 , 200.977 , 256.751 , 210.274 , 217.106 , 279.326 , 219.566 , 305.334 , 242.621 , 240.223 , 194.574 , 207.978 , 252.535 , 263.009 , 270.269 , 226.649 , 215.501 , 281.488 , 242.692 , 266.257 , 197.143 , 232.547 , 181.806 , 227.504 , 182.844 , 163.402 , 281.47 , 350.249 , 295.292 , 157.634 , 282.882 , 136.226 , 306.831 , 190.978 , 163.519 , 188.562 , 308.687 , 248.017 , 194.868 , 255.288 , 211.265 , 223.508 , 188.125 , 273.469 , 213.489 , 202.972 , 188.257 , 227.492 , 225.035 , 221.068 , 334.688 , 202.67 , 279.105 , 262.7 , 253.799 , 189.997 , 166.02 , 326.695 , 307.868 , 294.087 , 296.314 , 215.814 , 201.662 , 209.127 , 242.723 , 159.471 , 208.805 , 165.164 , 297.918 , 237.516 , 224.141 , 216.129 , 157.834 , 157.162 , 198.719 , 216.16 , 153.149 , 258.54 , 268.656 , 229.994 , 246.15 , 165.184 , 250.323 , 186.22 , 307.625 , 318.953 , 193.343 , 173.54 , 248.509 , 154.944 , 235.263 , 172.94 , 244.115 , 198.556 , 209.798 , 169.703 , 201.965 , 239.007 , 169.886 , 215.413 , 239.462 , 174.351 , 192.163 , 399.619 , 330.243 , 236.755 , 180.721 , 194.078 , 341.562 , 260.447 , 230.01 , 227.44 , 188.003 , 184.695 , 221.805 , 249.731 , 284.855 , 188.185 , 324.006 , 280.354 , 232.335 , 261.803 , 213.138 , 213.763 , 244.682 , 223.329 , 329.365 , 261.875 , 223.813 , 249.238 , 280.837 , 261.874 , 256.208 , 335.704 , 311.2 , 233.983 , 238.124 , 234.099 , 205.269 , 234.418 , 289.186 , 299.202 , 206.399 , 205.599 , 205.374 , 288.319 , 205.762 , 298.691 , 129.873 , 287.269 , 188.93 , 173.459 , 181.771 , 250.74 , 172.208 , 182.327 , 162.044 , 267.671 , 212.919 , 218.424 , 227.772 , 203.274 , 289.83 , 286.843 , 186.045 , 197.749 , 336.371 , 220.061 , 180.025 , 261.983 , 207.457 , 378.89 , 195.273 , 244.599 , 224.728 , 221.189 , 329.639 , 261.355 , 282.157 , 248.003 , 183.769 , 224.816 , 183.675 , 201.702 , 168.419 , 237.303 , 225.621 , 217.611 , 257.926 , 245.248 , 206.265 , 214.198 , 222.745 , 190.841 , 171.193 , 177.118 , 220.959 , 234.056 , 306.737 , 287.315 , 130.83 , 302.648 , 263.706 , 248.286 , 259.623 , 324.303 , 316.215 , 272.911 , 225.907 , 254.531 , 237.044 , 193.135 , 206.611 , 291.364 , 309.186 , 253.458 , 369.535 , 220.076 , 243.519 , 246.969 , 343.325 , 240.791 , 248.541 , 288.972 , 184.222 , 203.6 , 253.233 , 232.792 , 201.482 , 299.488 , 178.581 , 227.595 , 197.81 , 237.508 , 220.485 , 245.65 , 239.117 , 323.783 , 295.863 , 172.621 , 140.214 , 164.714 , 263.602 , 221.645 , 302.019 , 225.848 , 240.866 , 225.281 , 309.177 , 244.173 , 153.686 , 297.186 , 203.371 , 244.053 , 203.736 , 252.925 