avg1=[226.787 , 217.636 , 213.044 , 165.59 , 321.858 , 255.439 , 302.721 , 144.876 , 182.63 , 270.943 , 242.441 , 226.118 , 216.329 , 236.472 , 223.308 , 313.887 , 155.16 , 280.832 , 175.085 , 219.519 , 328.187 , 161.906 , 242.348 , 268.501 , 272.975 , 258.732 , 290.07 , 181.792 , 264.642 , 215.453 , 207.082 , 199.337 , 408.567 , 242.915 , 193.611 , 263.322 , 146.028 , 203.489 , 172.997 , 292.007 , 306.718 , 209.799 , 308.846 , 190.556 , 329.07 , 164.277 , 206.191 , 238.892 , 266.252 , 195.383 , 216.846 , 179.508 , 162.797 , 208.456 , 229.356 , 265.425 , 241.198 , 245.687 , 237.648 , 199.625 , 192.308 , 341.794 , 262.066 , 170.778 , 310.069 , 170.152 , 435.072 , 276.601 , 271.24 , 206.454 , 275.85 , 203.588 , 308.788 , 228.037 , 190.063 , 157.933 , 184.022 , 204.706 , 257.443 , 280.641 , 328.744 , 349.536 , 231.468 , 322.151 , 170.509 , 258.304 , 173.955 , 273.738 , 234.86 , 177.738 , 201.592 , 229.346 , 257.624 , 179.608 , 246.303 , 257.339 , 200.766 , 336.264 , 338.445 , 222.522 , 185.815 , 202.082 , 272.067 , 282.558 , 447.748 , 272.224 , 207.472 , 203.426 , 139.48 , 302.929 , 319.823 , 253.479 , 293.976 , 210.29 , 309.283 , 249.582 , 220.516 , 238.012 , 184.41 , 215.281 , 273.36 , 194.963 , 312.378 , 224.822 , 252.98 , 281.739 , 242.94 , 198.879 , 261.125 , 200.748 , 169.218 , 262.056 , 187.188 , 192.548 , 348.313 , 235.448 , 208.565 , 203.49 , 171.313 , 234.221 , 247.2 , 234.875 , 224.768 , 212.19 , 222.147 , 214.624 , 314.652 , 269.887 , 276.76 , 253.367 , 308.804 , 236.437 , 252.677 , 241.714 , 178.938 , 167.478 , 292.699 , 232.875 , 235.656 , 198.198 , 205.694 , 262.976 , 148.445 , 265.587 , 134.861 , 250.29 , 259.214 , 187.872 , 259.54 , 197.262 , 140.354 , 233.545 , 296.453 , 342.071 , 254.795 , 284.78 , 209.4 , 236.963 , 266.479 , 280.741 , 312.893 , 170.849 , 190.355 , 218.76 , 236.105 , 334.012 , 262.398 , 274.941 , 174.544 , 252.185 , 256.949 , 310.742 , 198.101 , 232.615 , 198.369 , 195.105 , 182.61 , 236.063 , 217.968 , 276.14 , 135.995 , 248.606 , 180.421 , 159.443 , 221.662 , 181.508 , 161.816 , 301.188 , 251.509 , 325.831 , 253.608 , 207.058 , 283.424 , 201.357 , 173.065 , 247.843 , 182.742 , 229.66 , 214.969 , 147.893 , 290.16 , 230.573 , 256.521 , 174.368 , 274.703 , 304.447 , 129.088 , 224.601 , 224.443 , 227.641 , 193.086 , 250.67 , 148.94 , 263.202 , 260.292 , 194.915 , 217.177 , 249.753 , 217.973 , 237.84 , 363.954 , 218.164 , 236.516 , 256.624 , 276.695 , 215.822 , 162.127 , 192.068 , 289.432 , 341.896 , 166.208 , 352.042 , 243.797 , 241.336 , 175.88 , 223.74 , 365.408 , 237.978 , 213.374 , 176.947 , 231.324 , 290.55 , 257.941 , 143.824 , 227.264 , 300.548 , 234.384 , 253.347 , 231.512 , 204.488 , 192.82 , 205.26 , 251.385 , 192.269 , 287.263 , 242.815 , 293.013 , 219.597 , 251.696 , 257.42 , 264.164 , 175.615 , 280.519 , 231.245 , 268.108 , 341.896 , 258.984 , 223.763 , 147.96 , 408.229 , 249.003 , 224.413 , 194.657 , 238.58 , 165.798 , 237.989 , 152.676 , 205.683 , 169.951 , 230.894 , 237.273 , 252.066 , 226.805 , 215.855 , 203.803 , 122.997 , 285.361 , 258.312 , 232.069 , 192.749 , 307.301 , 211.726 , 266.521 , 254.172 , 232.942 , 261.153 , 178.471 , 230.207 , 252.608 , 302.084 , 228.881 , 270.977 , 205.893 , 206.991 , 188.723 , 299.855 , 351.629 , 206.965 , 171.029 , 257.191 , 242.986 , 258.12 , 233.271 , 180.145 , 165.401 , 153.415 , 321.018 , 260.994 , 238.585 , 294.561 , 179.16 , 228.512 , 261.871 , 251.389 , 196.88 , 175.538 , 299.296 , 221.665 , 200.425 , 232.035 , 245.702 , 265.032 , 196.617 , 209.887 , 217.463 , 208.952 , 141.405 , 235.574 , 265.976 , 240.26 , 155.71 , 200.953 , 220.308 , 187.389 , 233.387 , 220.318 , 290.584 , 226.166 , 195.47 , 247.478 , 211.196 , 217.094 , 259.118 , 247.566 , 191.353 , 316.962 , 161.621 , 197.905 , 179.851 , 299.19 , 184.542 , 214.672 , 190.937 , 185.12 , 249.336 , 197.814 , 258.506 , 203.628 , 218.775 , 227.181 , 244.608 , 277.379 , 224.714 , 196.046 , 139.383 , 149.597 , 417.974 , 167.272 , 268.56 , 235.325 , 228.291 , 376.168 , 223.092 , 228.555 , 151.13 , 209.213 , 292.178 , 241.815 , 150.847 , 266.129 , 297.466 , 146.436 , 171.154 , 271.667 , 235.793 , 157.535 , 262.414 , 207.267 , 360.061 , 228.001 , 208.547 , 393.454 , 284.731 , 203.556 , 216.103 , 221.36 , 140.173 , 225.874 , 138.896 , 140.418 , 185.636 , 297.576 , 214.319 , 260.914 , 236.177 , 250.156 , 311.035 , 284.974 , 301.245 , 363.474 , 174.411 , 212.004 , 241.964 , 225.299 , 210.226 , 204.72 , 212.487 , 210.316 , 119.53 , 274.047 , 207.915 , 227.409 , 289.06 , 174.099 , 280.076 , 256.624 , 359.028 , 164.152 , 248.436 , 179.384 , 167.856 , 196.58 , 293.164 , 268.442 , 141.336 , 259.853 , 274.715 , 176.497 , 229.506 , 366.791 , 222.393 , 157.59 , 227.361 , 284.789 , 269.023 , 151.689 , 263.482 , 162.565 , 247.374 , 226.139 , 190.219 , 261.349 , 253.251 , 278.157 , 281.299 , 179.063 , 185.05 , 192.951 , 221.484 , 315.324 , 264.986 , 229.13 , 264.329 , 282.012 , 188.388 , 183.197 , 226.384 , 199.571 , 223.448 , 195.534 , 294.992 , 242.599 , 224.281 , 178.943 , 224.068 , 157.025 , 182.075 , 266.253 , 202.978 , 242.836 , 189.225 , 285.046 , 323.812 , 259.866 , 202.169 , 196.772 , 385.759 , 248.295 , 175.479 , 261.58 , 183.635 , 200.594 , 218.242 , 257.187 , 242.453 , 204.909 , 205.093 , 212.496 , 220.164 , 180.416 , 339.615 , 411.29 , 259.121 , 236.618 , 182.097 , 241.308 , 288.318 , 228.916 , 334.44 , 229.921 , 203.124 , 139.011 , 270.923 , 198.822 , 146.007 , 239.435 , 232.914 , 220.787 , 274.216 , 187.742 , 187.294 , 256.459 , 209.163 , 201.178 , 232.251 , 267.967 , 292.799 , 353.443 , 326.81 , 141.603 , 244.988 , 336.726 , 221.266 , 139.734 , 274.226 , 235.923 , 272.514 , 204.045 , 182.541 , 200.726 , 214.822 , 355.334 , 181.76 , 198.147 , 276.426 , 192.213 , 255.696 , 314.74 , 258.934 , 237.566 , 252.779 , 282.296 , 265.471 , 167.079 , 202.179 , 241.736 , 224.69 , 154.46 , 164.006 , 175.785 , 271.186 , 301.784 , 196.861 , 205.113 , 136.992 , 252.592 , 210.964 , 206.291 , 193.236 , 237.205 , 211.047 , 285.043 , 281.158 , 180.644 , 306.873 , 234.637 , 197.51 , 214.628 , 239.627 , 250.257 , 269.154 , 121.288 , 192.808 , 199.081 , 267.27 , 235.388 , 182.686 , 225.185 , 162.582 , 136.555 , 357.253 , 236.696 , 282.294 , 213.935 , 233.369 , 247.96 , 303.857 , 179.584 , 231.911 , 312.91 , 215.524 , 265.562 , 175.75 , 213.813 , 346.671 , 193.599 , 287.848 , 293.726 , 293.001 , 244.429 , 427.045 , 194.109 , 185.029 , 321.351 , 450.027 , 128.575 , 226.179 , 229.463 , 299.443 , 256.072 , 286.582 , 215.052 , 185.091 , 216.215 , 182.095 , 250.704 , 188.454 , 230.443 , 154.958 , 181.503 , 160.125 , 305.078 , 290.057 , 216.142 , 287.459 , 201.556 , 331.8 , 157.482 , 225.549 , 180.829 , 201.736 , 151.597 , 234.906 , 309.09 , 314.812 , 261.064 , 272.504 , 229.614 , 225.662 , 210.411 , 141.283 , 267.869 , 258.716 , 265.612 , 272.07 , 253.323 , 195.77 , 247.915 , 241.341 , 153.603 , 269.585 , 169.276 , 196.429 , 332.085 , 180.7 , 148.852 , 183.841 , 264.826 , 199.861 , 214.404 , 200.409 , 237.771 , 214.988 , 237.311 , 171.337 , 316.743 , 240.929 , 194.182 , 207.924 , 226.503 , 291.61 , 244.054 , 198.12 , 210.815 , 223.663 , 275.179 , 262.415 , 286.485 , 212.157 , 384.603 , 214.984 , 269.587 , 153.024 , 153.606 , 181.897 , 214.698 , 357.084 , 186.635 , 223.228 , 194.59 , 261.493 , 219.28 , 252.349 , 167.921 , 232.026 , 211.371 , 253.044 , 252.141 , 255.27 , 364.032 , 251.359 , 249.606 , 253.415 , 241.405 , 167.817 , 220.808 , 208.417 , 194.06 , 195.485 , 192.393 , 204.481 , 298.011 , 332.736 , 246.539 , 222.338 , 199.382 , 222.317 , 210.582 , 357.853 , 174.287 , 214.359 , 234.368 , 279.402 , 277.757 , 183.678 , 258.722 , 229.23 , 201.694 , 207.042 , 184.026 , 297.588 , 281.086 , 272.072 , 197.299 , 241.841 , 280.452 , 255.991 , 129.658 , 230.294 , 282.992 , 189.952 , 244.306 , 159.411 , 275.186 , 337.975 , 258.855 , 241.983 , 233.079 , 127.455 , 173.394 , 219.557 , 280.868 , 114.165 , 196.811 , 214.332 , 240.176 , 165.933 , 214.6 , 298.498 , 280.263 , 265.252 , 271.404 , 278.983 , 249.719 , 283.636 , 215.78 , 160.226 , 270.682 , 