avg1=[294.493 , 178.709 , 271.77 , 214.378 , 306.777 , 125.982 , 208.68 , 223.078 , 228.692 , 239.967 , 224.976 , 270.443 , 258.154 , 264.815 , 232.809 , 213.073 , 209.66 , 220.209 , 157.47 , 165.052 , 314.858 , 184.381 , 190.313 , 226.699 , 269.76 , 253.159 , 232.009 , 308.686 , 298.175 , 145.861 , 221.544 , 292.131 , 239.063 , 193.578 , 214.43 , 243.056 , 261.599 , 239.22 , 282.606 , 269.293 , 226.513 , 194.696 , 276.16 , 215.792 , 190.572 , 241.772 , 234.753 , 237.965 , 220.411 , 240.527 , 221.219 , 169.898 , 170.27 , 164.455 , 244.448 , 219.324 , 351.484 , 235.795 , 201.106 , 218.773 , 330.73 , 189.4 , 183.373 , 213.329 , 230.632 , 171.224 , 219.545 , 229.806 , 170.756 , 267.48 , 207.122 , 216.265 , 269.256 , 259.847 , 251.478 , 232.403 , 297.855 , 309.599 , 245.752 , 205.97 , 282.7 , 290.358 , 184.371 , 248.367 , 254.643 , 241.874 , 154.448 , 258.871 , 405.512 , 184.975 , 197.171 , 239.369 , 209.134 , 272.264 , 208.929 , 221.489 , 206.015 , 313.766 , 169.431 , 281.837 , 156.073 , 236.534 , 242.673 , 319.8 , 201.501 , 244.011 , 284.65 , 212.337 , 178.215 , 258.392 , 182.428 , 268.204 , 182.159 , 244.341 , 208.793 , 225.259 , 156.811 , 176.612 , 186.574 , 213.349 , 280.229 , 351.272 , 208.879 , 281.876 , 240.276 , 216.055 , 260.234 , 227.082 , 265.163 , 232.947 , 243.99 , 174.917 , 255.275 , 194.455 , 188.827 , 296.84 , 187.152 , 182.093 , 254.192 , 214.749 , 194.608 , 201.631 , 231.089 , 220.487 , 230.097 , 202.332 , 193.442 , 219.79 , 218.527 , 243.83 , 299.57 , 254.228 , 252.828 , 229.807 , 201.342 , 187.515 , 355.618 , 235.083 , 294.721 , 170.738 , 176.095 , 252.618 , 172.674 , 179.992 , 219.204 , 246.663 , 253.098 , 269.61 , 234.102 , 224.122 , 171.61 , 297.77 , 224.105 , 233.672 , 263.092 , 206.107 , 282.925 , 288.521 , 154.28 , 281.259 , 223.87 , 260.778 , 173.459 , 260.569 , 215.782 , 233.802 , 210.858 , 214.366 , 241.797 , 272.799 , 284.515 , 232.54 , 238.549 , 266.232 , 146.071 , 286.713 , 264.674 , 193.207 , 228.483 , 369.312 , 226.763 , 154.649 , 275.998 , 160.686 , 250.541 , 198.228 , 187.3 , 243.519 , 299.675 , 193.692 , 201.754 , 186.829 , 297.891 , 212.092 , 310.574 , 244.063 , 218.231 , 252.339 , 239.783 , 203.458 , 253.247 , 214.105 , 184.733 , 234.05 , 177.85 , 243.763 , 255.538 , 230.964 , 197.963 , 261.09 , 244.882 , 231.208 , 183.999 , 254.646 , 290.46 , 180.982 , 208.602 , 277.331 , 231.441 , 209.75 , 248.943 , 201.121 , 228.929 , 260.07 , 182.893 , 225.363 , 220.313 , 258.943 , 214.721 , 261.282 , 224.713 , 211.967 , 190.159 , 248.22 , 222.816 , 227.966 , 256.157 , 212.412 , 210.01 , 261.306 , 309.552 , 259.03 , 235.028 , 136.121 , 211.336 , 278.161 , 255.104 , 168.464 , 281.814 , 226.661 , 285.633 , 192.315 , 228.752 , 233.836 , 216.029 , 197.176 , 285.302 , 195.952 , 279.803 , 175.778 , 233.051 , 199.544 , 257.41 , 211.626 , 277.165 , 170.883 , 216.897 , 210.238 , 300.563 , 283.495 , 240.653 , 226.019 , 269.116 , 230.849 , 284.807 , 177.499 , 240.439 , 208.366 , 306.583 , 188.514 , 321.246 , 220.313 , 215.524 , 179.808 , 282.423 , 263.477 , 251.498 , 169.13 , 227.54 , 283.186 , 270.162 , 288.788 , 205.894 , 274.835 , 239.295 , 191.372 , 174.941 , 200.255 , 217.395 , 287.088 , 191.715 , 253.728 , 336.96 , 278.42 , 287.656 , 293.123 , 244.667 , 261.536 , 246.632 , 148.759 , 244.633 , 190.712 , 184.965 , 180.858 , 268.948 , 173.461 , 218.076 , 203.236 , 287.798 , 191.703 , 265.626 , 243.277 , 181.396 , 314.288 , 221.615 , 214.255 , 266.855 , 295.003 , 236.839 , 305.358 , 307.423 , 227.111 , 244.707 , 242.761 , 221.861 , 336.035 , 253.331 , 188.029 , 207.504 , 242.956 , 191.472 , 252.853 , 314.205 , 256.494 , 277.901 , 181.042 , 307.967 , 191.008 , 256.45 , 189.951 , 184.026 , 176.61 , 265.522 , 213.724 , 200.211 , 192.788 , 235.959 , 187.906 , 264.525 , 276.451 , 236.152 , 243.441 , 225.969 , 246.73 , 224.912 , 174 , 195.916 , 225.794 , 249.097 , 280.981 , 174.758 , 263.713 , 308.529 , 188.589 , 317.012 , 205.799 , 220.004 , 163.464 , 303.69 , 161.528 , 295.472 , 224.448 , 160.257 , 225.9 , 240.6 , 228.431 , 193.27 , 296.012 , 204.903 , 402.222 , 324.975 , 183.242 , 176.898 , 217.63 , 290.654 , 193.032 , 235.492 , 243.638 , 338.331 , 202.778 , 172.127 , 167.777 , 161.819 , 282.245 , 301.419 , 273.841 , 281.399 , 227.962 , 188.139 , 254.411 , 391.575 , 227.272 , 260.889 , 299.611 , 154.888 , 270.935 , 295.074 , 199.717 , 245.265 , 256.345 , 191.288 , 163.419 , 246.082 , 200.734 , 224.672 , 283.92 , 265.456 , 184.386 , 187.966 , 174.637 , 184.156 , 335.097 , 319.252 , 177.906 , 229.501 , 271.369 , 218.403 , 217.7 , 232.047 , 233.006 , 211.376 , 193.427 , 218.022 , 236.944 , 246.373 , 276.247 , 178.097 , 207.379 , 239.596 , 282.54 , 233.983 , 234.895 , 280.703 , 262.92 , 252.584 , 185.666 , 230.991 , 230.926 , 213.094 , 216.191 , 288.295 , 258.992 , 232.527 , 168.945 , 152.394 , 237.068 , 302.173 , 280.439 , 206.176 , 238.176 , 138.846 , 204.421 , 235.731 , 216.272 , 319.038 , 253.244 , 219.084 , 148.728 , 246.951 , 317.508 , 209.378 , 278.974 , 251.516 , 219.375 , 265.075 , 156.48 , 200.045 , 293.386 , 165.498 , 275.063 , 230.114 , 264.96 , 285.647 , 205.2 , 289.146 , 252.123 , 261.347 , 385.857 , 166.56 , 264.566 , 163.153 , 284.846 , 275.412 , 240.597 , 225.017 , 191.402 , 260.683 , 249.293 , 197.327 , 174.811 , 238.763 , 205.307 , 180.37 , 249.433 , 241.999 , 172.359 , 276.645 , 239.784 , 214.465 , 206.948 , 219.621 , 238.346 , 297.766 , 220.241 , 216.226 , 285.927 , 168.135 , 231.046 , 230.004 , 233.978 , 206.792 , 214.529 , 224.121 , 245.606 , 217.913 , 230.193 , 288.868 , 161.991 , 166.115 , 244.755 , 224.402 , 220.723 , 241.449 , 209.97 , 173.626 , 218.796 , 212.534 , 196.076 , 245.512 , 192.184 , 224.981 , 260.686 , 230.269 , 287.995 , 190.824 , 275.897 , 209.655 , 259.519 , 213.847 , 170.054 , 264.941 , 220.99 , 239.604 , 156.323 , 284.472 , 198.006 , 222.141 , 273.291 , 197.38 , 249.314 , 286.092 , 284.473 , 192.461 , 276.871 , 216.015 , 221.527 , 215.321 , 189.102 , 207.059 , 239.662 , 271.558 , 239.556 , 331.748 , 223.512 , 226.216 , 316.656 , 244.806 , 231.687 , 280.906 , 236.334 , 194.105 , 190.238 , 175.348 , 205.206 , 208.45 , 287.19 , 254.762 , 281.078 , 197.394 , 209.45 , 304.293 , 271.681 , 274.559 , 216.819 , 275.269 , 172.655 , 248.536 , 172.175 , 350.399 , 257.224 , 213.648 , 183.82 , 226.697 , 141.28 , 307.773 , 221.744 , 256.577 , 226.39 , 237.633 , 298.878 , 336.609 , 232.318 , 258.506 , 273.081 , 235.814 , 190.488 , 254.359 , 213.024 , 297.472 , 235.936 , 217.392 , 166.369 , 249.288 , 212.113 , 184.073 , 247.011 , 300.335 , 244.079 , 233.637 , 267.783 , 221.303 , 181.369 , 278.581 , 185.763 , 250.45 , 231.589 , 140.289 , 204.042 , 287.338 , 150.5 , 254.144 , 256.062 , 213.472 , 223.402 , 268.755 , 197.667 , 248.476 , 209.505 , 286.721 , 231.22 , 224.126 , 153.219 , 229.807 , 274.388 , 289.581 , 239.954 , 214.675 , 276.336 , 297.334 , 216.137 , 313.825 , 185.131 , 194.916 , 208.301 , 224.894 , 200.729 , 242.749 , 209.909 , 174.153 , 178 , 213.189 , 218.278 , 257.313 , 191.676 , 157.16 , 231.327 , 234.714 , 182.992 , 192.088 , 197.831 , 274.916 , 376.929 , 167.094 , 178.297 , 234.373 , 208.991 , 197.988 , 233.974 , 278.251 , 228.508 , 213.985 , 268.548 , 167.214 , 258.748 , 206.215 , 191.387 , 215.767 , 179.329 , 232.344 , 232.871 , 291.169 , 275.04 , 270.196 , 194.872 , 175.912 , 228.358 , 252.782 , 232.892 , 372.937 , 202.626 , 199.531 , 187.313 , 301.801 , 223.067 , 256.34 , 274.308 , 244.519 , 191.144 , 255.98 , 201.124 , 170.202 , 221.092 , 227.504 , 201.99 , 257.295 , 218.227 , 236.159 , 273.079 , 221.639 , 214.124 , 226.028 , 308.285 , 214.061 , 243.035 , 192.177 , 320.366 , 228.475 , 342.675 , 313.866 , 180.945 , 224.375 , 301.932 , 254.909 , 164.541 , 231.729 , 188.068 , 202.076 , 131.83 , 212.687 , 278.122 , 255.404 , 240.097 , 220.191 , 207.85 , 228.122 , 203.201 , 291.27 , 225.487 , 182.386 , 202.79 , 231.455 , 235.116 , 178.332 , 265.601 , 313.062 , 265.89 , 221.808 , 260.846 , 241.385 , 261.118 , 289.035 , 259.94 , 214.256 , 225.199 , 238.721 , 295.181 , 232.486 , 268.158 , 169.008 , 