avg1=[210.571 , 335.293 , 263.607 , 251.062 , 161.001 , 261.027 , 147.571 , 143.147 , 223.208 , 234.176 , 233.732 , 246.389 , 210.822 , 251.449 , 312.675 , 128.812 , 236.906 , 192.291 , 267.005 , 230.301 , 227.541 , 211.41 , 337.464 , 293.077 , 246.902 , 442.385 , 279.899 , 188.163 , 186.358 , 196.494 , 170.881 , 244.892 , 247.426 , 299.786 , 214.592 , 297.353 , 176.883 , 245.329 , 190.241 , 251.459 , 291.545 , 179.117 , 253.524 , 149.835 , 130.17 , 151.452 , 318.598 , 286.28 , 238.714 , 204.806 , 203.414 , 239.907 , 268.946 , 184.069 , 240.692 , 108.7 , 272.975 , 341.967 , 161.174 , 140.983 , 360.583 , 223.162 , 196.304 , 220.326 , 404.309 , 242.173 , 174.974 , 235.46 , 253.142 , 238.722 , 276.43 , 251.065 , 383.326 , 351.811 , 302.43 , 279.403 , 194.634 , 236.559 , 242.446 , 164.695 , 306.234 , 294.448 , 231.705 , 197.183 , 183.672 , 229.892 , 145.482 , 160.801 , 249.097 , 190.912 , 169.609 , 214.619 , 428.523 , 326.908 , 477.955 , 190.595 , 168.587 , 238.109 , 251.315 , 384.105 , 287.02 , 307.12 , 204.988 , 205.334 , 204.105 , 342.844 , 170.932 , 164.536 , 225.532 , 183.42 , 199.034 , 272.615 , 199.065 , 223.732 , 174.875 , 324.605 , 301.898 , 163.76 , 217.389 , 267.1 , 176.897 , 254.492 , 200.737 , 284.515 , 237.97 , 247.782 , 260.188 , 157.198 , 243.062 , 359.016 , 194.249 , 196.21 , 196.477 , 300.174 , 244.87 , 218.261 , 269.131 , 192.041 , 251.501 , 188.747 , 277.978 , 278.128 , 259.453 , 383.756 , 394.545 , 136.531 , 252.673 , 185.696 , 176.801 , 202.766 , 123.744 , 218.262 , 272.01 , 225.341 , 145.447 , 254.943 , 324.352 , 230.645 , 423.705 , 206.508 , 153.343 , 214.333 , 176.104 , 261.815 , 154.895 , 205.141 , 252.851 , 297.841 , 237.497 , 183.764 , 204.623 , 215.876 , 244.52 , 139.877 , 193.625 , 172.8 , 192.319 , 209.031 , 235.107 , 221.486 , 299.166 , 233.909 , 268.346 , 251.74 , 268.461 , 172.704 , 214.699 , 194.754 , 242.894 , 221.195 , 257.446 , 280.631 , 166.898 , 267.316 , 270.936 , 241.799 , 243.928 , 308.799 , 223.741 , 216.065 , 167.247 , 198.114 , 203.391 , 184.666 , 278.509 , 265.906 , 214.672 , 159.367 , 269.814 , 198.534 , 190.968 , 136.406 , 275.013 , 190.955 , 253.867 , 248.202 , 213.129 , 227.385 , 235.999 , 184.06 , 164.489 , 308.102 , 180.541 , 173.445 , 201.096 , 235.009 , 290.723 , 151.437 , 158.226 , 147.131 , 191.543 , 236.467 , 209.283 , 168.073 , 220.667 , 159.923 , 296.715 , 171.91 , 248.783 , 193.496 , 337.727 , 228.087 , 253.826 , 217.779 , 162.165 , 241.098 , 207.287 , 282.827 , 146.087 , 424.107 , 291.22 , 368.589 , 274.417 , 273.444 , 271.521 , 167.516 , 365.209 , 223.226 , 165.445 , 427.087 , 297.269 , 223.583 , 222.59 , 292.093 , 156.033 , 196.285 , 157.052 , 159.989 , 229.107 , 218.028 , 144.788 , 284.743 , 362.608 , 226.852 , 274.6 , 193.272 , 155.933 , 208.038 , 328.06 , 195.426 , 155.391 , 252.078 , 181.137 , 138.807 , 182.535 , 145.112 , 235.882 , 210.854 , 228.194 , 205.915 , 194.907 , 243.283 , 311.7 , 267.034 , 185.7 , 170.975 , 261.451 , 247.738 , 138.456 , 192.709 , 193.883 , 246.307 , 203.492 , 160.379 , 236.713 , 211.966 , 316.742 , 162.681 , 207.121 , 269.241 , 315.742 , 176.55 , 162.741 , 243.342 , 233.559 , 248.388 , 292.987 , 257.488 , 286.706 , 180.709 , 171.564 , 264.884 , 229.092 , 261.58 , 250.689 , 235.614 , 229.3 , 242.777 , 205.434 , 316.277 , 241.822 , 234.583 , 203.851 , 247.834 , 214.694 , 198.132 , 200.37 , 184.147 , 222.626 , 246.561 , 199.535 , 232.538 , 169.376 , 305.177 , 148.491 , 209.796 , 187.883 , 200.588 , 254.393 , 287.16 , 240.419 , 296.869 , 253.642 , 230.911 , 196.134 , 264.821 , 258.236 , 378.293 , 239.085 , 282.328 , 278.031 , 226.058 , 262.986 , 220.23 , 267.951 , 221.301 , 198.262 , 294.658 , 307.876 , 303.17 , 311.481 , 166.073 , 225.733 , 212.9 , 229.741 , 221.077 , 221.883 , 222.338 , 207.316 , 182.472 , 382.868 , 333.373 , 226.758 , 420.519 , 348.895 , 256.181 , 212.585 , 301.696 , 208.514 , 259.431 , 321.713 , 359.695 , 210.953 , 146.675 , 296.336 , 164.802 , 113.94 , 151.911 , 235.496 , 190.147 , 251.921 , 289.875 , 305.717 , 276.522 , 204.456 , 241.816 , 220.504 , 267.069 , 264.648 , 274.493 , 199.639 , 211.228 , 207.843 , 221.676 , 301.636 , 288.364 , 184.127 , 270.877 , 319.543 , 242.44 , 201.483 , 189.547 , 162.288 , 173.491 , 265.295 , 190.505 , 209.302 , 146.909 , 198.241 , 135.695 , 234.953 , 213.304 , 126.05 , 140.976 , 339.114 , 239.873 , 335.882 , 237.595 , 180.495 , 335.462 , 189.088 , 208.158 , 107.127 , 302.099 , 237.992 , 244.729 , 222.527 , 180.971 , 176.305 , 226.046 , 169.424 , 165.249 , 262.777 , 188.203 , 234.124 , 247.222 , 151.391 , 312.085 , 238.569 , 208.597 , 178.782 , 171.137 , 248.208 , 148.173 , 183.071 , 226.333 , 291.962 , 208.816 , 226.529 , 345.658 , 210.016 , 208.432 , 224.299 , 399.686 , 173.464 , 205.491 , 332.921 , 160.678 , 209.875 , 219.191 , 184.051 , 163.035 , 240.768 , 279.757 , 186.57 , 116.859 , 207.183 , 142.982 , 174.523 , 398.663 , 230.252 , 199.282 , 236.735 , 215.702 , 228.582 , 208.558 , 222.96 , 193.264 , 282.6 , 259.776 , 183.733 , 203.135 , 216.476 , 247.272 , 301.878 , 228.272 , 267.708 , 239.492 , 211.517 , 362.569 , 258.856 , 262.587 , 285.501 , 195.155 , 266.52 , 219.636 , 224.479 , 232.679 , 212.208 , 197.097 , 144.969 , 216.875 , 244.944 , 146.896 , 222.477 , 260.762 , 218.613 , 249.282 , 207.993 , 252.337 , 252.999 , 190.528 , 226.917 , 236.825 , 192.549 , 253.791 , 338.644 , 330.564 , 347.943 , 199.211 , 237.615 , 169.286 , 368.199 , 246.917 , 334.277 , 213.735 , 230.259 , 183.987 , 256.834 , 244.384 , 230.388 , 329.136 , 190.236 , 332.591 , 247.815 , 274.221 , 167.071 , 214.086 , 292.618 , 292.841 , 249.647 , 295.541 , 270.215 , 231.92 , 259.269 , 220 , 240.758 , 278.108 , 191.537 , 202.821 , 182.361 , 268.86 , 157.553 , 367.704 , 240.957 , 382.907 , 142.266 , 255.223 , 211.163 , 180.387 , 277.772 , 231.806 , 302.757 , 171.143 , 161.921 , 234.122 , 215.502 , 151.578 , 205.215 , 320.684 , 144.872 , 159.66 , 182.168 , 156.383 , 233.756 , 261.028 , 140.725 , 196.804 , 225.994 , 143.643 , 156.784 , 188.086 , 298.912 , 185.398 , 166.415 , 215.933 , 183.35 , 254.925 , 219.905 , 213.551 , 193.976 , 315.197 , 231.09 , 157.867 , 338.468 , 178.224 , 149.487 , 332.677 , 212.793 , 273.511 , 181.425 , 214.888 , 177.372 , 261.139 , 220.598 , 220.358 , 301.037 , 208.844 , 156.903 , 245.274 , 184.923 , 232.327 , 317.346 , 220.313 , 222.883 , 215.288 , 246.463 , 153.783 , 270.59 , 355.624 , 218.097 , 182.069 , 174.597 , 181.457 , 159.952 , 213.264 , 210.726 , 243.535 , 198.584 , 246.439 , 170.995 , 202.823 , 219.637 , 196.266 , 173.5 , 256.546 , 247.082 , 270.249 , 157.677 , 280.931 , 204.16 , 216.065 , 265.453 , 120.681 , 261.732 , 212.51 , 192.067 , 203.764 , 223.586 , 214.611 , 284.451 , 263.368 , 342.735 , 236.082 , 209.123 , 144.525 , 248.356 , 225.796 , 527.437 , 215.384 , 201.857 , 285.281 , 205.171 , 249.486 , 197.145 , 188.895 , 250.128 , 145.984 , 286.886 , 219.804 , 236.131 , 121.94 , 297.222 , 279.487 , 180.539 , 182.374 , 268.724 , 115.377 , 188.635 , 274.944 , 385.934 , 294.11 , 252.241 , 263.256 , 136.201 , 201.942 , 166.171 , 309.776 , 217.202 , 233.399 , 365.4 , 125.504 , 197.014 , 257.628 , 340.846 , 214.643 , 200.485 , 409.91 , 340.395 , 214.798 , 265.867 , 219.757 , 261.73 , 287.708 , 244.988 , 245.854 , 183.115 , 195.612 , 233.697 , 153.424 , 190.158 , 214.087 , 247.629 , 254.6 , 248.17 , 200.869 , 374.225 , 273.957 , 208.187 , 314.559 , 187.602 , 235.111 , 230.154 , 252.845 , 353.575 , 255.021 , 232.265 , 176.132 , 315.611 , 301.994 , 195.446 , 254.539 , 280.247 , 234.801 , 256.447 , 222.387 , 225.993 , 195.776 , 238.212 , 193.078 , 183.107 , 323.994 , 240.214 , 180.028 , 191.504 , 135.807 , 285.866 , 285.8 , 249.87 , 196.987 , 331.713 , 221.874 , 262.824 , 184.653 , 188.322 , 270.716 , 187.569 , 300.334 , 191.045 , 217.492 , 317.033 , 330.349 , 291.205 , 218.943 , 235.415 , 204.186 , 223.414 , 469.058 , 292.559 , 185.856 , 154.495 , 181.118 , 280.986 , 247.99 , 162.45 , 202.041 , 292.657 , 200.858 , 200.284 , 159.002 , 215.848 , 319.756 , 246.993 , 245.739 , 301.484 , 298.045 , 161.928 , 