avg1=[192.377 , 136.693 , 168.831 , 152.645 , 216.613 , 271.581 , 209.402 , 183.312 , 234.897 , 187.91 , 293.811 , 308.177 , 163.169 , 301.714 , 258.412 , 158.23 , 228.105 , 269.051 , 134.546 , 204.087 , 196.744 , 180.452 , 230.144 , 209.196 , 354.004 , 263.507 , 217.963 , 237.866 , 284.527 , 183.586 , 273.918 , 221.899 , 332.638 , 226.692 , 176.173 , 183.103 , 226.803 , 325.136 , 277.291 , 332.376 , 138.173 , 145.59 , 203.577 , 201.857 , 166.382 , 193.421 , 198.975 , 193.615 , 201.647 , 246.039 , 263.222 , 239.247 , 164.219 , 185.645 , 237.57 , 247.985 , 178.225 , 397.149 , 158.59 , 201.131 , 400.506 , 283.298 , 298.823 , 263.004 , 192.069 , 229.128 , 285.286 , 195.551 , 209.917 , 164.936 , 305.775 , 245.172 , 255.674 , 295.473 , 185.929 , 286.609 , 150.67 , 208.802 , 231.089 , 260.286 , 232.071 , 265.988 , 217.82 , 296.507 , 191.801 , 231.318 , 208.896 , 281.205 , 247.286 , 239.948 , 293.833 , 175.332 , 265.659 , 246.584 , 282.062 , 289.048 , 133.329 , 305.179 , 232.497 , 210.867 , 223.056 , 150.259 , 233.001 , 288.113 , 153.661 , 218.803 , 300.464 , 209.751 , 211.152 , 369.297 , 246.053 , 231.81 , 321.971 , 274.501 , 164.947 , 207.776 , 245.019 , 186.953 , 161.666 , 165.573 , 297.184 , 178.509 , 198.659 , 285.917 , 309.196 , 215.452 , 214.7 , 244.558 , 226.507 , 202.556 , 301.82 , 243.592 , 285.887 , 183.663 , 276.737 , 333.58 , 228.086 , 345.448 , 196.497 , 207.74 , 234.098 , 166.727 , 142.221 , 258.884 , 287.804 , 207.277 , 286.682 , 402.796 , 224.482 , 231.904 , 172.973 , 214.198 , 267.191 , 219.539 , 128.69 , 159.334 , 254.132 , 201.181 , 241.496 , 173.459 , 270.137 , 201.819 , 213.22 , 212.121 , 196.626 , 184.61 , 268.152 , 196.44 , 243.065 , 262.174 , 173.057 , 243.645 , 270.258 , 167.805 , 185.825 , 265.615 , 151.158 , 243.128 , 193.706 , 164.641 , 259.355 , 276.819 , 182.248 , 236.9 , 152.726 , 258.385 , 205.489 , 209.432 , 260.506 , 163.447 , 251.188 , 322.372 , 209.307 , 253.7 , 212.271 , 211.102 , 224.702 , 194.791 , 123.445 , 350.065 , 155.526 , 244.749 , 264.373 , 288.307 , 236.786 , 270.161 , 206.749 , 355.428 , 199.52 , 251.929 , 268.72 , 221.528 , 260.501 , 200.705 , 207.149 , 201.305 , 164.161 , 224.875 , 317.589 , 281.128 , 168.15 , 221.841 , 214.778 , 223.189 , 174.191 , 248.811 , 267.544 , 214.166 , 229.261 , 166.168 , 134.802 , 311.365 , 212.569 , 204.674 , 285.534 , 192.944 , 235.523 , 239.974 , 160.886 , 222.137 , 469.735 , 284.691 , 189.511 , 230.304 , 187.685 , 212.871 , 190.614 , 259.823 , 201.971 , 270.191 , 339.923 , 348.606 , 236.873 , 209.357 , 147.593 , 213.617 , 270.343 , 219.614 , 206.913 , 163.925 , 233.117 , 230.23 , 168.228 , 191.39 , 180.522 , 264.804 , 379.084 , 159.147 , 262.634 , 222.253 , 217.577 , 175.467 , 278.77 , 253.677 , 273.413 , 324.814 , 201.525 , 303.17 , 185.239 , 170.262 , 225.012 , 210.993 , 191.34 , 228.179 , 169.035 , 214.887 , 228.763 , 240.651 , 230.359 , 305.114 , 174.727 , 271.682 , 242.953 , 309.932 , 121.82 , 248.827 , 194.813 , 245.068 , 192.775 , 241.992 , 290.611 , 290.754 , 192.546 , 174.296 , 234.999 , 234.062 , 215.746 , 289.533 , 209.134 , 237.155 , 223.178 , 230.555 , 202.408 , 205.139 , 225.875 , 245.228 , 287.153 , 147.443 , 193.851 , 256.74 , 238.377 , 188.984 , 261.199 , 192.141 , 206.527 , 256.697 , 203.66 , 179.903 , 125.173 , 373.291 , 274.699 , 182.951 , 226.811 , 251.946 , 237.315 , 180.628 , 191.694 , 142.612 , 232.518 , 196.159 , 285.093 , 176.675 , 160.361 , 324.184 , 311.837 , 165.213 , 162.207 , 221.258 , 319.054 , 240.769 , 161.295 , 293.513 , 160.679 , 151.608 , 206.247 , 212.133 , 274.037 , 235.54 , 217.617 , 224.355 , 249.392 , 307.332 , 171.98 , 238.792 , 252.638 , 133.271 , 272.898 , 283.459 , 308.307 , 148.542 , 202.891 , 229.487 , 205.405 , 175.953 , 338.924 , 177.096 , 216.54 , 282.763 , 268.151 , 350.124 , 149.158 , 229.454 , 241.174 , 290.058 , 326.405 , 176.58 , 192.468 , 246.65 , 216.858 , 159.116 , 209.775 , 340.716 , 251.381 , 302.956 , 157.869 , 174.042 , 275.829 , 203.32 , 365.389 , 180.641 , 295.072 , 278.637 , 209.736 , 316.868 , 200.582 , 163.825 , 261.309 , 269.864 , 226.5 , 290.498 , 186.235 , 219.091 , 373.086 , 138.177 , 205.547 , 112.6 , 127.791 , 243.947 , 193.007 , 185.29 , 184.863 , 214.73 , 219.001 , 212.69 , 212.884 , 178.893 , 225.207 , 184.779 , 254.72 , 203.957 , 272.314 , 227.227 , 155.102 , 239.323 , 221.317 , 174.508 , 183.73 , 282.346 , 174.51 , 228.621 , 187.33 , 261.766 , 262.675 , 213.032 , 189.355 , 204.284 , 302.879 , 272.611 , 232.754 , 273.113 , 270.674 , 198.726 , 245.651 , 253.292 , 242.257 , 209.566 , 179.499 , 371.84 , 260.637 , 250.909 , 203.512 , 296.732 , 282.377 , 226.354 , 205.668 , 289.628 , 211.246 , 264.566 , 223.238 , 222.986 , 231.992 , 191.169 , 258.543 , 269.418 , 271.289 , 165.724 , 295.208 , 247.469 , 267.336 , 245.295 , 233.032 , 216.636 , 219.023 , 236.704 , 204.146 , 140.723 , 332.483 , 208.617 , 289.261 , 222.737 , 262.034 , 213.21 , 298.324 , 215.636 , 256.139 , 181.856 , 177.665 , 252.953 , 290.988 , 267.562 , 195.019 , 167.416 , 182.05 , 192.096 , 305.624 , 133.687 , 185.661 , 249.4 , 296.292 , 172.91 , 196.497 , 282.906 , 225.033 , 211.628 , 227.608 , 256.228 , 190.876 , 203.951 , 188.274 , 231.563 , 206.569 , 290.639 , 184.565 , 176.995 , 198.493 , 190.612 , 207.766 , 352.199 , 197.818 , 204.531 , 232.458 , 245.18 , 330.657 , 137.158 , 274.521 , 167.35 , 216.606 , 272.15 , 242.356 , 259.286 , 311.917 , 195.57 , 223.995 , 266.753 , 159.031 , 285.587 , 204.957 , 141.691 , 313.734 , 282.197 , 244.948 , 163.497 , 205.604 , 308.128 , 178.202 , 294.902 , 228.183 , 287.291 , 242.762 , 192.775 , 230.045 , 158.234 , 407.964 , 207.345 , 370.762 , 140.586 , 156.469 , 176.153 , 203.25 , 240.8 , 176.832 , 286.817 , 280.523 , 182.068 , 247.015 , 218.561 , 199.82 , 266.289 , 223.209 , 288.033 , 267.415 , 222.187 , 364.018 , 258.799 , 225.35 , 274.058 , 157.884 , 167.097 , 240.341 , 191.143 , 205.279 , 368.85 , 289.441 , 272.427 , 164.306 , 183.279 , 178.765 , 213.414 , 286.356 , 156.525 , 184.335 , 203.88 , 329.827 , 182.442 , 463.808 , 248.941 , 159.392 , 275.964 , 249.608 , 243.005 , 276.416 , 212.942 , 329.623 , 204.481 , 195.611 , 273.698 , 278.706 , 188.951 , 265.777 , 211.202 , 372.012 , 266.507 , 163.545 , 208.942 , 370.336 , 224.592 , 226.446 , 206.314 , 210.493 , 248.524 , 154.889 , 382.936 , 270.373 , 240.543 , 301.667 , 234.94 , 261.334 , 205.684 , 217.564 , 246.044 , 462.685 , 178.245 , 303.61 , 213.104 , 398.264 , 281.283 , 149.866 , 199.338 , 211.56 , 181.239 , 199.533 , 288.131 , 237.735 , 148.763 , 233.966 , 322.375 , 319.316 , 171.696 , 181.757 , 269.901 , 301.116 , 177.284 , 319.633 , 173.922 , 240.038 , 219.704 , 186.397 , 185.879 , 243.646 , 258.747 , 208.953 , 286.023 , 289.228 , 205.822 , 215.105 , 279.65 , 173.164 , 267.341 , 374.858 , 148.709 , 256.709 , 178.464 , 157.35 , 227.424 , 142.428 , 320.729 , 313.709 , 279.694 , 307.605 , 197.266 , 214.47 , 146.431 , 225.618 , 185.831 , 265.423 , 177.685 , 179.512 , 216.115 , 207.039 , 242.507 , 126.667 , 182.535 , 208.527 , 265.504 , 278.379 , 203.828 , 167.328 , 154.014 , 162.863 , 205.877 , 188.564 , 326.2 , 218.205 , 220.076 , 341.528 , 234.793 , 370.786 , 175.343 , 393.012 , 250.513 , 349.956 , 215.184 , 231.083 , 196.517 , 232.343 , 244.836 , 221.31 , 223.397 , 244.421 , 256.332 , 182.439 , 249.56 , 240.118 , 219.623 , 185.674 , 247.439 , 118.379 , 191.108 , 289.465 , 263.81 , 213.014 , 211.297 , 219.378 , 201.624 , 255.471 , 160.5 , 148.623 , 305.333 , 189.398 , 257.006 , 427.676 , 223.723 , 259.192 , 233.207 , 214.843 , 218.563 , 255.945 , 236.461 , 189.734 , 189.757 , 192.647 , 270.211 , 184.699 , 271.736 , 166.219 , 243.77 , 168.176 , 208.988 , 302.528 , 276.876 , 179.218 , 268.795 , 302.559 , 343.464 , 130.738 , 198.991 , 294.876 , 207.268 , 262.069 , 226.152 , 226.186 , 247.437 , 199.566 , 313.952 , 200.225 , 302.171 , 217.459 , 286.302 , 168.911 , 221.963 , 185.644 , 218.68 , 275.74 , 135.628 , 254.295 , 182.258 , 159.149 , 170.278 , 188.021 , 273.2 , 252.591 , 281.109 , 208.533 , 234.934 , 243.849 , 366.306 , 174.529 , 203.2 , 