avg1=[379.428 , 382.533 , 273.759 , 237.092 , 242.74 , 227.669 , 253.195 , 163.569 , 195.808 , 309.064 , 198.591 , 292.997 , 236.447 , 198.941 , 299.789 , 307.524 , 254.976 , 205.426 , 166.586 , 200.103 , 177.816 , 178.685 , 151.067 , 317.336 , 308.545 , 398.927 , 277.316 , 349.683 , 278.013 , 219.384 , 301.249 , 240.487 , 236.418 , 233.151 , 295.252 , 211.91 , 235.664 , 416.871 , 189.839 , 235.947 , 226.516 , 176.767 , 203.056 , 241.498 , 225.379 , 225.576 , 212.712 , 177.722 , 234.973 , 250.258 , 247.371 , 317.464 , 177.611 , 235.279 , 239.938 , 167.226 , 173.879 , 115.355 , 205.048 , 154.218 , 175.414 , 120.25 , 171.831 , 182.393 , 287.241 , 198.436 , 302.633 , 133.475 , 184.112 , 211.279 , 332.272 , 375.279 , 239.268 , 201.522 , 161.797 , 273.87 , 264.575 , 221.685 , 259.167 , 353.867 , 253.586 , 276.614 , 252.465 , 281.689 , 227.257 , 310.457 , 191.645 , 186.355 , 217.228 , 231.877 , 149.804 , 323.322 , 127.749 , 157.716 , 287.692 , 173.268 , 214.08 , 178.069 , 184.217 , 264.337 , 179.823 , 215.814 , 300.35 , 142.122 , 287.489 , 303.688 , 266.516 , 294.538 , 266.092 , 212.704 , 260.704 , 327.497 , 215.637 , 275.009 , 252.18 , 228.791 , 149.592 , 198.108 , 271.32 , 291.241 , 161.082 , 221.995 , 158.948 , 186.429 , 174.681 , 254.141 , 172.252 , 220.346 , 253.401 , 236.441 , 176.413 , 308.534 , 245.853 , 216.385 , 206.077 , 329.601 , 253.74 , 312.236 , 148.185 , 220.207 , 208.379 , 178.445 , 322.897 , 216.677 , 299.36 , 269.117 , 337.568 , 167.39 , 171.951 , 277.418 , 274.134 , 234.74 , 197.218 , 221.828 , 236.179 , 298.781 , 182.01 , 239.933 , 188.744 , 334.618 , 258.848 , 167.802 , 245.092 , 273.13 , 195.4 , 224.812 , 150.362 , 192.869 , 226.579 , 237.93 , 177.211 , 241.764 , 231.339 , 426.991 , 166.109 , 221.432 , 233.281 , 248.737 , 263.157 , 298.111 , 137.058 , 196.065 , 204.867 , 218.401 , 194.893 , 309.997 , 223.318 , 207.544 , 216.584 , 241.547 , 290.875 , 263.505 , 156.775 , 261.819 , 230.152 , 243.895 , 286.877 , 212.676 , 274.263 , 347.86 , 246.824 , 380.845 , 243.165 , 170.718 , 141.687 , 263.933 , 296.892 , 283.626 , 274.968 , 213.013 , 132.262 , 185.872 , 225.45 , 256.85 , 296.279 , 89.5603 , 109.129 , 250.884 , 152.612 , 186.106 , 169.806 , 191.841 , 205.159 , 299.09 , 244.169 , 177.348 , 398.188 , 254.346 , 200.171 , 213.575 , 261.914 , 194.996 , 295.027 , 161.562 , 152.12 , 269.734 , 171.975 , 225.275 , 296.243 , 117.344 , 245.993 , 218.336 , 182.863 , 151.606 , 127.548 , 206.071 , 252.53 , 232.99 , 171.22 , 365.809 , 211.492 , 216.495 , 189.25 , 216.987 , 249.836 , 178.114 , 375.331 , 162.297 , 172.035 , 261.168 , 226.593 , 416.02 , 268.527 , 267.995 , 137.092 , 292.953 , 236.066 , 276.424 , 198.847 , 169.898 , 295.212 , 166.04 , 351.899 , 235.922 , 155.512 , 245.367 , 195.485 , 169.768 , 107.951 , 260.646 , 212.181 , 200.621 , 160.845 , 229.722 , 172.038 , 184.412 , 136.057 , 238.614 , 195.27 , 264.654 , 162.604 , 301.965 , 133.355 , 190.789 , 237.933 , 148.629 , 267.601 , 208.446 , 297.336 , 202.7 , 146.604 , 204.29 , 275.707 , 222.845 , 275.002 , 177.528 , 301.597 , 132.853 , 323.601 , 172.031 , 365.235 , 217.041 , 226.287 , 234.496 , 202.694 , 256.716 , 254.73 , 276.274 , 162.16 , 183.663 , 154.518 , 274.918 , 285.345 , 206.898 , 309.873 , 318.629 , 241.837 , 158.911 , 185.229 , 167.781 , 199.969 , 172.499 , 203.776 , 115.994 , 176.621 , 227.008 , 197.562 , 252.232 , 286.74 , 168.851 , 242.567 , 183.991 , 314.835 , 304.733 , 203.686 , 277.811 , 184.675 , 266.137 , 308.166 , 179.398 , 129.324 , 274.019 , 211.201 , 260.289 , 237.272 , 236.415 , 261.389 , 203.863 , 294.168 , 249.216 , 271.81 , 328.339 , 261.733 , 206.669 , 179.059 , 162.364 , 206.385 , 298.216 , 172.684 , 368.175 , 280.399 , 265.63 , 196.169 , 181.72 , 161.068 , 248.104 , 204.677 , 200.474 , 292.829 , 252.769 , 231.655 , 248.988 , 180.012 , 222.336 , 201.71 , 234.676 , 287.924 , 288.317 , 222.287 , 389.906 , 191.641 , 248.914 , 200.614 , 234.248 , 229.176 , 285.3 , 198.726 , 175.845 , 352.904 , 207.077 , 311.378 , 387.13 , 257.563 , 255.073 , 245.334 , 155.074 , 220.943 , 238.169 , 236.814 , 178.653 , 191.43 , 168.753 , 291.697 , 251.446 , 182.661 , 224.601 , 152.818 , 191.696 , 364.833 , 251.994 , 204.448 , 218.426 , 163.179 , 428.739 , 193.982 , 307.33 , 183.368 , 184.126 , 194.654 , 227.749 , 322.721 , 298.389 , 355.44 , 223.321 , 184.285 , 279.489 , 236.462 , 184.127 , 224.676 , 283.495 , 195.499 , 256.706 , 185.854 , 162.194 , 290.566 , 151.885 , 205.973 , 234.064 , 339.632 , 295.419 , 332.161 , 227.184 , 312.725 , 207.481 , 259.345 , 124.583 , 191.383 , 147.152 , 210.684 , 178.141 , 191.825 , 195.48 , 177.747 , 168.515 , 295.607 , 290.779 , 250.022 , 205.623 , 258.82 , 183.996 , 270.012 , 227.831 , 270.791 , 381.852 , 208.052 , 281.03 , 189.656 , 200.085 , 244.207 , 141.232 , 213.746 , 214.647 , 169.265 , 231.799 , 217.256 , 178.323 , 162.44 , 135.854 , 186.576 , 252.977 , 258.689 , 240.133 , 209.595 , 237.465 , 316.513 , 232.055 , 176.503 , 362.927 , 204.428 , 293.686 , 169.919 , 147.496 , 118.907 , 116.4 , 233.645 , 168.305 , 242.289 , 192.085 , 269.221 , 332.151 , 287.7 , 255.742 , 400.516 , 237.625 , 285.316 , 397.991 , 265.518 , 282.114 , 216.089 , 171.095 , 212.606 , 313.881 , 272.011 , 183.529 , 214.466 , 256.667 , 330.073 , 409.991 , 229.907 , 213.193 , 233.998 , 195.927 , 100.135 , 147.436 , 200.795 , 221.245 , 214.498 , 220.181 , 185.298 , 232.67 , 296.991 , 166.564 , 203.259 , 301.649 , 143.157 , 309.474 , 259.479 , 227.775 , 408.442 , 300.464 , 203.01 , 129.982 , 262.44 , 184.761 , 220.421 , 187.259 , 245.699 , 300.3 , 275.701 , 203.368 , 224.927 , 178.511 , 232.866 , 257.615 , 269.351 , 207.66 , 190.237 , 209.939 , 274.731 , 202.003 , 299.291 , 305.864 , 204.855 , 307.095 , 191.978 , 222.342 , 207.056 , 227.465 , 209.772 , 177.854 , 195.026 , 293.787 , 211.597 , 220.235 , 220.065 , 202.422 , 296.206 , 240.754 , 153.288 , 238.334 , 253.344 , 305.554 , 280.849 , 274.959 , 248.668 , 159.219 , 268.193 , 193.786 , 253.39 , 280.513 , 289.07 , 196.383 , 175.732 , 259.061 , 349.417 , 302.761 , 181.662 , 152.723 , 135.509 , 193.803 , 175.707 , 220.804 , 200.555 , 152.741 , 183.133 , 237.119 , 316.481 , 235.952 , 180.492 , 185.485 , 373.385 , 401.029 , 144.04 , 212.204 , 269.943 , 234.274 , 210.734 , 159.009 , 185.123 , 187.952 , 191.392 , 270.893 , 243.714 , 197.479 , 231.991 , 210.533 , 209.583 , 190.676 , 179.639 , 188.52 , 611.729 , 290.298 , 190.204 , 252.023 , 244.269 , 149.549 , 228.332 , 154.357 , 211.765 , 186.62 , 358.304 , 226.415 , 287.163 , 155.163 , 173.419 , 238.732 , 298.008 , 262.342 , 223.979 , 207.044 , 217.113 , 232.058 , 253.883 , 202.906 , 237.481 , 216.208 , 231.481 , 243.6 , 340.568 , 269.191 , 238.326 , 338.911 , 191.268 , 275.78 , 234.663 , 166.905 , 154.859 , 158.826 , 213.683 , 172.136 , 262.155 , 158.546 , 260.465 , 293.732 , 242.348 , 300.313 , 282.553 , 121.743 , 219.39 , 218.227 , 374.308 , 171.442 , 159.647 , 277.18 , 195.461 , 125.752 , 269.023 , 224.442 , 146.415 , 314.679 , 204.128 , 207.609 , 221.202 , 224.109 , 295.845 , 398.56 , 148.063 , 167.882 , 145.202 , 295.395 , 277.13 , 314.927 , 129.732 , 246.885 , 254.959 , 292.409 , 282.96 , 212.98 , 352.242 , 211.629 , 222.667 , 217.918 , 317.379 , 185.409 , 369.335 , 315.073 , 141.503 , 203.354 , 181.22 , 106.153 , 289.942 , 212.404 , 189.296 , 231.895 , 323.943 , 335.558 , 229.109 , 202.85 , 243.226 , 233.548 , 206.787 , 228.061 , 175.779 , 315.134 , 296.316 , 147.68 , 270.137 , 168.773 , 224.072 , 231.302 , 204.66 , 183.965 , 184.606 , 247.665 , 186.825 , 158.973 , 189.902 , 227.438 , 281.737 , 168.457 , 353.344 , 178.887 , 203.76 , 255.076 , 158.811 , 264.857 , 323.345 , 290.579 , 278.329 , 231.383 , 286.585 , 343.204 , 205.425 , 156.366 , 161.183 , 254.361 , 154.286 , 259.342 , 264.913 , 239.72 , 294.412 , 282.929 , 212.691 , 221.634 , 246.015 , 191.593 , 196.723 , 334.09 , 185.359 , 192.919 , 257.991 , 207.634 , 317.799 , 208.793 , 168.713 , 310.799 , 247.603 , 231.863 , 186.128 , 220.301 , 223.154 , 266.431 , 318.562 , 208.03 , 193.891 , 318.543 , 315.006 , 