avg1=[224.558 , 376.675 , 259.266 , 223.39 , 194.448 , 321.195 , 257.241 , 253.59 , 193.533 , 231.752 , 204.028 , 264.712 , 240.264 , 225.444 , 189.014 , 130.466 , 365.416 , 289.544 , 193.598 , 143.858 , 213.347 , 188.641 , 178.717 , 220.123 , 173.722 , 212.415 , 150.564 , 216.468 , 193.53 , 279.344 , 229.073 , 222.994 , 165.511 , 224.024 , 150.605 , 219.733 , 197.213 , 208.064 , 259.082 , 246.483 , 328.158 , 223.722 , 282.07 , 146.844 , 160.564 , 189.936 , 235.567 , 252.539 , 270.385 , 228.756 , 201.219 , 164.659 , 192.056 , 232.039 , 227.677 , 255.068 , 265.275 , 268.337 , 149.225 , 222.665 , 134.951 , 243.087 , 216.584 , 209.377 , 227.047 , 282.986 , 184.645 , 157.962 , 225.245 , 150.319 , 343.814 , 301.092 , 254.832 , 263.24 , 210.352 , 273.137 , 170.384 , 235.386 , 125.033 , 194.418 , 224.958 , 262.674 , 261.021 , 430.121 , 241.629 , 220.781 , 226.885 , 192.656 , 275.531 , 278.628 , 285.585 , 112.421 , 218.389 , 217.893 , 260.501 , 309.275 , 171.706 , 187.215 , 196.523 , 309.429 , 177.609 , 281.877 , 121.521 , 235.202 , 229.321 , 173.754 , 198.123 , 250.09 , 166.481 , 270.039 , 201.497 , 393.312 , 310.665 , 179.197 , 212.891 , 254.85 , 214.686 , 197.231 , 168.629 , 245.057 , 291.421 , 333.993 , 182.616 , 164.415 , 187.557 , 161.419 , 222.834 , 262.239 , 229.981 , 199.667 , 193.783 , 241.997 , 173.06 , 287.136 , 305.781 , 187.11 , 280.049 , 241.484 , 218.119 , 349.316 , 258.22 , 169.519 , 387.791 , 157.721 , 311.033 , 192.871 , 307.383 , 242.731 , 290.491 , 172.43 , 248.648 , 305.492 , 255.291 , 213.4 , 138.044 , 309.13 , 239.339 , 181.96 , 204.37 , 166.79 , 208.075 , 147.73 , 224.835 , 230.724 , 189.252 , 176.64 , 210.639 , 142.77 , 213.15 , 198.316 , 136.861 , 294.418 , 212.837 , 244.207 , 334.15 , 186.379 , 245.483 , 319.149 , 244.528 , 260.711 , 237.597 , 200.655 , 271.179 , 356.775 , 269.747 , 293.159 , 136.427 , 203.021 , 183.437 , 251.437 , 390.289 , 261.908 , 358.047 , 274.116 , 176.396 , 243.847 , 167.101 , 201.426 , 172.711 , 261.911 , 142.23 , 274.791 , 190.964 , 183.936 , 240.122 , 282.073 , 259.577 , 270.771 , 213.678 , 185.609 , 193.386 , 204.812 , 351.528 , 201.322 , 251.386 , 232.591 , 162.525 , 217.718 , 243.206 , 348.454 , 226.761 , 181.411 , 265.565 , 228.349 , 201.021 , 312.478 , 298.089 , 222.857 , 225.968 , 372.608 , 240.537 , 174.131 , 325.842 , 330.223 , 131.695 , 224.307 , 202.484 , 205.405 , 293.011 , 199.492 , 247.246 , 195.537 , 195.922 , 226.52 , 252.141 , 143.321 , 200.038 , 187.698 , 150.064 , 273.584 , 200.004 , 203.691 , 238.913 , 284.087 , 291.494 , 231.65 , 345.48 , 145.103 , 246.036 , 190.408 , 347.294 , 168.992 , 229.974 , 114.596 , 240.038 , 236.132 , 307.655 , 268.58 , 136.155 , 347.858 , 235.375 , 203.997 , 313.48 , 220.716 , 217.932 , 211.736 , 214.011 , 181.493 , 185.818 , 258.613 , 194.541 , 214.848 , 137.348 , 196.88 , 233.105 , 435.539 , 226.251 , 284.989 , 260.403 , 207.748 , 154.311 , 155.963 , 187.9 , 178.798 , 247.527 , 264.436 , 180.345 , 195.357 , 155.568 , 181.866 , 267.593 , 212.969 , 144.464 , 352.631 , 212.825 , 235.251 , 264.71 , 179.439 , 235.65 , 263.669 , 188.653 , 256.003 , 238.01 , 166.222 , 182.358 , 187.121 , 176.269 , 196.889 , 175.802 , 325.609 , 158.672 , 231.629 , 225.54 , 227.628 , 177.296 , 181.93 , 305.158 , 296.49 , 190.343 , 219.669 , 188.84 , 198.349 , 293.243 , 215.946 , 168.275 , 136.553 , 297.54 , 123.775 , 197.808 , 238.686 , 165.594 , 228.394 , 254.759 , 302.089 , 235.965 , 192.591 , 277.217 , 195.2 , 182.442 , 357.574 , 220.657 , 320.204 , 250.93 , 215.938 , 224.98 , 264.025 , 232.696 , 186.863 , 202.205 , 169.482 , 222.291 , 296.258 , 164.537 , 269.798 , 247.337 , 269.464 , 171.888 , 174.839 , 453.361 , 176.367 , 169.499 , 312.626 , 251.358 , 246.379 , 153.359 , 304.615 , 256.897 , 218.762 , 175.295 , 209.94 , 238.686 , 296.546 , 159.205 , 236.202 , 336.652 , 248.278 , 157.225 , 231.791 , 185.859 , 306.247 , 228.626 , 232.733 , 219.586 , 303.544 , 247.918 , 139.667 , 229.986 , 310.788 , 252.103 , 241.576 , 204.673 , 228.738 , 245.316 , 176.551 , 343.871 , 220.024 , 268.788 , 183.063 , 185.148 , 347.823 , 170.622 , 167.807 , 167.611 , 191.323 , 277.721 , 155.011 , 266.104 , 248.22 , 147.275 , 222.036 , 333.932 , 203.316 , 249.615 , 161.595 , 331.972 , 186.786 , 212.917 , 319.79 , 248.642 , 248.628 , 258.781 , 130.902 , 219.974 , 330.508 , 264.254 , 209.941 , 154.987 , 252.455 , 249.68 , 176.996 , 247.547 , 114.881 , 363.646 , 228.387 , 191.168 , 210.863 , 277.541 , 156.304 , 271.596 , 202.262 , 179.919 , 344.499 , 378.881 , 231.135 , 220.79 , 186.577 , 236.524 , 250.51 , 229.994 , 288.317 , 142.982 , 242.703 , 156.656 , 225.443 , 201.25 , 246.246 , 195.707 , 264.479 , 210.764 , 177.087 , 298.708 , 403.824 , 387.927 , 386.349 , 265.215 , 214.332 , 215.986 , 183.946 , 207.606 , 233.182 , 234.67 , 246.36 , 228.119 , 324.016 , 307.608 , 225.931 , 152.186 , 144.589 , 275.741 , 310.786 , 155.103 , 170.536 , 210.735 , 186.68 , 289.763 , 216.858 , 319.423 , 303.434 , 212.164 , 286.027 , 216.988 , 206.974 , 236.756 , 277.53 , 125.983 , 254.618 , 213.328 , 234.928 , 141.775 , 202.802 , 243.211 , 258.834 , 252.796 , 220.373 , 199.189 , 267.912 , 174.865 , 256.846 , 191.801 , 311.374 , 189.826 , 181.312 , 223.352 , 289.054 , 206.738 , 170.184 , 189.853 , 246.694 , 218.825 , 226.516 , 194.887 , 265.739 , 258.91 , 190.04 , 204.088 , 189.815 , 311.868 , 291.108 , 220.842 , 182.118 , 226.794 , 176.29 , 178.401 , 176.692 , 308.933 , 306.624 , 193.209 , 167.225 , 218.407 , 178.902 , 398.559 , 199.387 , 250.788 , 302.94 , 246.755 , 294.167 , 146.852 , 147.192 , 176.232 , 283.428 , 164.138 , 196.308 , 200.006 , 231.543 , 130.641 , 211.957 , 181.743 , 219.531 , 190.326 , 297.752 , 199.65 , 256.268 , 267.623 , 191.999 , 289.463 , 187.625 , 285.792 , 177.711 , 232.026 , 164.03 , 175.534 , 277.012 , 328.548 , 271.709 , 221.989 , 194.621 , 277.981 , 181.27 , 298.759 , 191.779 , 177.623 , 326.401 , 208.384 , 292.329 , 183.961 , 234.741 , 177.979 , 138.842 , 246.712 , 269.21 , 206.59 , 191.899 , 198.009 , 342.643 , 209.589 , 259.933 , 261.38 , 309.082 , 109.222 , 220.073 , 284.235 , 237.989 , 155.679 , 162.707 , 192.694 , 201.897 , 304.324 , 263.265 , 244.319 , 248.005 , 372.62 , 165.627 , 168.446 , 346.093 , 327.818 , 253.152 , 169.577 , 261.287 , 218.638 , 256.844 , 267.715 , 216.2 , 275.951 , 132.316 , 357.651 , 222.923 , 238.302 , 212.089 , 259.757 , 207.654 , 194.119 , 237.701 , 188.789 , 346.625 , 135.102 , 212.632 , 204.074 , 269.252 , 247.16 , 253.903 , 243.276 , 234.08 , 202.182 , 254.842 , 159.228 , 337.663 , 298.562 , 291.777 , 175.993 , 240.973 , 182.989 , 247.243 , 234.048 , 165.497 , 277.17 , 368.306 , 298.989 , 248.642 , 213.843 , 296.706 , 359.675 , 246.337 , 219.924 , 257.212 , 252.872 , 189.677 , 276.404 , 240.448 , 295 , 152.459 , 310.977 , 168.506 , 228.468 , 242.042 , 173.587 , 235.18 , 232.134 , 199.93 , 225.291 , 270.064 , 245.517 , 180.038 , 145.1 , 242.743 , 137.332 , 160.336 , 268.182 , 146.473 , 142.383 , 206.552 , 213.434 , 185.49 , 228.184 , 204.503 , 211.017 , 208.255 , 218.742 , 207.477 , 148.169 , 245.303 , 163.498 , 218.507 , 149.447 , 197.71 , 229.197 , 360.727 , 250.845 , 196.941 , 299.332 , 265.454 , 184.866 , 157.227 , 358.215 , 172.786 , 207.334 , 352.057 , 284.317 , 234.184 , 248.56 , 261.095 , 177.927 , 350.85 , 240.172 , 168.005 , 270.002 , 147.409 , 316.036 , 197.481 , 264.302 , 263.294 , 239.82 , 181.244 , 174.989 , 205.149 , 174.317 , 190.439 , 244.845 , 224.204 , 260.986 , 254.054 , 198.232 , 226.784 , 252.47 , 260.639 , 153.272 , 219.181 , 250.051 , 199.084 , 223.987 , 184.5 , 264.488 , 211.963 , 201.505 , 284.377 , 253.342 , 291.396 , 335.382 , 273.006 , 231.422 , 206.086 , 280.833 , 222.566 , 198.98 , 165.351 , 351.222 , 291.11 , 252.422 , 215.406 , 352.634 , 212.558 , 219.419 , 197.528 , 250.81 , 256.333 , 183.427 , 255.672 , 212.881 , 194.922 , 296.525 , 213.889 , 186.575 , 192.626 , 138.804 , 257.739 , 219.024 , 245.218 , 279.207 , 253.365 , 225.657 , 188.221 , 219.834 , 209.042 , 276.002 , 209.485 , 247.055 , 194.138 , 258.492 , 230.238 , 