avg1=[348.103 , 219.519 , 307.352 , 322.309 , 205.747 , 314.548 , 195.725 , 93.1267 , 118.904 , 225.745 , 152.435 , 401.085 , 264.695 , 271.942 , 201.568 , 180.104 , 154.473 , 221.427 , 217.32 , 180.551 , 217.144 , 262.312 , 162.953 , 183.233 , 399.939 , 313.414 , 191.963 , 212.791 , 267.041 , 174.708 , 151.521 , 368.202 , 204.481 , 342.976 , 406.678 , 186.945 , 183.396 , 171.759 , 232.922 , 357.024 , 218.579 , 211.465 , 386.8 , 203.294 , 159.773 , 317.85 , 385.49 , 270.257 , 134.495 , 127.086 , 333.399 , 224.076 , 171.439 , 256.192 , 174.783 , 206.637 , 61.172 , 263.199 , 215.904 , 312.212 , 212.083 , 143.716 , 259.605 , 236.79 , 302.941 , 195.823 , 217.789 , 147.903 , 173.268 , 168.472 , 197.091 , 148.913 , 248.561 , 267.92 , 281.973 , 509.312 , 186.272 , 303.969 , 131.468 , 313.378 , 143.601 , 259.491 , 426.776 , 258.514 , 206.04 , 201.062 , 207.397 , 390.798 , 308.661 , 258.43 , 161.596 , 177.915 , 232.84 , 156.78 , 154.226 , 189.723 , 183.119 , 266.477 , 216.275 , 89.7617 , 276.354 , 138.982 , 253.615 , 199.308 , 176.553 , 212.21 , 270.828 , 190.104 , 225.581 , 187.423 , 198.715 , 131.688 , 247.994 , 304.038 , 145.337 , 187.492 , 203.927 , 249.673 , 118.084 , 278.469 , 220.543 , 171.683 , 159.153 , 140.579 , 225.245 , 145.853 , 197.929 , 179.764 , 236.932 , 219.506 , 97.4833 , 264.058 , 312.884 , 207.876 , 263.84 , 206.886 , 323.077 , 143.635 , 348.587 , 156.803 , 240.654 , 196.512 , 346.546 , 204.554 , 297.82 , 280.711 , 138.886 , 300.103 , 136.764 , 242.497 , 213.223 , 158.344 , 93.852 , 182.465 , 237.974 , 158.068 , 316.541 , 210.489 , 388.604 , 220.646 , 295.607 , 122.423 , 295.15 , 182.802 , 547.9 , 208.093 , 209.141 , 216.893 , 214.048 , 233.225 , 234.18 , 284.387 , 142.942 , 173.449 , 126.673 , 160.185 , 186.205 , 195.855 , 55.5587 , 423.976 , 155.071 , 213.405 , 171.888 , 250.647 , 324.136 , 288.864 , 153.289 , 237.552 , 139.052 , 238.386 , 210.222 , 258.793 , 173.908 , 197.455 , 267.792 , 118.11 , 139.703 , 197.27 , 161.284 , 243.89 , 234.853 , 272.806 , 429.493 , 185.343 , 317.122 , 134.684 , 214.1 , 195.328 , 215.455 , 135.993 , 151.263 , 218.794 , 279.628 , 245.69 , 236.992 , 99.9757 , 214.054 , 229.272 , 269.907 , 321.988 , 145.913 , 192.489 , 242.544 , 221.339 , 149.536 , 124.308 , 214.98 , 164.698 , 152.615 , 108.128 , 192.557 , 246.632 , 268.031 , 266.828 , 297.825 , 264.779 , 349.233 , 274.737 , 158.615 , 161.903 , 101.426 , 147.649 , 222.257 , 140.235 , 181.767 , 226.345 , 286.069 , 279.693 , 158.071 , 144.122 , 56.1017 , 177.624 , 114.511 , 82.9797 , 185.249 , 238.308 , 272.581 , 220.671 , 103.429 , 278.838 , 298.04 , 255.323 , 244.819 , 118.022 , 186.699 , 359.469 , 206.84 , 185.417 , 165.363 , 166.911 , 156.513 , 228.071 , 196.98 , 232.962 , 164.132 , 155.897 , 275.598 , 196.253 , 182.761 , 242.382 , 177.144 , 235.051 , 147.724 , 307.528 , 192.075 , 265.63 , 180.374 , 276.209 , 127.908 , 174.208 , 123.44 , 206.565 , 141.055 , 264.092 , 242.671 , 157.03 , 260.313 , 246.445 , 76.368 , 255.199 , 162.219 , 314.949 , 247.63 , 186.229 , 59.9123 , 196.584 , 464.462 , 303.028 , 217.339 , 170.392 , 353.454 , 248.689 , 208.582 , 205.365 , 254.506 , 232.616 , 175.505 , 312.881 , 406.222 , 177.507 , 289.075 , 160.049 , 249.952 , 175.238 , 305.251 , 322.789 , 233.148 , 139.45 , 381.766 , 299.782 , 264.459 , 199.088 , 246.676 , 182.959 , 175.657 , 144.593 , 239.773 , 163.33 , 186.259 , 283.401 , 340.977 , 253.115 , 98.3443 , 180.869 , 217.666 , 329.561 , 132.334 , 187.433 , 183.333 , 202.102 , 133.656 , 264.129 , 286.238 , 171.768 , 294.584 , 241.828 , 328.386 , 305.111 , 230.505 , 289.681 , 341.391 , 222.67 , 314.555 , 203.811 , 202.62 , 166.581 , 234.09 , 313.821 , 212.583 , 88.8003 , 254.952 , 97.2583 , 223.664 , 263.395 , 236.609 , 180.176 , 149.661 , 228.392 , 195.956 , 251.335 , 389.006 , 204.205 , 148.227 , 231.566 , 399.088 , 167.938 , 210.643 , 391.958 , 286.597 , 182.302 , 177.792 , 296.241 , 445.179 , 103.484 , 163.198 , 257.972 , 209.291 , 183.284 , 156.851 , 192.909 , 246.279 , 128.37 , 283.859 , 312.34 , 289.993 , 282.544 , 201.147 , 254.012 , 172.767 , 254.942 , 171.495 , 275.344 , 407.769 , 457.127 , 192.299 , 60.469 , 253.228 , 130.187 , 92.2207 , 232.013 , 184.059 , 138.206 , 145.079 , 200.824 , 140.285 , 165.419 , 204.091 , 194.317 , 123.997 , 91.7753 , 349.872 , 169.189 , 120.63 , 201.203 , 162.034 , 167.43 , 273.353 , 241.783 , 163.56 , 201.724 , 189.974 , 468.911 , 143.208 , 299.211 , 263.974 , 243.147 , 185.136 , 188.512 , 232.485 , 317.754 , 221.667 , 194.788 , 291.801 , 193.045 , 210.839 , 191.462 , 358.475 , 117.406 , 264.378 , 170.771 , 259.563 , 162.424 , 302.57 , 77.5967 , 226.562 , 441.86 , 267.601 , 196.598 , 199.66 , 290.605 , 149.599 , 155.85 , 286.324 , 261.393 , 289.817 , 284.424 , 218.313 , 153.586 , 269.095 , 157.87 , 254.074 , 207.066 , 185.63 , 236.199 , 205.816 , 249.642 , 640.962 , 289.479 , 248.514 , 240.691 , 244.157 , 119.237 , 218.438 , 199.329 , 206.314 , 225.567 , 155.485 , 147.513 , 262.261 , 139.971 , 187.153 , 192.605 , 186.142 , 195.219 , 633.541 , 206.222 , 220.808 , 273.078 , 148.399 , 218.922 , 159.308 , 138.327 , 299.047 , 492.629 , 158.603 , 226.536 , 172.2 , 95.4763 , 157.575 , 174.481 , 133.639 , 281.995 , 177.85 , 157.928 , 169.355 , 179.701 , 225.792 , 190.17 , 183.128 , 207.912 , 146.286 , 165.095 , 180.747 , 196.845 , 191.765 , 222.319 , 172.654 , 282.561 , 179.482 , 174.975 , 279.989 , 204.674 , 93.8537 , 235.992 , 170.172 , 194.238 , 321.773 , 291.404 , 183.75 , 137.275 , 289.451 , 283.111 , 215.943 , 305.11 , 114.938 , 232.147 , 166.314 , 160.943 , 249.885 , 170.866 , 147.015 , 206.047 , 316.813 , 327.115 , 168.854 , 240.013 , 95.673 , 234.73 , 173.667 , 397.698 , 264.337 , 256.711 , 206.573 , 175.788 , 257.241 , 245.233 , 111.796 , 163.769 , 262.822 , 325.666 , 219.493 , 163.48 , 242.979 , 293.743 , 88.249 , 129.196 , 189.521 , 185.671 , 319.905 , 150.328 , 153.72 , 301.422 , 227.085 , 136.775 , 196.639 , 221.294 , 152.858 , 198.103 , 213.473 , 176.523 , 179.293 , 329.1 , 301.913 , 354.645 , 269.224 , 113.284 , 156.854 , 236.614 , 173.727 , 165.737 , 241.803 , 333.458 , 240.413 , 195.281 , 229.265 , 327.656 , 219.21 , 175.332 , 251.327 , 170.461 , 264.966 , 268.142 , 209.628 , 83.4017 , 274.216 , 167.914 , 210.498 , 240.77 , 168.455 , 138.892 , 234.91 , 223.308 , 186.906 , 119.94 , 202.5 , 198.931 , 269.062 , 179.161 , 298.083 , 232.281 , 277.113 , 319.946 , 247.037 , 257.111 , 321.55 , 197.986 , 303.518 , 224.737 , 439.91 , 196.234 , 197.755 , 277.333 , 246.178 , 315.999 , 197.554 , 346.992 , 301.722 , 271.028 , 232.335 , 191.836 , 225.522 , 267.626 , 254.16 , 213.354 , 226.904 , 341.785 , 238.755 , 159.172 , 156.954 , 364.647 , 177.108 , 240.093 , 218.617 , 316.011 , 195.022 , 269.147 , 416.407 , 229.625 , 182.382 , 234.128 , 136.725 , 262.595 , 278.686 , 344.723 , 318.976 , 245.667 , 214.573 , 263.997 , 331.718 , 184.387 , 155.772 , 182.723 , 251.923 , 319.028 , 253.088 , 206.068 , 522.943 , 98.5937 , 133.985 , 222.686 , 131.149 , 213.326 , 217.465 , 199.214 , 228.247 , 208.925 , 251.294 , 122.883 , 393.83 , 158.401 , 308.676 , 193.85 , 231.163 , 64.127 , 221.292 , 182.198 , 271.615 , 150.252 , 240.897 , 156.074 , 334.627 , 244.756 , 116.016 , 88.7753 , 266.183 , 207.192 , 242.413 , 231.144 , 186.492 , 193.297 , 180.668 , 225.352 , 294.635 , 172.897 , 212.413 , 278.33 , 460.331 , 183.151 , 216.02 , 215.501 , 290.746 , 340.185 , 216.91 , 190.583 , 252.041 , 218.727 , 230.104 , 163.444 , 154.171 , 120.25 , 136.512 , 289.833 , 123.763 , 182.194 , 180.657 , 344.87 , 242.6 , 325.848 , 63.447 , 173.921 , 203.712 , 207.45 , 320.788 , 267.887 , 177.186 , 204.267 , 190.004 , 332.683 , 407.865 , 99.6333 , 252.241 , 255.898 , 126.385 , 365.273 , 114.452 , 361.159 , 281.196 , 308.734 , 296.022 , 163.877 , 138.966 , 151.17 , 170.152 , 206.879 , 282.474 , 321.5 , 309.132 , 178.505 , 197.893 , 251.892 , 169.6 , 143.926 , 90.28 , 232.979 , 313.641 , 259.444 , 249.977 , 210.843 , 167.298 , 238.955 , 341.621 , 255.216 , 196.819 , 166.372 , 279.427 , 262.611 , 269.256 , 310.158 , 