avg1=[227.28 , 210.1 , 217.481 , 193.948 , 146.425 , 43.906 , 401.092 , 305.323 , 219.52 , 212.507 , 257.52 , 209.857 , 272.657 , 125.322 , 239.748 , 248.846 , 242.452 , 417 , 278.486 , 208.612 , 158.1 , 251.277 , 277.193 , 214.376 , 317.624 , 221.937 , 153.331 , 162.172 , 225.959 , 201.582 , 238.487 , 226.522 , 375.648 , 238.616 , 177.966 , 156.569 , 245.179 , 158.116 , 185.622 , 382.982 , 139.23 , 246.262 , 238.093 , 242.29 , 160.837 , 303.113 , 166.278 , 198.725 , 169.786 , 237.287 , 397.007 , 217.949 , 280.767 , 175.19 , 174.559 , 217.807 , 211.217 , 195.136 , 219.115 , 452.036 , 216.891 , 205.16 , 402.28 , 415.123 , 111.157 , 171.409 , 60.7203 , 321.471 , 207.728 , 276.344 , 292.736 , 237.557 , 315.313 , 428.138 , 243.693 , 310.885 , 276.01 , 317.913 , 260.696 , 188.519 , 243.124 , 350.84 , 251.316 , 187.574 , 307.484 , 211.186 , 145.095 , 266.776 , 263.887 , 308.36 , 188.384 , 129.947 , 409.03 , 134.632 , 167.269 , 177.814 , 177.118 , 212.832 , 274.57 , 270.112 , 277.332 , 300.17 , 227.137 , 247.957 , 123.061 , 448.122 , 368.168 , 195.907 , 224.547 , 416.148 , 251.983 , 171.05 , 161.973 , 220.004 , 164.961 , 200.366 , 286.231 , 150.671 , 196.988 , 169.045 , 161.972 , 230.91 , 217.363 , 315.683 , 169.769 , 357.587 , 136.783 , 171.002 , 261.493 , 217.708 , 145.32 , 110.207 , 346.821 , 277.628 , 178.28 , 198.602 , 397.022 , 304.358 , 292.853 , 188.01 , 254.087 , 472.959 , 218.872 , 276.68 , 268.629 , 320.668 , 339.888 , 320.734 , 208.068 , 256.295 , 79.8713 , 259.77 , 410.876 , 216.198 , 309.225 , 330.04 , 244.171 , 295.547 , 251.89 , 134.427 , 241.255 , 137.311 , 299.595 , 273.671 , 216.046 , 132.184 , 238.769 , 208.224 , 380.959 , 119.642 , 196.535 , 311.963 , 188.031 , 236.398 , 377.866 , 60.1933 , 117.353 , 256.149 , 224.12 , 328.43 , 271.293 , 213.604 , 313.613 , 103.527 , 130.231 , 349.903 , 329.253 , 241.892 , 96.2973 , 154.338 , 184.353 , 382.2 , 167.528 , 75.905 , 147.268 , 183.918 , 122.76 , 257.509 , 169.076 , 158.32 , 181.899 , 268.771 , 269.048 , 221.494 , 319.991 , 230.329 , 560.546 , 266.609 , 143.492 , 217.821 , 241.689 , 222.733 , 361.16 , 267.163 , 372.422 , 332.973 , 265.745 , 371.045 , 135.574 , 183.414 , 207.427 , 218.107 , 183.186 , 300.437 , 290.915 , 389.775 , 273.873 , 292.883 , 154.113 , 163.053 , 324.19 , 293.531 , 187.544 , 150.779 , 277.311 , 161.217 , 283.356 , 358.675 , 183.954 , 182.865 , 207.893 , 201.209 , 81.6053 , 279.135 , 227.372 , 234.818 , 157.344 , 155.375 , 182.472 , 153.991 , 374.721 , 143.887 , 225.485 , 244.457 , 129.59 , 141.515 , 526.401 , 293.46 , 311.652 , 98.9477 , 98.436 , 344.279 , 223.314 , 312.146 , 121.653 , 245.458 , 319.214 , 236.773 , 210.867 , 92.8683 , 186.895 , 97.8963 , 351.814 , 207.546 , 224.2 , 287.337 , 230.427 , 220.44 , 122.459 , 199.938 , 154.564 , 225.598 , 104.857 , 256.389 , 233.415 , 289.378 , 218.038 , 256.588 , 241.145 , 253.586 , 267.555 , 358.354 , 248.482 , 197.643 , 162.66 , 170.991 , 275.579 , 344.147 , 234.976 , 201.847 , 168.883 , 298.003 , 396.55 , 100.733 , 175.281 , 233.121 , 382.268 , 130.977 , 209.932 , 121.845 , 190.358 , 257.889 , 211.746 , 228.161 , 129.197 , 139.225 , 293.613 , 147.542 , 243.467 , 277.455 , 180.346 , 183.282 , 286.444 , 346.481 , 228.041 , 278.197 , 339.897 , 140.438 , 80.058 , 276.992 , 231.49 , 185.324 , 243.572 , 169.508 , 245.091 , 204.13 , 314.374 , 280.841 , 195.75 , 210.528 , 216.798 , 301.127 , 466.574 , 298.522 , 335.461 , 221.566 , 241.928 , 342.204 , 170.392 , 524.369 , 160.007 , 159.751 , 202.029 , 209.3 , 168.389 , 150.09 , 316.608 , 298.395 , 278.024 , 218.397 , 179.593 , 252.974 , 208.091 , 194.07 , 230.355 , 168.659 , 401.168 , 198.083 , 185.543 , 124.657 , 363.783 , 212.792 , 177.401 , 293.149 , 339.818 , 119.642 , 315.55 , 165.011 , 154.748 , 154.78 , 244.513 , 124.245 , 169.967 , 300.568 , 294.839 , 143.795 , 112.531 , 384.937 , 262.158 , 236.354 , 130.913 , 143.645 , 279.607 , 310.323 , 242.173 , 184.584 , 280.382 , 141.386 , 269.706 , 172.258 , 245.467 , 281.899 , 331.401 , 296.467 , 209.768 , 238.466 , 264.42 , 172.136 , 321.705 , 206.145 , 213.484 , 166.036 , 345.62 , 345.992 , 257.183 , 179.731 , 121.718 , 229.69 , 106.861 , 461.184 , 100.99 , 199.797 , 222 , 200.132 , 206.706 , 458.208 , 319.926 , 217.329 , 180.606 , 234.241 , 336.35 , 217.269 , 365.204 , 233.428 , 234.164 , 263.881 , 243.032 , 186.281 , 213.601 , 278.035 , 235.366 , 144.779 , 176.093 , 344.732 , 276.16 , 300.643 , 205.286 , 224.263 , 203.604 , 202.578 , 177.433 , 176.123 , 300.762 , 127.078 , 287.544 , 216.285 , 188.576 , 141.067 , 145.071 , 151.175 , 231.731 , 178.168 , 240.163 , 309.575 , 252.514 , 263.372 , 274.843 , 211.903 , 227.442 , 139.168 , 145.659 , 248.96 , 174.197 , 182.51 , 222.976 , 250.786 , 347.309 , 231.697 , 371.889 , 253.856 , 186.627 , 245.809 , 334.666 , 264.012 , 227.095 , 231.351 , 419.857 , 280.277 , 283.788 , 401.435 , 262.904 , 264.796 , 198.645 , 297.793 , 216.072 , 267.932 , 176.71 , 336.578 , 307.15 , 421.647 , 110.02 , 201.179 , 269.906 , 168.138 , 341.851 , 345.651 , 325.917 , 215.14 , 145.473 , 238.789 , 239.209 , 296.832 , 504.154 , 443.378 , 196.133 , 190.996 , 256.683 , 137.411 , 156.079 , 291.266 , 211.366 , 231.68 , 185.086 , 229.421 , 307.761 , 195.482 , 284.501 , 147.847 , 335.315 , 184.775 , 211.461 , 216.062 , 154.576 , 190.321 , 207.83 , 175.496 , 184.169 , 297.681 , 119.498 , 131.432 , 261.921 , 282.11 , 227.077 , 325.331 , 249.293 , 349.541 , 168.787 , 61.706 , 409.561 , 214.238 , 105.599 , 303.877 , 159.316 , 229.977 , 288.574 , 245.851 , 83.4993 , 146.689 , 325.41 , 248.016 , 220.864 , 158.068 , 168.81 , 448.642 , 138.994 , 304.904 , 254.683 , 345.606 , 242.679 , 209.654 , 183.518 , 278.238 , 119.194 , 181.13 , 251.072 , 586.13 , 128.283 , 226.294 , 114.71 , 239.732 , 179.36 , 260.039 , 134.374 , 237.781 , 91.3567 , 158.567 , 244.362 , 143.459 , 206.884 , 174.579 , 196.683 , 200.964 , 165.971 , 267.018 , 93.952 , 180.427 , 160.317 , 184.663 , 189.977 , 252.445 , 194.072 , 248.449 , 241.819 , 188.439 , 289.588 , 322.19 , 266.494 , 205.856 , 329.544 , 202.478 , 142.365 , 286.806 , 143.525 , 198.3 , 361.744 , 342.351 , 264.886 , 283.069 , 154.312 , 155.047 , 165.271 , 164.937 , 417.527 , 146.28 , 245.006 , 230.122 , 281.879 , 339.212 , 197.915 , 296.658 , 233.196 , 173.082 , 199.934 , 161.65 , 164.146 , 275.095 , 203.031 , 184.311 , 371.728 , 277.948 , 300.908 , 348.358 , 287.548 , 511.032 , 171.556 , 237.624 , 184.688 , 278.328 , 138.732 , 267.931 , 312.142 , 148.263 , 292.198 , 354.055 , 205.729 , 128.673 , 248.319 , 181.374 , 292.079 , 240.545 , 232.745 , 193.854 , 158.506 , 198.659 , 211.342 , 242.082 , 201.293 , 185.918 , 164.599 , 326.203 , 187.733 , 207.804 , 284.137 , 319.881 , 216.59 , 308.7 , 154.737 , 213.951 , 302.025 , 218.998 , 257.615 , 205.063 , 198.157 , 247.779 , 185.964 , 218.754 , 199.243 , 346.246 , 154.177 , 185.84 , 238.335 , 224.543 , 267.307 , 221.981 , 199.072 , 100.713 , 87.749 , 219.372 , 213.02 , 237.381 , 212.277 , 223.54 , 319.708 , 375.16 , 247.496 , 242.668 , 182.843 , 280.273 , 374.691 , 311.184 , 188.578 , 493.931 , 259.178 , 201.961 , 245.329 , 199.683 , 264.305 , 427.245 , 428.083 , 300.123 , 414.31 , 223.805 , 212.202 , 142.639 , 258.128 , 296.622 , 195.422 , 215.532 , 204.1 , 278.655 , 95.6453 , 218.591 , 167.35 , 307.336 , 203.751 , 199.086 , 311.827 , 290.015 , 128.108 , 386.16 , 227.51 , 134.241 , 116.001 , 371.073 , 352.889 , 167.566 , 150.215 , 204.55 , 278.971 , 235.617 , 252.543 , 184.577 , 307.465 , 233.416 , 87.0997 , 233.991 , 268.702 , 232.529 , 303.293 , 186.007 , 301.392 , 309.953 , 244.678 , 189.48 , 114.522 , 192.054 , 355.031 , 279.575 , 354.782 , 303.686 , 503.801 , 214.115 , 283.155 , 259.954 , 240.074 , 321.019 , 164.104 , 151.374 , 178.459 , 251.27 , 130.66 , 265.189 , 225.035 , 246.665 , 251.15 , 233.525 , 162.56 , 182.98 , 259.137 , 175.285 , 203.222 , 177.167 , 192.438 , 210.824 , 152.354 , 190.189 , 227.308 , 254.375 , 358.603 , 659.771 , 154.523 , 228.269 , 312.596 , 159.616 , 297.473 , 247.537 , 233.343 , 273.331 , 186.661 , 271.38 , 