avg1=[360.93 , 290.876 , 280.775 , 243.099 , 242.757 , 197.314 , 273.761 , 168.743 , 194.812 , 214.377 , 246.304 , 258.662 , 272.454 , 264.868 , 241.762 , 312.092 , 212.962 , 318.922 , 243.126 , 191.478 , 264.636 , 165.639 , 195.506 , 208.198 , 310.985 , 296.111 , 308.431 , 253.087 , 264.145 , 196.02 , 237.255 , 297.029 , 213.044 , 214.279 , 299.27 , 248.277 , 199.202 , 185.51 , 289.166 , 253.871 , 233.638 , 179.717 , 174.944 , 198.735 , 209.017 , 217.267 , 227.418 , 256.459 , 324.059 , 191.906 , 245.168 , 207.688 , 214.806 , 210.502 , 265.538 , 256.581 , 257.903 , 334.218 , 229.165 , 277.05 , 264.328 , 224.575 , 268.916 , 258.25 , 268.305 , 310.232 , 254.18 , 270.117 , 290.623 , 274.558 , 211.881 , 240.691 , 222.652 , 289.716 , 200.272 , 198.869 , 282.671 , 237.659 , 162.373 , 229.59 , 313.235 , 293.44 , 229.857 , 259.079 , 201.725 , 272.563 , 141.557 , 202.521 , 362.215 , 200.752 , 209.878 , 137.129 , 298.88 , 249.258 , 202.704 , 235.41 , 258.452 , 281.192 , 209.637 , 296.559 , 194.626 , 277.607 , 297.718 , 316.44 , 195.572 , 220.565 , 329.031 , 261.553 , 175.538 , 248.06 , 217.827 , 333.114 , 328.801 , 294.011 , 206.083 , 268.064 , 207.399 , 210.256 , 165.728 , 258.297 , 232.696 , 255.242 , 183.756 , 235.622 , 220.394 , 209.256 , 215.522 , 208.644 , 216.198 , 200.916 , 203.564 , 200.274 , 198.742 , 207.713 , 278.049 , 321.882 , 233.873 , 176.098 , 225.689 , 240.902 , 259.882 , 354.657 , 246.966 , 289.378 , 242.529 , 195.722 , 234.209 , 274.159 , 261.493 , 276.833 , 185.512 , 280.946 , 280.921 , 233.095 , 231.023 , 191.859 , 305.288 , 242.653 , 262.652 , 257.741 , 179.671 , 244.95 , 182.631 , 159.824 , 216.717 , 217.115 , 327.081 , 281.536 , 177.009 , 236.911 , 214.59 , 272.192 , 225.367 , 244.637 , 241.364 , 314.912 , 253.109 , 187.67 , 256.422 , 203.684 , 237.381 , 271.026 , 234.097 , 208.964 , 251.86 , 194.313 , 268.924 , 201.043 , 201.261 , 246.03 , 239.506 , 205.558 , 281.038 , 196.528 , 291.214 , 225.679 , 301.749 , 160.299 , 289.572 , 253.544 , 158.415 , 259.439 , 215.627 , 220.068 , 197.8 , 292.58 , 226.521 , 263.428 , 254.403 , 211.336 , 260.238 , 222.945 , 280.75 , 226.254 , 288.213 , 268.271 , 271.569 , 235.373 , 245.456 , 192.133 , 246.186 , 237.454 , 228.379 , 214.979 , 243.093 , 274.652 , 150.538 , 207.898 , 183.961 , 194.951 , 232.418 , 231.872 , 314.721 , 274.345 , 181.406 , 301.389 , 262.115 , 237.446 , 187.288 , 232.423 , 287.476 , 223.059 , 162.203 , 241.434 , 211.063 , 174.36 , 284.527 , 201.32 , 181.411 , 245.191 , 221.027 , 192.105 , 198.687 , 306.029 , 259.938 , 296.877 , 328.224 , 203.444 , 174.244 , 224.387 , 265.076 , 237.494 , 205.884 , 188.123 , 260.451 , 216.31 , 254.079 , 160.163 , 310.793 , 310.965 , 206.473 , 276.181 , 233.416 , 179.237 , 223.241 , 287.698 , 230.577 , 174.702 , 203.632 , 226.056 , 200.525 , 219.883 , 228.78 , 140.983 , 198.255 , 285.866 , 225.011 , 231.813 , 245.905 , 295.495 , 271.743 , 259.448 , 247.58 , 210.482 , 273.261 , 304.706 , 260.829 , 241.711 , 179.914 , 195.929 , 309.77 , 239.81 , 194.79 , 212.076 , 200.488 , 200.433 , 191.429 , 225.617 , 281.304 , 300.609 , 301.042 , 236.755 , 202.885 , 250.724 , 172.524 , 178.133 , 208.984 , 239.21 , 225.023 , 229.784 , 173.534 , 285.604 , 220.447 , 253.779 , 215.514 , 278.923 , 236.743 , 172.018 , 187.772 , 201.195 , 217.312 , 242.261 , 251.889 , 226.816 , 208.333 , 189.848 , 234.732 , 162.097 , 295.638 , 255.448 , 232.68 , 149.596 , 223.934 , 338.145 , 242.829 , 190.125 , 259.083 , 220.859 , 255.746 , 242.961 , 251.821 , 201.807 , 233.673 , 232.876 , 245.09 , 216.035 , 219.861 , 200.968 , 179.113 , 255.687 , 223.278 , 250.383 , 236.007 , 225.766 , 220.339 , 214.543 , 190.346 , 202.233 , 194.977 , 191.751 , 174.561 , 131.177 , 238.1 , 242.997 , 266.176 , 234.173 , 198.303 , 280.854 , 212.385 , 249.247 , 249.913 , 217.172 , 224.688 , 228.057 , 282.572 , 322.541 , 201.994 , 300.745 , 203.676 , 190.443 , 304.917 , 225.256 , 261.891 , 198.743 , 320.595 , 308.787 , 270.385 , 191.019 , 332.153 , 187.142 , 252.385 , 165.857 , 254.924 , 346.963 , 272.938 , 211.227 , 245.212 , 287.942 , 220.68 , 232.802 , 236.116 , 230.808 , 253.809 , 200.623 , 191.085 , 258.357 , 229.661 , 197.273 , 230.487 , 243.323 , 280.407 , 227.574 , 219.567 , 175.47 , 224.241 , 194.605 , 296.821 , 229.462 , 194.482 , 186.375 , 229.569 , 148.993 , 250.115 , 332.407 , 203.506 , 274.381 , 217.771 , 167.985 , 216.123 , 245.916 , 255.508 , 244.734 , 188.288 , 293.122 , 280.86 , 289.734 , 256.63 , 231.604 , 204.058 , 228.586 , 194.092 , 272.801 , 300.816 , 226.631 , 192.688 , 183.742 , 185.241 , 232.013 , 255.643 , 275.989 , 239.628 , 203.309 , 219.648 , 251.133 , 220.207 , 255.886 , 287.975 , 238.777 , 308.268 , 298.422 , 197.482 , 237.705 , 217.376 , 249.251 , 239.006 , 191.352 , 244.125 , 281.73 , 213.949 , 213.877 , 263.535 , 272.875 , 188.396 , 240.889 , 181.938 , 224.809 , 256.953 , 207.604 , 239.478 , 320.118 , 211.672 , 205.153 , 274.77 , 211.838 , 230.559 , 234.222 , 212.519 , 243.929 , 251.734 , 233.361 , 220.926 , 218.347 , 213.002 , 227.13 , 300.816 , 158.229 , 239.238 , 300.322 , 201.184 , 257.089 , 228.604 , 210.119 , 357.614 , 225.958 , 237.36 , 233.35 , 216.745 , 311.271 , 176.275 , 178.96 , 155.66 , 215.63 , 209.852 , 273.63 , 175.351 , 201.537 , 244.17 , 269.701 , 208.199 , 179.753 , 224.983 , 268.367 , 227.951 , 240.685 , 272.784 , 221.018 , 308.544 , 291.232 , 228.43 , 167.29 , 249.97 , 253.804 , 291.364 , 187.211 , 224.855 , 260.942 , 133.595 , 197.723 , 181.213 , 287.632 , 194.33 , 200.409 , 187.421 , 274.386 , 218.047 , 256.992 , 243.983 , 216.748 , 200.089 , 197.885 , 203.63 , 268.121 , 190.228 , 198.016 , 194.535 , 281.846 , 322.952 , 232.687 , 212.77 , 286.171 , 224.049 , 277.693 , 232.172 , 240.087 , 271.599 , 250.413 , 227.049 , 280.036 , 287.517 , 254.206 , 278.065 , 246.528 , 230.392 , 189.031 , 253.576 , 351.531 , 183.736 , 211.715 , 241.691 , 236.232 , 288.565 , 288.456 , 230.816 , 257.761 , 175.024 , 202.848 , 233.903 , 221.05 , 242.487 , 207.788 , 195.779 , 247.007 , 301.841 , 259.475 , 264.414 , 200.804 , 187.014 , 246.487 , 177.627 , 199.132 , 258.22 , 190.515 , 257.422 , 165.365 , 203.272 , 211.539 , 250.128 , 264.503 , 203.495 , 197.037 , 229.317 , 192.609 , 328.808 , 257.793 , 238.663 , 250.734 , 276.863 , 253.721 , 196.1 , 267.514 , 248.737 , 211.996 , 254.586 , 219.667 , 280.587 , 194.334 , 261.99 , 302.27 , 273.128 , 226.325 , 238.759 , 217.829 , 243.582 , 231.689 , 228.985 , 205.246 , 188.225 , 243.175 , 228.895 , 283.569 , 178.815 , 187.641 , 236.441 , 280.725 , 198.732 , 276.335 , 280.856 , 200.59 , 219.129 , 193.028 , 227.719 , 254.087 , 258.084 , 196.427 , 259.894 , 228.763 , 264.461 , 182.208 , 307.134 , 284.029 , 185.437 , 314.019 , 185.864 , 241.826 , 238.108 , 220.967 , 228.87 , 233.954 , 293.851 , 301.09 , 277.193 , 283.763 , 253.214 , 230.144 , 179.731 , 235.321 , 210.679 , 257.843 , 271.97 , 275.492 , 241.351 , 231.794 , 162.013 , 193.86 , 179.264 , 226.163 , 264.095 , 250.129 , 180.76 , 247.399 , 217.925 , 188.177 , 268.324 , 252.319 , 209.658 , 245.6 , 240.778 , 253.58 , 250.202 , 306.907 , 212.827 , 212.66 , 200.596 , 166.655 , 277.873 , 275.999 , 234.708 , 240.498 , 316.71 , 324.991 , 205.912 , 204.574 , 232.376 , 270.921 , 175.019 , 255.102 , 239.614 , 193.034 , 217.646 , 246.433 , 197.758 , 235.707 , 207.73 , 255.928 , 263.188 , 238.351 , 261.101 , 266.714 , 189.245 , 277.642 , 187.849 , 221.763 , 237.322 , 225.646 , 180.665 , 235.107 , 215.162 , 169.537 , 199.97 , 220.784 , 268.312 , 231.249 , 282.695 , 239.138 , 207.806 , 213.887 , 333.446 , 205.84 , 287.983 , 269.52 , 236.95 , 252.276 , 184.618 , 281.178 , 226.26 , 296.927 , 271.573 , 230.205 , 348.034 , 181.492 , 281.649 , 291.344 , 337.848 , 184.455 , 150.068 , 218.783 , 233.044 , 262.879 , 310.683 , 195.681 , 227.158 , 282.386 , 158.744 , 219.078 , 227.819 , 232.38 , 248.847 , 171.308 , 232.163 , 191.14 , 215.411 , 221.398 , 203.06 , 223.465 , 315.116 , 238.377 , 227.591 , 221.137 , 267.672 , 258.781 , 311.94 , 204.422 , 175.968 , 246.199 , 227.86 , 222.573 , 242.884 , 