avg1=[225.359 , 215.263 , 400.326 , 193.434 , 159.771 , 271.815 , 262.284 , 258.793 , 356.139 , 315.921 , 276.039 , 282.354 , 191.057 , 260.413 , 190.322 , 218.412 , 245.999 , 271.177 , 432.64 , 285.509 , 172.775 , 154.846 , 166.679 , 261.351 , 155.385 , 253.977 , 183.226 , 176.327 , 214.615 , 199.796 , 274.884 , 197.117 , 307.279 , 212.057 , 262.945 , 213.117 , 232.968 , 308.32 , 376.907 , 195.115 , 292.59 , 175.341 , 182.939 , 249.229 , 261.934 , 189.357 , 182.408 , 160.351 , 181.637 , 250.88 , 305.361 , 163.973 , 226.489 , 139.039 , 322.673 , 205.581 , 146.053 , 351.068 , 212.171 , 320.009 , 217.573 , 234.775 , 198.747 , 237.524 , 220.94 , 220.268 , 289.851 , 288.656 , 211.201 , 158.657 , 199.826 , 162.694 , 161.369 , 333.819 , 237.113 , 277.907 , 297.338 , 225.34 , 128.826 , 402.963 , 248.487 , 284.94 , 203 , 361.897 , 278.654 , 207.46 , 250.41 , 248.089 , 203.001 , 239.701 , 205.062 , 222.177 , 189.231 , 210.784 , 219.901 , 282.408 , 138.979 , 195.334 , 159.033 , 229.265 , 177.25 , 241.48 , 372.434 , 260.065 , 239.834 , 211.984 , 237.351 , 257.392 , 156.405 , 216.657 , 239.422 , 310.534 , 233.103 , 171.009 , 234.003 , 202.256 , 174.273 , 151.289 , 277.769 , 167.863 , 151.77 , 230.854 , 219.857 , 221.993 , 247.293 , 243.49 , 212.04 , 170.847 , 311.801 , 321.359 , 169.197 , 159.346 , 352.754 , 135.773 , 155.395 , 248.837 , 302.536 , 167.336 , 263.251 , 252.79 , 317.837 , 204.394 , 397.577 , 238.702 , 216.478 , 236.196 , 241.145 , 223.796 , 158.104 , 284.238 , 140.986 , 146.213 , 229.946 , 270.011 , 329.209 , 215.005 , 161.112 , 152.083 , 198.927 , 187.781 , 173.005 , 279.297 , 174.002 , 164.1 , 193.272 , 272.364 , 223.878 , 315.88 , 221.983 , 330.043 , 274.415 , 345.478 , 219.532 , 192.957 , 183.298 , 177.645 , 265.48 , 263.968 , 214.989 , 390.737 , 263.373 , 232.624 , 282.799 , 257.353 , 322.318 , 328.729 , 214.269 , 216.032 , 174.508 , 390.357 , 224.742 , 283.403 , 225.797 , 239.259 , 199.421 , 170.55 , 234.726 , 222.544 , 324.032 , 221.814 , 130.576 , 419.935 , 144.632 , 176.391 , 187.696 , 229.83 , 324.336 , 265.709 , 263.736 , 322.613 , 247.385 , 264.124 , 198.806 , 155.073 , 288.254 , 165.45 , 217.49 , 303.226 , 207.5 , 195.302 , 306.399 , 216.83 , 179.571 , 214.703 , 220.935 , 230.172 , 153.494 , 210.254 , 252.587 , 220.144 , 132.695 , 227.593 , 245.004 , 178.563 , 170.51 , 220.041 , 289.63 , 232.503 , 146.049 , 216.127 , 184.707 , 143.349 , 201.272 , 214.228 , 403.133 , 338.062 , 259.866 , 239.55 , 162.999 , 309.402 , 189.094 , 201.224 , 249.573 , 196.497 , 226.306 , 187.377 , 403.602 , 204.445 , 185.975 , 359.959 , 277.995 , 292.182 , 179.626 , 188.664 , 198.871 , 277.796 , 181.9 , 154.631 , 277.009 , 197.561 , 199.808 , 209.73 , 218.427 , 189.019 , 284.917 , 268.438 , 245.304 , 239.085 , 220.363 , 202.472 , 249.18 , 110.303 , 104.54 , 289.894 , 239.032 , 173.381 , 347.664 , 322.09 , 197.471 , 197.204 , 189.732 , 225.106 , 201.577 , 224.155 , 273.934 , 335.435 , 150.042 , 237.681 , 227.187 , 193.246 , 252.247 , 426.362 , 145.659 , 177.978 , 200.223 , 149.181 , 148.031 , 175.132 , 219.36 , 215.953 , 162.895 , 246.73 , 168.765 , 166.083 , 202.342 , 223.36 , 202.636 , 231.384 , 125.805 , 268.09 , 210.331 , 140.545 , 161.135 , 285.205 , 218.718 , 218.752 , 354.433 , 183.35 , 352.313 , 380.379 , 225.866 , 294.337 , 164.26 , 195.828 , 197.375 , 145.791 , 227.307 , 201.917 , 211.15 , 218.708 , 257.996 , 169.818 , 224.085 , 319.619 , 213.878 , 123.556 , 182.566 , 208.491 , 201.757 , 201.992 , 181.105 , 453.851 , 205.56 , 261.755 , 316.665 , 274.404 , 143.162 , 189.936 , 282.023 , 197.929 , 177.51 , 194.667 , 214.682 , 169.538 , 237.072 , 249.805 , 203.72 , 283.393 , 310.6 , 261.396 , 272.522 , 201.386 , 199.59 , 254.277 , 225.076 , 229.23 , 315.141 , 148.675 , 299.971 , 229.835 , 265.989 , 225.271 , 215.418 , 278.88 , 310.719 , 206.446 , 185.439 , 287.255 , 147.73 , 273.77 , 288.709 , 357.006 , 223.34 , 260.351 , 287.541 , 357.698 , 251.204 , 193.371 , 245.409 , 290.125 , 338.52 , 181.095 , 240.775 , 145.565 , 205.926 , 134.675 , 207.068 , 247.309 , 185.438 , 336.401 , 210.929 , 173.8 , 135.471 , 176.071 , 221.028 , 250.725 , 291.392 , 231.696 , 197.253 , 215.572 , 153.48 , 275.183 , 313.229 , 242.708 , 187.532 , 360.166 , 272.744 , 144.799 , 215.473 , 213.7 , 191.164 , 407.35 , 332.736 , 259.117 , 190.641 , 245.795 , 239.726 , 179.513 , 392.408 , 245.616 , 203.757 , 238.221 , 206.665 , 334.001 , 174.583 , 276.32 , 317.976 , 192.843 , 212.448 , 240.714 , 281.938 , 135.739 , 339.509 , 215.105 , 228.755 , 247.907 , 236.369 , 223.542 , 319.303 , 239.55 , 202.154 , 232.501 , 189.199 , 156.571 , 175.022 , 246.847 , 231.933 , 217.342 , 224.406 , 314.251 , 252.195 , 265.407 , 306.506 , 286.229 , 246.11 , 261.902 , 353.746 , 171.744 , 285.092 , 183.234 , 200.608 , 224.193 , 277.599 , 151.99 , 215.94 , 234.205 , 233.264 , 225.535 , 265.445 , 259.258 , 242.205 , 247.141 , 178.284 , 341.822 , 478.358 , 229.979 , 147.684 , 296.352 , 264.641 , 194.235 , 270.364 , 218.45 , 232.669 , 319.243 , 312.922 , 132.698 , 212.993 , 325.994 , 252.434 , 211.792 , 160.326 , 233.691 , 293.378 , 347.281 , 209.854 , 240.408 , 195.196 , 284.104 , 139.39 , 248.004 , 219.277 , 195.249 , 189.911 , 280.428 , 336.607 , 188.822 , 294.231 , 262.908 , 244.406 , 332.179 , 201.573 , 272.76 , 136.997 , 364.868 , 380.496 , 224.697 , 141.57 , 247.778 , 223.338 , 227.565 , 206.686 , 148.288 , 214.464 , 342.569 , 243.605 , 285.776 , 178.992 , 124.287 , 264.303 , 358.946 , 300.196 , 158.09 , 294.155 , 172.375 , 244.892 , 154.808 , 261.504 , 234.497 , 346.735 , 264.931 , 325.797 , 355.464 , 231.4 , 161.964 , 137.587 , 118.186 , 255.879 , 305.1 , 174.832 , 153.663 , 204.697 , 182.56 , 201.052 , 156.347 , 330.553 , 306.743 , 251.508 , 211.749 , 314.67 , 254.11 , 180.784 , 203.658 , 301.676 , 184.323 , 173.148 , 331.912 , 285.355 , 210.824 , 201.924 , 179.092 , 135.526 , 258.455 , 133.994 , 279.786 , 242.88 , 240.569 , 205.692 , 163.357 , 214.201 , 344.802 , 244.511 , 264.786 , 177.579 , 180.83 , 309.202 , 228.755 , 142.97 , 315.926 , 174.215 , 158.508 , 199.791 , 203.71 , 228.171 , 155.383 , 231.713 , 428.907 , 293.15 , 206.926 , 253.04 , 131.92 , 434.446 , 316.843 , 294.791 , 342.85 , 177.339 , 213.914 , 341.047 , 278.79 , 203.053 , 232.327 , 290.594 , 242.307 , 323.509 , 269.13 , 182.41 , 273.652 , 213.796 , 145.699 , 246.997 , 213.789 , 327.926 , 180.976 , 264.06 , 241.74 , 184.503 , 181.988 , 209.76 , 172.993 , 293.534 , 212 , 261.186 , 207.673 , 112.325 , 192.556 , 196.055 , 352.907 , 214.101 , 209.542 , 134.483 , 220.748 , 269.339 , 230.44 , 236.112 , 176.778 , 199.879 , 136.07 , 345.543 , 166.138 , 221.563 , 242.597 , 198.999 , 164.931 , 166.177 , 171.165 , 314.247 , 405.769 , 324.32 , 201.497 , 291.192 , 319.592 , 200.294 , 330.891 , 252.701 , 383.723 , 289.497 , 242.745 , 241.073 , 212.69 , 280.331 , 200.881 , 392.013 , 206.411 , 198.289 , 190.642 , 292.287 , 290.34 , 214.785 , 185.62 , 166.515 , 221.457 , 288.142 , 236.457 , 347.602 , 285.409 , 170.135 , 204.583 , 315.797 , 142.441 , 196.836 , 186.042 , 196.715 , 179.899 , 311.079 , 263.159 , 255.618 , 226.533 , 138.891 , 236.811 , 278.794 , 237.896 , 172.545 , 270.364 , 186.387 , 209.766 , 204.035 , 268.537 , 216.844 , 249.1 , 223.668 , 262.037 , 216.536 , 182.441 , 274.301 , 225.201 , 204.409 , 127.602 , 202.766 , 173.429 , 359.578 , 255.514 , 249.406 , 206.069 , 261.698 , 183.273 , 175.12 , 180.435 , 215.382 , 188.244 , 346.782 , 210.736 , 163.478 , 201.775 , 198.228 , 286.33 , 216.848 , 278.502 , 242.563 , 140.286 , 251.545 , 186.103 , 261.875 , 340.684 , 166.891 , 258.587 , 198.572 , 183.41 , 396.233 , 281.851 , 412.843 , 305.149 , 249.309 , 275.983 , 236.813 , 233.245 , 202.901 , 252.196 , 162.157 , 242.544 , 237.37 , 174.247 , 254.986 , 185.446 , 242.457 , 199.689 , 219.899 , 236.74 , 380.685 , 305.446 , 147.201 , 179.877 , 207.027 , 144.134 , 328.708 , 217.083 , 169.754 , 234.846 , 270.733 , 238.656 , 125.264 , 331.097 , 143.068 , 182.896 , 200.59 , 212.722 , 302.088 , 159.712 , 165.268 , 175.826 , 183.452 , 232.015 , 