avg1=[286.593 , 191.511 , 252.058 , 198.61 , 240.527 , 187.878 , 178.291 , 170.771 , 174.243 , 180.303 , 244.087 , 257.76 , 219.128 , 309.442 , 226.193 , 214.131 , 228.269 , 249.21 , 347.704 , 137.856 , 242.19 , 286.017 , 270.967 , 250.672 , 408.542 , 349.587 , 236.072 , 197.997 , 182.078 , 239.176 , 251.774 , 262.259 , 387.855 , 203.251 , 276.395 , 345.836 , 237.111 , 256.162 , 211.858 , 236.526 , 247.416 , 198.21 , 238.297 , 152.102 , 294.905 , 196.052 , 244.378 , 238.534 , 205.671 , 256.283 , 249.567 , 208.593 , 164.072 , 323.59 , 166.685 , 179.07 , 199.835 , 232.622 , 267.734 , 300.753 , 243.562 , 256.639 , 226.706 , 337.995 , 275.756 , 281.805 , 212.523 , 167.667 , 206.55 , 232.489 , 204.361 , 205.864 , 262.104 , 279.591 , 210.558 , 265.007 , 322.47 , 215.545 , 266.815 , 271.084 , 172.074 , 295.096 , 211.358 , 202.682 , 214.458 , 248.396 , 137.305 , 145.146 , 310.833 , 197.324 , 280.939 , 194.277 , 307.585 , 187.574 , 209.092 , 195.015 , 233.357 , 247.636 , 204.847 , 261.476 , 165.254 , 321.487 , 321.437 , 239.041 , 154.075 , 224.432 , 238.701 , 274.444 , 178.675 , 279.158 , 285.18 , 321.355 , 203.622 , 254.358 , 230.376 , 289.248 , 247.025 , 234.018 , 223.04 , 223.834 , 236.269 , 230.494 , 211.05 , 226.952 , 219.52 , 301.968 , 187.403 , 172.554 , 215.525 , 238.53 , 159.852 , 181.433 , 251.75 , 258.149 , 249.267 , 244.366 , 284.048 , 239.584 , 201.628 , 212.494 , 295.179 , 201.457 , 228.7 , 191.836 , 291.018 , 216.656 , 252.84 , 203.059 , 275.289 , 249.71 , 209.314 , 318.879 , 259.948 , 242.33 , 196.266 , 214.14 , 196.4 , 245.363 , 210.514 , 320.519 , 190.641 , 203.707 , 204.818 , 208.731 , 262.313 , 178.078 , 161.984 , 262.527 , 205.985 , 264.469 , 181.076 , 216.802 , 317.17 , 305.196 , 192.212 , 175.252 , 312.113 , 178.374 , 179.237 , 269.711 , 323.953 , 227.854 , 228.347 , 212.707 , 223.179 , 316.494 , 254.233 , 154.034 , 183.026 , 214.775 , 167.395 , 239.493 , 205.065 , 272.464 , 171.866 , 264.234 , 208.953 , 192.231 , 243.656 , 274.272 , 186.187 , 173.39 , 207.793 , 187.58 , 237.277 , 218.338 , 268.729 , 283.488 , 273.889 , 265.01 , 249.468 , 321.85 , 214.554 , 207.113 , 213.807 , 173.312 , 271.633 , 281.816 , 233.724 , 313.297 , 186.422 , 220.81 , 282.972 , 177.514 , 220.382 , 309.903 , 219.667 , 348.211 , 191.347 , 197.812 , 237.927 , 240.123 , 185.984 , 329.005 , 213.706 , 292.15 , 205.673 , 184.71 , 233.278 , 241.933 , 231.064 , 206.157 , 153.116 , 294.229 , 222.975 , 246.956 , 297.203 , 186.991 , 218.883 , 198.168 , 242.809 , 222.078 , 226.676 , 261.732 , 257.868 , 210.319 , 338.469 , 260.217 , 133.833 , 284.516 , 282.775 , 225.701 , 218.151 , 276.285 , 252.538 , 269.182 , 257.699 , 237.365 , 130.088 , 231.332 , 163.17 , 193.68 , 302.067 , 271.045 , 296.966 , 296.319 , 218.326 , 241.3 , 190.446 , 212.759 , 248.674 , 183.953 , 282.268 , 289.12 , 250.324 , 171.394 , 267.477 , 179.557 , 319.739 , 289.973 , 232.986 , 268.513 , 165.948 , 236.403 , 289.64 , 270.043 , 137.488 , 272.716 , 169.229 , 305.909 , 167.902 , 221.073 , 199.252 , 189.164 , 209.083 , 132.781 , 267.062 , 269.374 , 326.342 , 259.772 , 221.338 , 227.596 , 255.455 , 189.782 , 251.753 , 180.819 , 276.658 , 181.927 , 185.048 , 253.269 , 160.853 , 309.394 , 297.068 , 227.224 , 227.92 , 205.991 , 241.007 , 170.72 , 227.894 , 324.618 , 203.184 , 176.364 , 298.287 , 264.152 , 235.877 , 162.083 , 299.801 , 218.198 , 347.639 , 298.704 , 293.568 , 253.891 , 217.485 , 318.11 , 417.153 , 213.297 , 239.968 , 308.144 , 294.577 , 262.74 , 210.147 , 173.473 , 252.172 , 180.085 , 246.432 , 289.221 , 216.857 , 205.123 , 149.918 , 329.819 , 336.981 , 272.187 , 206.334 , 231.674 , 316.763 , 160.241 , 253.348 , 186.519 , 186.358 , 293.164 , 201.989 , 184.225 , 263.408 , 161.2 , 253.323 , 157.128 , 219.688 , 282.377 , 196.869 , 195.549 , 249.992 , 169.912 , 217.552 , 215.117 , 229.017 , 174.23 , 234.008 , 250.153 , 247.722 , 151.953 , 334.885 , 295.495 , 263.591 , 183.854 , 278.524 , 210.109 , 201.735 , 262.89 , 242.066 , 226.094 , 311.076 , 215.7 , 262.477 , 168.91 , 317.202 , 299.542 , 265.814 , 181.792 , 254.746 , 309.482 , 219.877 , 186.56 , 264.162 , 262.164 , 303.118 , 268.801 , 323.701 , 227.035 , 198.015 , 220.5 , 212.67 , 203.42 , 338.508 , 289.23 , 278.181 , 264.904 , 154.459 , 180.463 , 208.144 , 179.142 , 285.776 , 222.886 , 180.024 , 151.807 , 250.476 , 396.953 , 221.279 , 233.267 , 202.939 , 302.53 , 234.143 , 197.308 , 257.407 , 283.134 , 363.077 , 203.079 , 258.5 , 280.547 , 274.921 , 295.628 , 197.736 , 270.024 , 209.557 , 213.429 , 222.978 , 299.079 , 256.946 , 350.085 , 253.15 , 145.624 , 198.476 , 230.466 , 215.213 , 287.064 , 275.861 , 197.54 , 199.357 , 217.798 , 236.291 , 281.126 , 372.821 , 150.19 , 270.043 , 257.017 , 265.94 , 209.437 , 226.507 , 181.865 , 249.114 , 176.053 , 204.708 , 163.897 , 260.671 , 192.173 , 181.817 , 261.911 , 225.693 , 212.874 , 273.017 , 285.939 , 221.854 , 235.748 , 194.149 , 265.387 , 228.685 , 322.993 , 296.563 , 314.964 , 227.38 , 208.284 , 241.614 , 350.605 , 189.777 , 244.922 , 164.596 , 204.249 , 248.522 , 302.197 , 218.351 , 260.033 , 351.427 , 279.493 , 446.696 , 203.408 , 237.553 , 201.272 , 316.396 , 309.364 , 148.059 , 191.214 , 239.902 , 163.705 , 166.458 , 213.377 , 284.071 , 263.502 , 319.153 , 179.927 , 288.091 , 210.326 , 295.994 , 367.042 , 218.089 , 249.474 , 255.616 , 184.861 , 228.788 , 233.627 , 152.791 , 311.691 , 226.243 , 287.929 , 175.228 , 192.737 , 194.586 , 248.952 , 145.618 , 181.65 , 242.51 , 198.919 , 159.979 , 328.633 , 172.628 , 278.373 , 271.76 , 202.298 , 194.969 , 391.712 , 262.021 , 210 , 244.189 , 223.452 , 214.08 , 262.237 , 222.644 , 213.48 , 245.581 , 223.832 , 185.175 , 337.678 , 217.504 , 184.35 , 215.251 , 248.608 , 165.63 , 255.847 , 259.124 , 231.031 , 179.18 , 199.663 , 367.553 , 150.66 , 208.289 , 151.611 , 223.154 , 288.746 , 200.315 , 222.516 , 248.076 , 221.796 , 253.812 , 261.093 , 172.072 , 284.89 , 251.596 , 187.624 , 268.998 , 189.641 , 281.78 , 164.729 , 184.906 , 223.627 , 295.523 , 199.263 , 321.362 , 266.949 , 188.075 , 149.749 , 263.415 , 148.756 , 323.285 , 267.95 , 139.682 , 222.908 , 209.179 , 274.524 , 284.01 , 253.245 , 163.193 , 304.475 , 242.163 , 217.864 , 233.091 , 268.806 , 254.53 , 249.179 , 295.068 , 235.501 , 304.283 , 255.182 , 316.62 , 322.631 , 209.428 , 165.807 , 247.751 , 212.764 , 171.498 , 203.308 , 245.862 , 202.805 , 225.219 , 197.226 , 261.283 , 223.633 , 188.78 , 185.461 , 205.823 , 218.849 , 301.04 , 173.259 , 194.416 , 202.662 , 307.338 , 246.405 , 181.874 , 162.512 , 294.515 , 288.887 , 160.692 , 231.423 , 163.354 , 275.648 , 191.825 , 191.366 , 198.731 , 198.472 , 248.961 , 201.348 , 306.892 , 192.408 , 259.675 , 273.798 , 223.589 , 232.469 , 217.958 , 201.357 , 244.74 , 205.152 , 314.674 , 306.318 , 276.153 , 223.376 , 233.861 , 219.122 , 197.284 , 255.468 , 281.765 , 254.069 , 325.621 , 215.736 , 192.933 , 240.898 , 182.729 , 173.317 , 143.923 , 246.25 , 267.94 , 207.725 , 236.724 , 229.888 , 259.397 , 210.854 , 180.508 , 222.544 , 219.255 , 264.314 , 201.563 , 262.6 , 241.364 , 152.381 , 214.215 , 228.132 , 453.623 , 241.788 , 246.273 , 221.413 , 281.365 , 350.115 , 201.446 , 362.71 , 267.34 , 300.625 , 166.255 , 290.364 , 181.513 , 299.052 , 215.737 , 132.763 , 343.558 , 286.183 , 374.566 , 254.759 , 168.472 , 296.262 , 217.542 , 221.643 , 227.666 , 241.656 , 277.691 , 327.268 , 203.911 , 247.808 , 229.311 , 170.788 , 238.574 , 264.594 , 227.35 , 244.155 , 248.969 , 256.73 , 173.093 , 187.764 , 201.642 , 196.596 , 190.684 , 155.8 , 248.438 , 205.814 , 184.112 , 271.975 , 277.723 , 238.46 , 237.67 , 272.198 , 330.708 , 289.06 , 228.926 , 224.539 , 213.369 , 141.172 , 214.871 , 292.45 , 366.505 , 221.435 , 206.53 , 279.645 , 189.513 , 147.733 , 233.493 , 299.368 , 248.265 , 276.01 , 240.26 , 270.849 , 233.66 , 203.271 , 209.087 , 184.453 , 280.102 , 202.19 , 239.899 , 165.224 , 207.364 , 233.922 , 251.275 , 156.002 , 309.371 , 214.768 , 339.643 , 180.719 , 250.343 , 288.942 , 280.915 , 181.289 , 234.069 , 164.469 , 151.779 , 273.745 , 164.838 , 