avg1=[229.48 , 200.848 , 245.726 , 191.451 , 349.487 , 314.901 , 194.266 , 264.829 , 237.016 , 206.389 , 186.679 , 322.345 , 209.552 , 282.288 , 211.453 , 208.712 , 221.302 , 282.369 , 243.551 , 199.451 , 221.816 , 275.88 , 182.985 , 206.738 , 275.879 , 273.664 , 231.596 , 279.448 , 225.135 , 148.129 , 268.049 , 240.579 , 316.805 , 217.996 , 217.47 , 213.662 , 241.785 , 249.913 , 226.431 , 331.582 , 183.774 , 191.863 , 305.71 , 211.768 , 205.658 , 254.973 , 220.228 , 191.812 , 245.541 , 215.975 , 279.668 , 207.329 , 205.668 , 172.495 , 214.738 , 189.998 , 298.476 , 275.77 , 255.09 , 276.793 , 260.778 , 237.081 , 221.922 , 172.04 , 215.916 , 287.814 , 225.422 , 250.788 , 228.263 , 209.247 , 265.905 , 265.308 , 216.262 , 328.845 , 190.119 , 179.45 , 214.67 , 246.9 , 232.379 , 238.843 , 247.95 , 224.996 , 231.469 , 317.283 , 260.16 , 244.486 , 156.767 , 248.049 , 261.627 , 205.087 , 242.324 , 183.625 , 167.322 , 265.158 , 198 , 240.127 , 224.21 , 250.886 , 232.28 , 231.126 , 155.209 , 241.81 , 244.867 , 200.571 , 296.413 , 291.524 , 304.732 , 271.814 , 214.928 , 227.116 , 212.78 , 312.861 , 217.733 , 216.232 , 234.187 , 189.227 , 184.791 , 186.071 , 233.251 , 198.582 , 268.314 , 248.248 , 271.876 , 253.063 , 209.594 , 184.079 , 212.01 , 199.139 , 271.707 , 247.245 , 237.107 , 302.825 , 315.287 , 251.24 , 284.072 , 272.181 , 206.141 , 291.643 , 272.234 , 261.493 , 245.996 , 216.811 , 231.049 , 254.555 , 228.486 , 152.164 , 296.412 , 163.849 , 189.08 , 207.501 , 268.271 , 225.816 , 257.339 , 251.119 , 293.909 , 226.062 , 266.593 , 167.748 , 246.196 , 276.358 , 207.34 , 270.783 , 231.225 , 257.495 , 251.003 , 268.719 , 232.724 , 150.591 , 232.086 , 249.969 , 194.428 , 247.743 , 201.704 , 310.841 , 225.353 , 183.837 , 179.682 , 215.53 , 241.519 , 271.479 , 232.555 , 320.163 , 206.02 , 276.899 , 240.062 , 194.628 , 238.309 , 270.598 , 226.953 , 265.329 , 229.422 , 260.001 , 171.845 , 220.034 , 166.134 , 269.631 , 196.532 , 254.508 , 237.812 , 305.1 , 198.58 , 190.287 , 268.119 , 222.633 , 289.789 , 246.572 , 303.187 , 250.956 , 318.606 , 218.182 , 250.606 , 197.562 , 286.445 , 197.857 , 296.526 , 161.358 , 337.035 , 320.049 , 210.781 , 248.615 , 160.43 , 241.457 , 226.609 , 145.498 , 207.201 , 267.022 , 277.81 , 186.929 , 289.184 , 246.74 , 219.423 , 197.307 , 211.797 , 216.313 , 195.365 , 189.257 , 196.447 , 254.731 , 258.834 , 281.709 , 329.995 , 337.196 , 227.126 , 285.125 , 205.032 , 228.231 , 242.388 , 270.539 , 271.128 , 280.155 , 268.328 , 204.271 , 200.763 , 209.539 , 214.076 , 225.108 , 341.166 , 272.911 , 146.551 , 286.31 , 191.439 , 206.458 , 240.977 , 220.058 , 161.304 , 232.124 , 245.931 , 175.795 , 182.432 , 231.164 , 234.755 , 242.302 , 271.148 , 177.069 , 215.284 , 258.572 , 242.9 , 244.608 , 292.494 , 212.41 , 207.022 , 220.666 , 202.09 , 269.049 , 188.574 , 169.554 , 202.01 , 279.834 , 289.456 , 254.065 , 279.089 , 240.55 , 257.679 , 230.17 , 276.314 , 190.314 , 189.689 , 227.602 , 260.041 , 165.038 , 196.906 , 293.013 , 196.769 , 221.311 , 192.654 , 257.63 , 200.518 , 256.502 , 217.206 , 299.958 , 235.842 , 286.891 , 179.144 , 242.651 , 267.015 , 344.41 , 242.773 , 213.077 , 280.495 , 330.54 , 200.037 , 239.761 , 265.223 , 241.762 , 239.937 , 329.85 , 229.001 , 188.794 , 190.792 , 192.62 , 210.011 , 180.435 , 263.947 , 158.897 , 221.645 , 138.392 , 237.236 , 222.315 , 232.126 , 176.517 , 252.131 , 185.857 , 282.773 , 184.457 , 269.532 , 227.268 , 200.874 , 270.596 , 210.093 , 186.571 , 258.038 , 217.585 , 210.136 , 245.562 , 189.488 , 210.64 , 213.7 , 157.983 , 248.574 , 298.315 , 237.759 , 185.786 , 204.866 , 204.636 , 254.168 , 229.048 , 254.832 , 226.178 , 241.682 , 274.963 , 195.874 , 238.558 , 262.354 , 196.7 , 220.439 , 253.541 , 271.973 , 201.402 , 171.395 , 246.734 , 243.97 , 238.917 , 198.861 , 275.18 , 285.002 , 248.818 , 211.025 , 275.242 , 266.155 , 262.587 , 255.697 , 267.964 , 224.217 , 212.694 , 278.631 , 203.001 , 273.963 , 186.117 , 260.94 , 279.565 , 227.49 , 265.037 , 195.495 , 275.991 , 272.491 , 236.546 , 190.409 , 239.051 , 190.048 , 285.374 , 210.993 , 220.766 , 218.471 , 176.873 , 198.857 , 184.845 , 265.967 , 240.771 , 241.605 , 200.079 , 159.847 , 222.288 , 218.031 , 198.642 , 248.596 , 187.009 , 188.397 , 185.76 , 264.017 , 233.58 , 229.135 , 266.6 , 249.404 , 197.942 , 232.105 , 206.263 , 285.119 , 246.86 , 224.747 , 303.999 , 229.446 , 218.137 , 312.542 , 221.806 , 268.894 , 212.5 , 239.224 , 214.504 , 169.013 , 202.539 , 218.176 , 232.688 , 279.916 , 222.983 , 186.087 , 240.305 , 273.876 , 244.494 , 231.78 , 262.929 , 186.159 , 179.484 , 186.372 , 192.729 , 245.905 , 210.011 , 222.626 , 240.184 , 220.348 , 358.563 , 252.657 , 228.883 , 368.963 , 237.438 , 228.434 , 248.839 , 223.565 , 214.965 , 270.08 , 198.169 , 203.983 , 213.429 , 184.948 , 277.237 , 186.312 , 164.349 , 256.781 , 242.548 , 255.381 , 256.224 , 192.278 , 272.079 , 218.709 , 188.719 , 175.642 , 266.307 , 239.531 , 136.99 , 244.817 , 300.662 , 202.499 , 250.108 , 239.188 , 203.252 , 205.912 , 189.05 , 239.784 , 172.24 , 197.821 , 333.265 , 214.901 , 208.539 , 316.143 , 215.417 , 228.416 , 276.948 , 204.493 , 251.353 , 178.793 , 238.839 , 225.814 , 227.596 , 268.522 , 273.926 , 257.132 , 346.325 , 267.362 , 251.616 , 181.409 , 228.917 , 126.847 , 229.82 , 259.745 , 210.13 , 245.77 , 184.527 , 273.571 , 222.057 , 286.651 , 231.175 , 165.552 , 231.846 , 306.389 , 267.601 , 201.552 , 284.241 , 167.979 , 202.53 , 237.583 , 192.354 , 219.503 , 249.96 , 162.909 , 305.213 , 239.088 , 268.951 , 193.25 , 173.9 , 253.857 , 220.911 , 199.646 , 258.587 , 195.284 , 219.969 , 172.652 , 237.021 , 295.369 , 239.874 , 255.125 , 247.814 , 192.978 , 231.009 , 242.425 , 255.146 , 268.429 , 250.664 , 245.941 , 252.781 , 296.757 , 231.256 , 282.342 , 213.548 , 259.232 , 172.117 , 194.942 , 269.266 , 244.115 , 246.989 , 232.016 , 247.062 , 207.603 , 211.752 , 182.998 , 238.576 , 242.142 , 163.894 , 241.752 , 198.279 , 279.723 , 190.365 , 201.527 , 206.028 , 288.845 , 240.77 , 254.94 , 275.93 , 237.58 , 153.952 , 222.169 , 173.216 , 298.603 , 264.105 , 189.611 , 220.458 , 250.267 , 227.626 , 169.978 , 209.238 , 180.43 , 223.019 , 253.734 , 229.821 , 272.305 , 262.152 , 303.469 , 224.274 , 212.457 , 198.668 , 179.107 , 264.162 , 256.795 , 218.364 , 284.425 , 158.436 , 286.216 , 257.83 , 256.273 , 188.177 , 352.104 , 235.824 , 278.104 , 180.374 , 214.373 , 267.668 , 248.096 , 250.41 , 219.121 , 219.514 , 270.412 , 254.113 , 194.584 , 244.01 , 231.106 , 216.587 , 256.026 , 204.859 , 244.107 , 299.807 , 174.245 , 229.883 , 270.196 , 219.933 , 255.355 , 184.901 , 208.372 , 265.176 , 288.968 , 247.134 , 251.782 , 180.112 , 226.895 , 225.13 , 237.157 , 215.315 , 194.16 , 234.639 , 239.358 , 163.765 , 297.698 , 259.722 , 232.42 , 141.631 , 181.544 , 260.992 , 273.274 , 244.599 , 341.747 , 256.174 , 213.55 , 226.198 , 237.882 , 214.417 , 204.119 , 221.574 , 185.509 , 245.483 , 295.431 , 265.997 , 227.198 , 298.524 , 270.211 , 176.218 , 268.703 , 237.544 , 222.506 , 237.48 , 266.936 , 184.828 , 278.575 , 249.48 , 264.219 , 250.797 , 214.736 , 189.21 , 160.346 , 258.679 , 195.956 , 216.854 , 314.067 , 237.96 , 169.245 , 294.555 , 220.83 , 267.587 , 228.514 , 211.81 , 208.544 , 193.851 , 313.718 , 271.244 , 184.927 , 217.443 , 306.753 , 285.29 , 219.454 , 296.595 , 164.234 , 185.119 , 267.072 , 254.058 , 205.514 , 172.008 , 210.44 , 175.615 , 245.34 , 251.985 , 181.091 , 190.805 , 229.302 , 323.375 , 208.745 , 158.906 , 252.69 , 221.131 , 212.69 , 210.311 , 233.53 , 227.647 , 186.077 , 210.965 , 237.008 , 276.469 , 217.01 , 218.967 , 227.735 , 353.148 , 201.3 , 211.579 , 284.441 , 268.447 , 155.216 , 224.807 , 278.741 , 307.928 , 263.203 , 231.483 , 229.84 , 178.654 , 217.034 , 213.304 , 242.693 , 347.081 , 240.404 , 235.212 , 222.133 , 237.045 , 216.408 , 265.303 , 185.157 , 212.477 , 172.936 , 270.879 , 232.439 , 233.419 , 268.709 , 288.325 , 188.806 , 262.493 , 291.188 , 177.606 , 299.65 , 227.75 , 261.501 , 215.77 , 232.933 , 209.643 , 205.227 , 312.233 , 166.442 , 271.117 , 