avg1=[226.776 , 247.792 , 198.25 , 272.39 , 223.158 , 333.227 , 189.088 , 151.813 , 416.29 , 248.916 , 221.046 , 249.131 , 314.791 , 259.072 , 302.438 , 192.526 , 145.012 , 179.565 , 208.964 , 267.92 , 277.942 , 173.693 , 259.282 , 270.381 , 343.113 , 349.545 , 219.218 , 263.231 , 200.092 , 129.159 , 233.148 , 165.422 , 200.835 , 184.524 , 188.644 , 266.361 , 112.934 , 159.914 , 297.974 , 225.678 , 187.2 , 105.344 , 247.38 , 208.407 , 210.618 , 133.151 , 200.924 , 114.289 , 227.196 , 215.867 , 224.75 , 182.403 , 257.745 , 239.161 , 187.991 , 134.053 , 191.117 , 328.718 , 366.398 , 245.762 , 288.741 , 161.62 , 246.635 , 389.623 , 165.349 , 209.773 , 283.387 , 116.809 , 150.462 , 201.183 , 176.355 , 416.518 , 379.392 , 276.589 , 219.444 , 266.059 , 191.076 , 184.969 , 145.689 , 267.435 , 212.966 , 270.091 , 155.074 , 299.596 , 194.513 , 457.529 , 200.437 , 208.908 , 246.053 , 141.357 , 178.705 , 246.613 , 231.882 , 157.932 , 227.538 , 286.419 , 127.945 , 204.15 , 298.337 , 166.333 , 218.727 , 362.217 , 191.861 , 327.75 , 260.35 , 292.352 , 115.615 , 327.675 , 152.004 , 112.127 , 208.406 , 373.475 , 515.424 , 179.665 , 123.073 , 180.223 , 284.369 , 303.592 , 173.717 , 290.19 , 106.321 , 308.18 , 186.022 , 213.865 , 260.473 , 287.821 , 207.431 , 166.299 , 246.813 , 266.491 , 148.902 , 223.312 , 177.653 , 151.334 , 226.709 , 239.358 , 270.816 , 90.843 , 309.187 , 236.577 , 207.623 , 240.268 , 272.873 , 139.589 , 286.723 , 194.64 , 225.844 , 122.007 , 199.241 , 225.068 , 197.216 , 196.484 , 188.507 , 282.867 , 202.868 , 152.102 , 736.865 , 191.202 , 58.781 , 82.058 , 140.021 , 330.937 , 244.885 , 114.986 , 300.442 , 189.531 , 252.236 , 147.701 , 188.382 , 271.055 , 275.504 , 291.791 , 178.456 , 377.019 , 360.768 , 344.718 , 277.298 , 193.783 , 292.507 , 233.218 , 207.233 , 147.554 , 264.814 , 248.947 , 185.717 , 231.853 , 258.731 , 198.949 , 262.288 , 191.368 , 427.621 , 405.715 , 246.339 , 67.9927 , 226.168 , 212.459 , 191.002 , 181.598 , 132.792 , 82.363 , 221.651 , 281.25 , 157.962 , 180.672 , 249.146 , 210.145 , 140.355 , 359.444 , 177.085 , 279.09 , 275.416 , 387.594 , 184.526 , 166.172 , 380.788 , 155.121 , 178.667 , 304.492 , 145.459 , 193.631 , 117.648 , 165.386 , 225.751 , 262.129 , 248.925 , 358.482 , 155.519 , 348.174 , 295.668 , 247.664 , 124.691 , 267.92 , 117.527 , 227.007 , 219.719 , 312.807 , 268.072 , 317.701 , 343.537 , 155.652 , 169.692 , 261.798 , 210.052 , 140.6 , 205.819 , 220.535 , 142.512 , 303.822 , 166.82 , 273.984 , 240.945 , 228.863 , 189.112 , 164.203 , 238.193 , 192.708 , 270.392 , 138.515 , 175.135 , 153.092 , 137.215 , 287.203 , 285.061 , 307.745 , 282.719 , 310.523 , 361.814 , 373.603 , 86.984 , 163.762 , 176.423 , 135.973 , 312.954 , 203.021 , 241.72 , 186.845 , 226.457 , 276.373 , 244.106 , 207.939 , 276.395 , 244.494 , 220.615 , 258.872 , 303.994 , 149.799 , 203.515 , 215.172 , 168.024 , 162.218 , 229.531 , 212.83 , 128.748 , 135.989 , 262.102 , 411.699 , 245.405 , 343.591 , 134.36 , 172.422 , 227.218 , 276.195 , 410.345 , 181.432 , 82.9463 , 262.011 , 307.78 , 215.518 , 297.214 , 286.303 , 142.93 , 181.466 , 94.2573 , 179.468 , 252.472 , 202.992 , 79.6853 , 154.358 , 198.037 , 250.303 , 262.267 , 183.47 , 265.163 , 244.609 , 225.817 , 147.725 , 325.641 , 205.522 , 234.975 , 386.239 , 217.723 , 205.746 , 161.494 , 220.403 , 215.432 , 166.381 , 282.169 , 192.868 , 182.347 , 321.866 , 407.606 , 177.338 , 291.711 , 93.095 , 211.753 , 232.05 , 250.242 , 249.392 , 208.247 , 370.349 , 126.317 , 185.672 , 222.3 , 274.882 , 156.546 , 193.277 , 292.525 , 275.312 , 316.355 , 213.735 , 265.409 , 159.215 , 287.38 , 194.496 , 228.426 , 269.987 , 333.966 , 310.239 , 252.505 , 154.054 , 244.548 , 225.727 , 128.381 , 169.002 , 234 , 240.381 , 175.986 , 145.517 , 117.542 , 176.24 , 127.616 , 233.082 , 258.928 , 234.958 , 250.848 , 212.353 , 395.217 , 234.482 , 173.287 , 266.536 , 168.39 , 353.248 , 224.022 , 204.419 , 189.581 , 145.082 , 345.476 , 223.212 , 195.86 , 109.964 , 223.231 , 282.068 , 101.508 , 411.179 , 271.961 , 202.464 , 345.116 , 230.778 , 293.377 , 312.783 , 343.896 , 129.493 , 158.024 , 216.835 , 146.262 , 222.606 , 306.009 , 212.923 , 251.394 , 187.834 , 303.428 , 123.535 , 276.383 , 368.123 , 157.156 , 121.39 , 310.559 , 218.347 , 199.944 , 239.912 , 238.103 , 344.397 , 255.44 , 327.314 , 231.983 , 308.548 , 319.314 , 277.729 , 218.449 , 231.123 , 214.746 , 207.6 , 281.509 , 263.742 , 218.041 , 273.436 , 185.192 , 338.062 , 263.158 , 224.238 , 252.481 , 221.991 , 247.763 , 149.582 , 281.714 , 248.837 , 199.388 , 176.419 , 357.665 , 202.437 , 329.73 , 267.808 , 263.878 , 322.828 , 285.651 , 215.116 , 445.364 , 192.724 , 251.718 , 203.414 , 218.545 , 158.711 , 345.974 , 429.313 , 121.891 , 183.502 , 371.357 , 178.234 , 237.028 , 97.358 , 134.387 , 188.757 , 231.986 , 331.376 , 257.171 , 210.337 , 206.222 , 270.851 , 156.014 , 211.155 , 269.881 , 97.9897 , 182.291 , 208.781 , 430.622 , 232.802 , 191.109 , 140.608 , 237.744 , 243.43 , 181.325 , 217.374 , 225.468 , 248.342 , 303.712 , 211.834 , 366.33 , 286.158 , 246.828 , 221.811 , 164.787 , 259.697 , 447.539 , 147.987 , 286.444 , 214.642 , 134.046 , 97.872 , 225.582 , 130.251 , 153.886 , 208.242 , 498.526 , 332.079 , 170.008 , 134.04 , 352.539 , 278.617 , 210.012 , 200.749 , 236.474 , 170.353 , 248.107 , 289.138 , 148.384 , 199.602 , 208.133 , 295.592 , 229.545 , 264.85 , 223.947 , 268.05 , 157.401 , 155.557 , 158.083 , 242.879 , 227.135 , 326.459 , 332.372 , 166.772 , 189.004 , 279.914 , 249.07 , 147.193 , 278.14 , 424.409 , 357.382 , 144.315 , 321.875 , 256.293 , 168.759 , 199.072 , 245.892 , 390.244 , 169.741 , 282.032 , 463.341 , 347.175 , 183.02 , 330.664 , 288.091 , 189.074 , 165.668 , 318.381 , 251.728 , 242.151 , 295.02 , 133.661 , 174.674 , 221.233 , 166.388 , 265.531 , 332.459 , 252.758 , 148.278 , 283.086 , 259.179 , 218.844 , 278.248 , 228.342 , 201.23 , 191.208 , 220.77 , 108.316 , 223.032 , 276.838 , 92.6707 , 164.142 , 264.026 , 299.599 , 235.695 , 318.921 , 255.521 , 202.302 , 336.637 , 299.326 , 416.435 , 126.151 , 210.471 , 133 , 263.738 , 305.724 , 175.461 , 200.485 , 156.478 , 219.259 , 343.211 , 226.038 , 189.292 , 117.518 , 327.023 , 186.717 , 136.151 , 209.86 , 200.697 , 139.998 , 342.432 , 324.946 , 300.636 , 192.243 , 215.738 , 226.474 , 239.326 , 192.552 , 217.215 , 201.415 , 159.855 , 112.47 , 202.882 , 347.971 , 709.679 , 287.377 , 173.449 , 142.436 , 281.941 , 178.382 , 232.287 , 353.365 , 197.082 , 348.398 , 221.625 , 270.015 , 240.996 , 262.123 , 137.229 , 252.71 , 247.855 , 235.123 , 246.821 , 194.413 , 269.239 , 248.049 , 286.758 , 197.258 , 192.949 , 369.328 , 249.794 , 216.136 , 236.728 , 190.569 , 259.812 , 309.889 , 193.381 , 211.615 , 373.107 , 324.374 , 192.724 , 244.223 , 338.56 , 194.029 , 144.527 , 275.012 , 334.795 , 316.641 , 309.467 , 262.359 , 391.979 , 420.439 , 450.593 , 203.115 , 286.271 , 136.547 , 117.8 , 150.636 , 160.203 , 215.648 , 200.769 , 178.67 , 130.896 , 447.539 , 182.499 , 321.578 , 308.095 , 192.417 , 168.1 , 362.863 , 204.525 , 282.758 , 400.646 , 300.071 , 288.251 , 307.122 , 146.205 , 197.475 , 256.048 , 218.765 , 369.569 , 144.428 , 358.912 , 148.004 , 234.545 , 301.493 , 222.321 , 285.793 , 200.988 , 196.214 , 271.12 , 196.453 , 190.644 , 169.361 , 213.036 , 289.606 , 266.308 , 167.926 , 179.093 , 172.058 , 147.046 , 169.874 , 247.238 , 395.842 , 178.236 , 248.626 , 203.563 , 286.25 , 160.143 , 301.554 , 416.167 , 257.128 , 313.048 , 233.795 , 278.79 , 89.4607 , 212.963 , 182.443 , 164.216 , 242.823 , 219.408 , 293.399 , 139.262 , 130.271 , 312.395 , 203.003 , 279.286 , 196.1 , 127.286 , 186.244 , 304.583 , 258.169 , 456.627 , 223.502 , 152.657 , 246.299 , 299.434 , 229.2 , 168.162 , 234.967 , 314.664 , 436.233 , 295.24 , 319.376 , 182.631 , 163.413 , 196.798 , 253.609 , 233.649 , 239.333 , 171.224 , 284.882 , 180.213 , 232.649 , 74.2937 , 234.629 , 173.314 , 221.214 , 199.856 , 423.454 , 139.248 , 161.69 , 210.139 , 313.7 , 150.685 , 221.917 , 99.9393 , 267.602 , 263.528 , 139.349 , 198.624 , 284.29 , 