avg1=[196.718 , 178.828 , 194.595 , 319.294 , 158.183 , 152.712 , 247.415 , 207.255 , 188.003 , 309.574 , 163.572 , 144.519 , 296.176 , 407.002 , 117.569 , 299.1 , 282.003 , 162.551 , 305.934 , 229.63 , 298.249 , 210.494 , 258.412 , 274.611 , 187.991 , 242.848 , 195.75 , 240.411 , 166.887 , 200.473 , 200.214 , 194.331 , 257.358 , 219.535 , 176.735 , 170.756 , 185.096 , 224.862 , 109.609 , 234.771 , 143.758 , 166.669 , 228.876 , 255.236 , 294.481 , 232.931 , 235.608 , 221.313 , 233.35 , 236.646 , 181.221 , 287.54 , 334.997 , 197.897 , 206.948 , 181.608 , 214.085 , 188.244 , 257.955 , 179.021 , 349.229 , 308.958 , 151.26 , 188.063 , 175.887 , 317.231 , 160.587 , 310.145 , 147.431 , 286.555 , 217.727 , 258.787 , 297.855 , 291.276 , 131.053 , 190.763 , 273.689 , 225.114 , 260.348 , 397.057 , 332.568 , 269.515 , 216.301 , 257.388 , 257.921 , 161.521 , 152.883 , 125.124 , 324.783 , 189.665 , 285.106 , 159.984 , 143.834 , 224.177 , 265.839 , 239.529 , 305.366 , 182.461 , 303.137 , 171.435 , 113.649 , 154.669 , 178.811 , 337.95 , 318.929 , 197.759 , 324.799 , 378.983 , 212.551 , 182.913 , 159.63 , 282.553 , 178.823 , 178.919 , 203.209 , 112.451 , 239.454 , 235.311 , 195.649 , 267.326 , 179.968 , 186.523 , 241.687 , 240.222 , 235.846 , 260.541 , 355.975 , 226.903 , 330.225 , 325.717 , 169.297 , 164.841 , 139.816 , 215.07 , 251.279 , 243.042 , 242.918 , 471.494 , 152.927 , 277.018 , 246.167 , 189.38 , 185.846 , 275.577 , 235.667 , 209.998 , 219.242 , 191.546 , 165.756 , 228.958 , 248.92 , 265.57 , 251.999 , 222.095 , 182.895 , 258.058 , 252.503 , 202.411 , 200.688 , 244.279 , 224.616 , 249.932 , 224.138 , 249.718 , 299.767 , 135.425 , 307.844 , 219.892 , 192.005 , 246.14 , 261.225 , 288.865 , 260.758 , 406.814 , 244.102 , 226.972 , 356.378 , 208.392 , 157.733 , 461.021 , 218.431 , 243.922 , 185.647 , 307.05 , 165.902 , 258.251 , 271.476 , 407.492 , 238.177 , 305.775 , 334.785 , 233.734 , 310.316 , 154.071 , 219.722 , 202.923 , 206.786 , 227.07 , 265.082 , 267.331 , 151.115 , 314.225 , 333.182 , 237.712 , 285.65 , 270.298 , 149.601 , 149.799 , 211.832 , 198.798 , 319.293 , 211.673 , 173.529 , 122.26 , 186.969 , 231.055 , 147.936 , 226.776 , 221.303 , 211.675 , 371.655 , 246.953 , 255.219 , 246.513 , 234.066 , 219.829 , 227.967 , 245.263 , 193.315 , 246.731 , 274.392 , 149.25 , 193.695 , 361.838 , 254.284 , 205.888 , 214.184 , 214.556 , 175.287 , 278.066 , 331.488 , 285.479 , 227.259 , 217.991 , 240.891 , 232.685 , 200.345 , 178.67 , 273.709 , 271.225 , 216.091 , 218.525 , 161.657 , 311.862 , 211.316 , 193.382 , 368.064 , 192.838 , 199.251 , 155.439 , 176.316 , 296.107 , 268.14 , 222.604 , 163.55 , 261.142 , 160.323 , 269.68 , 225.224 , 168.029 , 402.303 , 180.391 , 273.506 , 304.569 , 259.201 , 391.252 , 158.271 , 214.777 , 187.236 , 188.453 , 148.76 , 150.535 , 213.131 , 220.12 , 207.911 , 200.785 , 243.868 , 180.909 , 244.304 , 272.108 , 127.738 , 176.999 , 187.824 , 369.997 , 219.277 , 219.38 , 206.509 , 189.592 , 202.955 , 198.961 , 390.386 , 201.996 , 392.588 , 193.607 , 181.425 , 192.136 , 205.051 , 242.365 , 190.549 , 267.612 , 274.921 , 270.896 , 291.813 , 199.666 , 154.899 , 152.251 , 236.614 , 188.038 , 274.513 , 245.453 , 262.424 , 201.353 , 206.686 , 301.39 , 150.708 , 245.756 , 276.681 , 131.111 , 176.815 , 205.714 , 221.771 , 341.705 , 196.871 , 146.684 , 129.992 , 181.499 , 169.021 , 211.88 , 257.589 , 201.477 , 305.666 , 328.786 , 215.797 , 225.747 , 344.078 , 250.127 , 130.006 , 258.94 , 198.949 , 240.554 , 248.204 , 270.818 , 162.877 , 168.144 , 147.59 , 178.363 , 287.102 , 110.294 , 296.293 , 223.065 , 165.722 , 321.804 , 282.399 , 329.006 , 248.148 , 238.269 , 252.298 , 282.348 , 168.841 , 206.238 , 329.193 , 346.733 , 339.517 , 249.429 , 195.942 , 204.822 , 293.682 , 172.495 , 141.684 , 186.372 , 242.066 , 215.659 , 258.073 , 178.732 , 229.344 , 137.848 , 287.362 , 330.671 , 259.242 , 173.371 , 220.972 , 281.432 , 248.938 , 124.523 , 210.801 , 237.479 , 118.885 , 151.828 , 397.353 , 283.845 , 237.274 , 264.102 , 217.515 , 188.113 , 383.447 , 222.872 , 212.178 , 168.572 , 177.978 , 275.55 , 255.326 , 158.075 , 212.132 , 295.294 , 238.482 , 152.315 , 175.434 , 273.995 , 217.723 , 199.228 , 220.318 , 251.111 , 259.845 , 209.577 , 138.577 , 374.383 , 213.125 , 106.286 , 168.401 , 400.632 , 171.578 , 132.351 , 265.675 , 318.97 , 174.996 , 207.967 , 284.188 , 168.98 , 164.535 , 230.392 , 146.738 , 140.792 , 209.299 , 184.647 , 220.033 , 205.753 , 243.502 , 319.167 , 389.542 , 129.279 , 244.244 , 270.971 , 216.214 , 285.737 , 294.476 , 145.854 , 194.7 , 244.975 , 188.771 , 323.735 , 250.608 , 248.99 , 115.448 , 156.95 , 180.351 , 260.73 , 358.712 , 169.632 , 198.845 , 274.143 , 310.631 , 185.555 , 333.183 , 461.033 , 226.417 , 232.332 , 183.675 , 89.6377 , 259.244 , 146.249 , 267.966 , 151.645 , 147.624 , 200.189 , 174.396 , 306.323 , 185.243 , 216.724 , 187.225 , 243.719 , 201.581 , 161.81 , 246.799 , 306.495 , 407.513 , 138.029 , 165.968 , 232.679 , 226.866 , 435.561 , 211.343 , 157.157 , 263.227 , 201.596 , 356.259 , 210.072 , 277.842 , 200.773 , 147.646 , 201.106 , 194.621 , 204.256 , 264.142 , 337.099 , 169.656 , 186.489 , 194.257 , 246.318 , 123.965 , 246.257 , 302.305 , 183.654 , 211.678 , 227.819 , 267.168 , 196.153 , 285.83 , 213.141 , 218.093 , 248.712 , 310.545 , 269.995 , 193.089 , 180.469 , 137.763 , 336.862 , 236.955 , 341.744 , 346.593 , 295.526 , 270.365 , 259.446 , 317.525 , 264.62 , 153.074 , 194.824 , 266.773 , 297.922 , 409 , 342.773 , 246.508 , 163.862 , 356.401 , 173.157 , 259.8 , 258.746 , 301.244 , 412.273 , 228.718 , 204.679 , 183.688 , 136.644 , 307.5 , 143.433 , 203.399 , 277.268 , 302.03 , 165.921 , 190.337 , 165.562 , 184.159 , 152.008 , 122.383 , 286.017 , 440.591 , 114.183 , 272.526 , 311.101 , 234.08 , 259.61 , 219.395 , 221.627 , 287.208 , 242.266 , 192.154 , 212.07 , 285.717 , 144.852 , 408.242 , 264.455 , 198.817 , 262.705 , 197.023 , 256.933 , 196.974 , 258.649 , 208.27 , 272.511 , 214.59 , 125.741 , 228.552 , 314.336 , 221.743 , 112.517 , 334.662 , 233.361 , 156.262 , 222.656 , 271.265 , 164.816 , 254.73 , 192.874 , 201.586 , 273.562 , 181.105 , 364.146 , 174.919 , 208.941 , 357.074 , 256.826 , 259.382 , 150.358 , 198.473 , 328.192 , 233.526 , 372.959 , 230.687 , 211.167 , 338.789 , 210.977 , 210.211 , 140.416 , 130.692 , 193.19 , 289.407 , 254.381 , 231.699 , 291.937 , 273.874 , 234.383 , 313.451 , 224.169 , 378.193 , 143.625 , 341.631 , 206.855 , 227.944 , 335.096 , 351.195 , 219.514 , 282.374 , 324.107 , 154.323 , 250.929 , 169.838 , 357.794 , 197.08 , 219.185 , 266.849 , 189.605 , 176.21 , 247.394 , 192.02 , 162.834 , 177.734 , 181.756 , 266.144 , 198.055 , 168.634 , 305.818 , 242.277 , 246.445 , 180.858 , 344.364 , 184.67 , 172.165 , 286.409 , 262.653 , 306.889 , 277.105 , 153.549 , 180.547 , 251.983 , 242.485 , 187.333 , 413.543 , 221.862 , 197.944 , 300.869 , 270.567 , 204.351 , 287.744 , 187.965 , 120.436 , 146.74 , 327.315 , 262.447 , 269.006 , 293.663 , 163.783 , 224.04 , 267.225 , 223.665 , 244.136 , 287.594 , 217.151 , 313.914 , 287.235 , 237.739 , 345.454 , 294.31 , 300.209 , 217.049 , 104.57 , 326.643 , 216.327 , 255.596 , 216.793 , 308.722 , 271.874 , 142.067 , 207.12 , 162.039 , 197.574 , 165.96 , 481.021 , 302.228 , 156.831 , 266.798 , 203.146 , 184.575 , 207.148 , 304.948 , 154.188 , 184.386 , 206.051 , 259.353 , 243.096 , 349.109 , 219.151 , 123.965 , 152.52 , 279.586 , 253.58 , 262.202 , 201.604 , 331.115 , 247.907 , 325.218 , 207.284 , 208.929 , 179.985 , 164.362 , 274.35 , 243.787 , 282.43 , 304.704 , 241.567 , 300.63 , 248.859 , 184.093 , 159.239 , 167.771 , 287.397 , 260.198 , 146.537 , 324.465 , 174.559 , 409.38 , 257.667 , 187.758 , 389.477 , 216.081 , 126.527 , 210.264 , 233.024 , 232.898 , 362.623 , 321.398 , 328.196 , 446.439 , 347.809 , 184.105 , 213.194 , 257.364 , 274.858 , 176.729 , 195.547 , 125.452 , 238.654 , 232.859 , 234.921 , 143.544 , 270.001 , 318.2 , 343.054 , 297 , 236.59 , 275.191 , 189.201 , 225.444 , 161.808 , 211.924 , 232.786 , 190.827 , 208.051 , 177.4 , 