avg1=[225.049 , 170.868 , 224.68 , 208.185 , 256.254 , 272.403 , 178.967 , 89.2937 , 131.575 , 176.456 , 150.46 , 256.388 , 212.44 , 170.899 , 193.039 , 185.174 , 163.699 , 274.755 , 132.509 , 186.632 , 242.539 , 225.971 , 251.38 , 381 , 263.133 , 244.667 , 265.933 , 162.757 , 214.031 , 143.028 , 210.189 , 198.808 , 281.14 , 197.23 , 130.153 , 131.871 , 227.34 , 249.5 , 232.356 , 183.383 , 221.698 , 128.389 , 221.659 , 182.483 , 158.118 , 226.527 , 304.331 , 228.838 , 244.641 , 178.386 , 265.713 , 243.321 , 153.388 , 207.239 , 123.495 , 308.117 , 148.402 , 189.743 , 161.404 , 194.417 , 249.042 , 156.71 , 129.38 , 313.517 , 224.121 , 127.644 , 240.658 , 196.171 , 165.081 , 187.159 , 187.133 , 267.569 , 257.174 , 233.08 , 230.784 , 228.731 , 236.147 , 180.005 , 180.446 , 192.94 , 265.167 , 231.047 , 174.632 , 370.367 , 189.001 , 211.385 , 148.023 , 176.163 , 131.268 , 198.402 , 272.932 , 244.241 , 311.759 , 227.598 , 132.363 , 210.078 , 203.587 , 223.771 , 171.623 , 247.054 , 181.482 , 215.572 , 133.873 , 326.659 , 218.4 , 254.727 , 179.522 , 209.473 , 169.746 , 184.459 , 174.052 , 242.724 , 148.775 , 176.76 , 137.311 , 115.747 , 205.619 , 208.755 , 195.543 , 274.032 , 151.699 , 220.854 , 178.415 , 148.819 , 299.033 , 203.122 , 157.478 , 222.404 , 225.307 , 419.528 , 165.949 , 211.823 , 370.357 , 253.502 , 244.252 , 158.623 , 304.326 , 195.013 , 324.878 , 282.581 , 239.159 , 178.293 , 232.839 , 204.76 , 410.932 , 319.284 , 242.93 , 171.931 , 258.369 , 269.168 , 135.797 , 286.179 , 130.697 , 252.442 , 237.187 , 165.574 , 308.942 , 252.096 , 231.894 , 156.908 , 252.978 , 210.873 , 171.821 , 318.007 , 310.12 , 131.813 , 226.654 , 180.878 , 184.029 , 189.327 , 220.839 , 336.617 , 177.353 , 276.607 , 223.061 , 281.541 , 262.578 , 172.977 , 136.927 , 208.798 , 141.915 , 203.99 , 360.548 , 181.823 , 164.31 , 168.536 , 284.313 , 188.963 , 145.984 , 104.492 , 197.484 , 241.556 , 210.916 , 131.631 , 104.391 , 197.25 , 241.053 , 331.02 , 223.255 , 326.14 , 209.673 , 329.334 , 134.451 , 176.413 , 285.642 , 137.052 , 175.049 , 185.992 , 311.207 , 280.099 , 324.787 , 196.991 , 413.413 , 255.269 , 191.196 , 178.599 , 162.97 , 234.829 , 276.472 , 212.376 , 189.43 , 183.65 , 188.329 , 126.723 , 232.163 , 195.474 , 402.668 , 241.623 , 198.227 , 173.466 , 193.591 , 254.45 , 133.582 , 307.371 , 256.643 , 238.009 , 163.603 , 146.859 , 323.433 , 245.006 , 213.885 , 318.909 , 189.993 , 185.048 , 306.748 , 272.732 , 206.991 , 261.981 , 235.556 , 143.331 , 245.806 , 214.59 , 111.109 , 355.282 , 233.959 , 159.331 , 295.113 , 171.194 , 240.4 , 164.887 , 192.202 , 454.829 , 177.595 , 138.325 , 308.997 , 326.199 , 356.527 , 352.016 , 153.538 , 282.316 , 215.913 , 259.023 , 142.831 , 344.753 , 344.946 , 363.2 , 231.631 , 190.06 , 216.683 , 245.46 , 146.606 , 201.188 , 225.06 , 324.609 , 232.029 , 157.094 , 236.472 , 176.812 , 329.357 , 234.903 , 209.076 , 342.182 , 116.426 , 201.926 , 241.141 , 155.354 , 205.934 , 270.593 , 203.659 , 230.47 , 259.89 , 218.015 , 192.352 , 174.04 , 211.627 , 232.455 , 229.196 , 325.649 , 234.759 , 350.095 , 236.769 , 234 , 375.427 , 243.79 , 188.93 , 204.029 , 235.123 , 164.262 , 159.858 , 252.518 , 126.281 , 240.475 , 243.934 , 134.892 , 456.625 , 196.274 , 203.674 , 238.752 , 262.855 , 182.859 , 225.696 , 241.021 , 182.828 , 305.553 , 167.298 , 188.478 , 300.435 , 286.817 , 246.911 , 232.244 , 389.746 , 263.89 , 187.778 , 248.084 , 221.878 , 347.693 , 198.425 , 250.398 , 128.901 , 290.431 , 256.769 , 317.244 , 223.661 , 257.907 , 167.567 , 279.106 , 274.785 , 137.743 , 162.752 , 273.336 , 318.627 , 213.231 , 163.014 , 160.36 , 194.263 , 149.247 , 250.546 , 220.477 , 191.916 , 193.781 , 153.864 , 182.367 , 139.233 , 303.805 , 164.997 , 292.914 , 243.94 , 371.949 , 239.018 , 402.754 , 246.757 , 188.828 , 280.969 , 82.8653 , 402.435 , 205.297 , 230.536 , 171.761 , 123.599 , 157.599 , 205.418 , 447.303 , 326.151 , 221.173 , 157.079 , 463.697 , 169.64 , 149.238 , 631.551 , 167.618 , 213.201 , 297.605 , 212.45 , 138.857 , 342.948 , 284.037 , 279.838 , 342.901 , 298.687 , 250.645 , 262.044 , 148.318 , 150.911 , 288.583 , 196.969 , 213.479 , 236.705 , 205.764 , 354.73 , 229.288 , 154.936 , 201.725 , 222.743 , 252.757 , 234.033 , 259.392 , 302.997 , 226.396 , 156.054 , 158.261 , 285.603 , 236.487 , 271.35 , 247.224 , 254.786 , 194.569 , 243.902 , 255.356 , 204.66 , 298.453 , 344.256 , 180.949 , 284.581 , 254.569 , 306.873 , 259.427 , 197.893 , 209.938 , 258.998 , 274.061 , 281.165 , 158.161 , 245.807 , 238.523 , 152.246 , 235.262 , 201.227 , 151.245 , 230.297 , 221.511 , 253.397 , 130.096 , 206.593 , 149.796 , 120.78 , 335.19 , 251.948 , 174.485 , 185.547 , 267.636 , 175.397 , 295.63 , 160.968 , 299.061 , 180.481 , 349.852 , 356.613 , 191.221 , 245.11 , 143.943 , 245.641 , 186.577 , 322.439 , 180.81 , 196.467 , 217.613 , 179.193 , 273.512 , 222.247 , 325.783 , 246.47 , 126.622 , 211.401 , 410.004 , 196.235 , 287.053 , 194.325 , 222.952 , 246.766 , 255.47 , 315.057 , 208.906 , 254.609 , 226.641 , 202.59 , 239.07 , 143.982 , 253.313 , 201.779 , 322.484 , 154.765 , 184.015 , 304.535 , 240.057 , 237.873 , 424.371 , 267.853 , 294.815 , 283.508 , 210.808 , 189.032 , 140.353 , 206.619 , 254.556 , 317.804 , 270.466 , 297.382 , 238.802 , 206.516 , 162.239 , 344.836 , 140.726 , 289.726 , 245.507 , 189.803 , 186.772 , 342.267 , 302.755 , 306.972 , 204.298 , 217.085 , 170.214 , 216.803 , 288.248 , 147.259 , 195.454 , 178.997 , 219.804 , 447.594 , 335.203 , 286.792 , 134.182 , 210.464 , 250.086 , 282.981 , 134.92 , 155.131 , 361.533 , 299.26 , 224.972 , 123.526 , 210.375 , 282.18 , 296.171 , 288.697 , 183.66 , 327.523 , 138.089 , 93.7877 , 307.011 , 189.413 , 496.527 , 235.321 , 281.009 , 266.411 , 103.706 , 156.71 , 181.688 , 182.899 , 175.873 , 265.814 , 116.984 , 242.358 , 176.225 , 153.494 , 293.787 , 212.059 , 182.972 , 256.809 , 196.708 , 205.194 , 245.448 , 294.669 , 196.373 , 268.335 , 157.467 , 174.478 , 252.269 , 134.895 , 132.913 , 193.03 , 320.196 , 155.341 , 228.822 , 341.278 , 242.092 , 175.351 , 227.84 , 242.551 , 181.547 , 152.659 , 225.062 , 230.335 , 157.814 , 277.595 , 259.205 , 312.251 , 280.623 , 366.098 , 281.693 , 300.367 , 351.01 , 214.044 , 214.791 , 196.752 , 145.08 , 276.118 , 296.248 , 180.579 , 286.883 , 218.809 , 342.553 , 191.283 , 217.464 , 179.389 , 242.838 , 176.771 , 235.245 , 199.604 , 297.524 , 305.816 , 105.18 , 159.839 , 145.478 , 241.084 , 236.324 , 93.826 , 216.653 , 196.687 , 256.683 , 314.544 , 168.7 , 206.767 , 219.501 , 237.373 , 237.773 , 289.477 , 243.232 , 177.629 , 211.995 , 228.89 , 318.236 , 214.359 , 164.169 , 154.394 , 253.023 , 218.516 , 149.008 , 408.097 , 319.37 , 219.15 , 201.876 , 297.707 , 253.141 , 257.683 , 125.168 , 271.658 , 274.713 , 268.139 , 239.5 , 170.239 , 178.667 , 151.253 , 183.756 , 197.494 , 188.472 , 97.6563 , 210.714 , 292.229 , 215.223 , 297.461 , 291.801 , 159.118 , 262.724 , 121.524 , 133.729 , 248.492 , 340.033 , 268.559 , 229.632 , 212.983 , 302.238 , 181.143 , 212.291 , 245.61 , 283.517 , 199.944 , 142.762 , 284.87 , 200.989 , 298.37 , 189.307 , 309.311 , 178.606 , 319.959 , 262.952 , 292.405 , 344.598 , 193.961 , 267.266 , 173.539 , 403.989 , 205.501 , 192.897 , 195.696 , 198.429 , 305.286 , 268.993 , 188.085 , 337.976 , 287.674 , 307.724 , 242.453 , 197.388 , 226.813 , 277.765 , 276.542 , 259.006 , 215.035 , 228.649 , 141.024 , 365.386 , 195.054 , 171.669 , 215.196 , 295.947 , 174.872 , 170.611 , 192.583 , 244.014 , 314.966 , 196.907 , 350.889 , 183.988 , 166.512 , 290.254 , 309.875 , 148.313 , 164.227 , 154.771 , 260.496 , 190.263 , 238.589 , 212.21 , 236.608 , 372.613 , 242.397 , 166.196 , 336.097 , 272.28 , 286.179 , 114.42 , 309.153 , 196.165 , 261.605 , 154.857 , 293.787 , 339.344 , 357.596 , 297.922 , 215.655 , 171.848 , 245.781 , 182.849 , 176.291 , 269.892 , 334.651 , 249.736 , 303.157 , 179.807 , 242.72 , 279.305 , 178.339 , 215.468 , 174.052 , 193.65 , 289.466 , 322.178 , 182.004 , 256.829 , 226.401 , 158.237 , 217.253 , 227.926 , 210.786 , 362.254 , 289.296 , 214.636 , 