avg1=[275.202 , 215.347 , 254.891 , 219.169 , 248.516 , 201.839 , 232.181 , 216.474 , 284.546 , 251.27 , 271.223 , 392.955 , 201.409 , 225.763 , 209.412 , 215.057 , 291.459 , 273.79 , 254.704 , 250.994 , 272.997 , 188.814 , 234.453 , 219.38 , 289.088 , 192.516 , 240.873 , 235.547 , 302.938 , 161.877 , 180.8 , 222.601 , 307.843 , 228.957 , 176.904 , 287.623 , 158.168 , 177.283 , 209.767 , 355.547 , 270.186 , 232.61 , 269.244 , 223.72 , 147.223 , 222.782 , 194.678 , 183.185 , 208.562 , 215.166 , 356.895 , 268.211 , 182.132 , 219.819 , 211.899 , 295.458 , 324.275 , 263.802 , 214.067 , 157.467 , 280.591 , 328.867 , 238.483 , 283.284 , 234.088 , 246.452 , 173.35 , 278.938 , 297.327 , 223.397 , 239.851 , 229.368 , 229.357 , 280.949 , 238.41 , 271.102 , 262.011 , 232.132 , 293.352 , 241.953 , 277.115 , 261.946 , 207.899 , 317.721 , 243.624 , 202.072 , 166.414 , 275.304 , 235.995 , 233.623 , 223.301 , 186.312 , 205.699 , 237.768 , 238.069 , 286.723 , 187.073 , 276.444 , 320.916 , 224.091 , 189.41 , 226.003 , 248.366 , 328.365 , 222.127 , 258.793 , 263.191 , 216.62 , 186.268 , 237.693 , 237.718 , 258.298 , 220.85 , 288.032 , 290.124 , 286.015 , 161.807 , 228.765 , 176.546 , 262.478 , 211.706 , 225.501 , 175.92 , 268.263 , 234.091 , 186.875 , 216.38 , 169.591 , 311.401 , 213.359 , 225.304 , 279.45 , 253.444 , 296.8 , 289.288 , 276.428 , 225.774 , 192.668 , 232.436 , 255.871 , 243.024 , 259.956 , 237.941 , 219.817 , 214.622 , 177.755 , 223.596 , 215.423 , 239.94 , 289.515 , 232.267 , 256.152 , 279.98 , 210.566 , 229.307 , 255.477 , 343.757 , 255.654 , 277.85 , 173.911 , 230.695 , 221.962 , 210.575 , 261.157 , 234.333 , 202.841 , 254.768 , 253.369 , 238.279 , 255.755 , 218.162 , 213.345 , 301.5 , 217.685 , 262.82 , 286.606 , 191.322 , 248.162 , 163.03 , 218.723 , 225.228 , 244.284 , 157.432 , 177.27 , 280.61 , 262.715 , 245.96 , 179.376 , 224.968 , 248.036 , 260.865 , 327.873 , 271.728 , 256.728 , 242.508 , 306.355 , 253.743 , 189.619 , 251.772 , 284.281 , 172.573 , 260.508 , 293.13 , 247.992 , 182.715 , 220.997 , 225.554 , 267.332 , 285.121 , 152.785 , 198.569 , 223.891 , 193.897 , 207.948 , 218.835 , 249.884 , 279.508 , 222.291 , 179.818 , 242.567 , 196.485 , 297.542 , 228.713 , 217.444 , 208.577 , 230.226 , 269.202 , 210.209 , 281.048 , 225.781 , 243.442 , 213.762 , 180.983 , 191.004 , 225.437 , 236.124 , 312.713 , 269.448 , 248.107 , 222.59 , 259.656 , 294.822 , 205.646 , 234.98 , 193.093 , 228.638 , 363.028 , 267.451 , 237.125 , 306.164 , 207.657 , 190.284 , 196.404 , 185.113 , 274.718 , 195.674 , 264.857 , 214.818 , 183.061 , 296.547 , 224.221 , 240.527 , 180.443 , 236.68 , 222.137 , 389.775 , 185.384 , 259.314 , 248.274 , 207.701 , 268.788 , 210.68 , 220.54 , 280.091 , 275.197 , 330.871 , 302.165 , 177.264 , 236.485 , 212.092 , 186.242 , 245.445 , 187.756 , 280.582 , 238.754 , 234.795 , 195.161 , 307.105 , 223.914 , 253.551 , 279.334 , 219.17 , 225.739 , 213.164 , 225.78 , 228.552 , 133.364 , 233.974 , 196.516 , 175.461 , 289.321 , 272.102 , 174.631 , 212.629 , 274.404 , 243.329 , 292.397 , 205.4 , 246.616 , 280.422 , 270.149 , 238.031 , 261.339 , 257.257 , 235.168 , 259.244 , 222.275 , 214.795 , 237.522 , 228.827 , 200.941 , 255.013 , 329.207 , 241.492 , 250.688 , 309.991 , 254.643 , 247.056 , 247.154 , 238.151 , 252.807 , 210.113 , 226.977 , 200.259 , 230.013 , 172.892 , 215.664 , 182.265 , 234.448 , 218.983 , 286.856 , 251.182 , 216.598 , 165.654 , 224.462 , 162.469 , 253.786 , 264.497 , 219.747 , 256.303 , 313.823 , 232.656 , 156.076 , 227.284 , 237.772 , 201.47 , 235.379 , 215.407 , 209.419 , 228.187 , 189.717 , 255.624 , 217.842 , 318.478 , 285.805 , 202.205 , 237.907 , 209.338 , 248.838 , 216.697 , 210.491 , 189.348 , 234.127 , 250.601 , 215.648 , 221.421 , 272.747 , 233.013 , 179.19 , 184.105 , 244.354 , 190.619 , 247.334 , 246.273 , 297.979 , 200.819 , 198.022 , 262.417 , 196.036 , 291.743 , 241.463 , 232.198 , 229.586 , 199.045 , 293.286 , 242.697 , 332.692 , 236.99 , 271.451 , 259.084 , 195.459 , 203.485 , 248.983 , 254.072 , 254.055 , 206.655 , 255.478 , 223.622 , 175.626 , 300.095 , 191.43 , 250.072 , 357.818 , 165.111 , 143.767 , 173.006 , 301.634 , 218.805 , 235.722 , 165.934 , 197.141 , 165.192 , 207.472 , 219.207 , 242.346 , 198.157 , 233.353 , 173.298 , 185.647 , 275.214 , 246.763 , 260.774 , 296.369 , 236.139 , 209.159 , 223.363 , 179.022 , 221.556 , 324.689 , 391.498 , 238.708 , 188.63 , 211.098 , 267.929 , 229.355 , 244.221 , 212.521 , 240.962 , 156.304 , 168.851 , 224.256 , 330.993 , 330.57 , 304.337 , 214.033 , 196.116 , 192.645 , 208.918 , 283.839 , 331.872 , 240.813 , 227.055 , 219.678 , 279.351 , 259.561 , 216.766 , 221.723 , 180.296 , 273.646 , 298.963 , 250.816 , 172.708 , 218.566 , 272.957 , 253.283 , 189.552 , 206.943 , 250.062 , 248.34 , 200.955 , 242.813 , 230.716 , 151.533 , 184.738 , 151.8 , 174.905 , 192.329 , 197.33 , 231.944 , 308.735 , 191.905 , 242.323 , 217.656 , 243.557 , 239.274 , 267.843 , 174.733 , 274.478 , 264.345 , 203.363 , 236.074 , 221.919 , 240.95 , 269.608 , 226.005 , 163.2 , 253.886 , 234.987 , 216.45 , 300.944 , 271.987 , 290.383 , 241.285 , 218.964 , 252.013 , 288.52 , 218.86 , 273.726 , 232.855 , 214.012 , 279.537 , 210.117 , 217.89 , 267.453 , 249.189 , 240.618 , 220.797 , 219.838 , 238.222 , 222.259 , 198.649 , 332.996 , 278.619 , 265.218 , 321.277 , 131.299 , 231.118 , 195.907 , 280.271 , 222.691 , 199.715 , 197.464 , 236.631 , 217.835 , 197.837 , 245.702 , 219.117 , 166.873 , 191.658 , 187.975 , 187.8 , 165.108 , 248.313 , 238.397 , 320.957 , 245.406 , 236.339 , 228.738 , 254.376 , 245.319 , 249.455 , 203.899 , 226.711 , 232.382 , 195.865 , 217.696 , 212.188 , 202.043 , 195.146 , 265.865 , 233.223 , 311.669 , 246.561 , 287.641 , 207.351 , 157.061 , 263.047 , 178.183 , 216.498 , 219.737 , 326.103 , 196.234 , 181.176 , 179.978 , 263.129 , 185.889 , 293.762 , 237.13 , 247.124 , 179.64 , 237.246 , 175.806 , 197.82 , 178.2 , 237.153 , 174.157 , 245.953 , 176.87 , 232.548 , 222.524 , 270.187 , 242.42 , 254.521 , 217.244 , 337.583 , 247.055 , 199.202 , 289.363 , 192.252 , 188.735 , 229.466 , 235.444 , 194.856 , 269.105 , 248.718 , 165.332 , 212.495 , 219.873 , 217.93 , 198.323 , 350.333 , 247.284 , 192.135 , 204.974 , 269.579 , 198.245 , 160.15 , 158.741 , 250.272 , 282.367 , 197.167 , 246.911 , 229.052 , 186.13 , 293.55 , 237.315 , 274.221 , 216.332 , 215.723 , 263.5 , 234.812 , 208.079 , 299.527 , 308.203 , 225.378 , 217.006 , 240.62 , 219.115 , 202.524 , 263.324 , 189.026 , 266.804 , 265.492 , 239.308 , 148.583 , 237.493 , 218.138 , 230.454 , 215.68 , 222.75 , 227.088 , 226.505 , 249.213 , 201.766 , 192.081 , 278.784 , 320.531 , 213.815 , 300.446 , 206.985 , 263.725 , 216.001 , 236.127 , 239.25 , 185.299 , 178.771 , 227.762 , 196.146 , 250.724 , 249.235 , 220.828 , 289.301 , 233.68 , 241.885 , 267.079 , 213.293 , 186.302 , 244.324 , 241.83 , 188.73 , 246.302 , 185.195 , 160.099 , 218.143 , 170.872 , 235.194 , 265.251 , 166.685 , 220.232 , 207.121 , 342.266 , 208.966 , 246.398 , 219.809 , 172.919 , 227.879 , 199.282 , 216.164 , 243.438 , 269.439 , 240.94 , 236.849 , 268.243 , 269.372 , 257.452 , 214.146 , 150.712 , 284.972 , 287.559 , 158.977 , 197.162 , 269.978 , 210.815 , 339.417 , 218.141 , 213.142 , 180.6 , 174.589 , 225.18 , 302.876 , 244.696 , 242.47 , 325.793 , 264.473 , 262.541 , 299.627 , 224.517 , 235.919 , 203.122 , 268.646 , 204.663 , 197.48 , 203.675 , 209.876 , 257.66 , 243.473 , 218.472 , 222.543 , 231.848 , 210.379 , 264.011 , 209.083 , 283.017 , 219.307 , 245.728 , 164.579 , 271.081 , 230.914 , 281.455 , 182.597 , 251.577 , 282.916 , 205.477 , 263.272 , 204.513 , 235.807 , 268.837 , 239.351 , 256.257 , 289.376 , 289.063 , 271.817 , 242.986 , 165.048 , 280.904 , 212.176 , 195.526 , 218.621 , 302.945 , 234.901 , 235.854 , 252.704 , 205.78 , 236.525 , 271.393 , 217.303 , 249.754 , 200.575 , 233.682 , 234.459 , 177.357 , 226.078 , 205.501 , 226.569 , 316.968 , 252.702 , 185.161 , 231.888 , 202.638 , 233.807 , 296.111 , 198.526 , 212.043 , 236.028 , 251.863 , 202.859 , 187.884 , 278.153 