avg1=[399.379 , 212.114 , 252.703 , 201.646 , 186.291 , 181.161 , 215.315 , 155.939 , 259.44 , 198.007 , 182.954 , 228.829 , 217.015 , 237.153 , 168.858 , 189.614 , 184.559 , 228.286 , 222.644 , 239.147 , 200.752 , 199.057 , 182.895 , 292.859 , 369.735 , 367.845 , 173.803 , 122.774 , 250.118 , 221.513 , 318.504 , 206.216 , 266.439 , 259.052 , 195.21 , 279.804 , 280.821 , 213.183 , 237.716 , 264.856 , 151.372 , 197.367 , 157.278 , 133.697 , 177.57 , 260.371 , 157.824 , 158.264 , 189.695 , 209.728 , 327.389 , 217.514 , 275.512 , 186.915 , 191.346 , 214.519 , 165.129 , 214.567 , 359.163 , 425.1 , 261.732 , 160.028 , 160.279 , 247.09 , 237.508 , 181.457 , 238.458 , 112.445 , 195.409 , 206.235 , 255.476 , 281.328 , 171.2 , 271.213 , 221.099 , 215.224 , 228.535 , 224.772 , 393.457 , 314.827 , 304.484 , 316.572 , 276 , 362.806 , 169.48 , 243.722 , 215.024 , 240.879 , 157.372 , 356.612 , 226.814 , 180.877 , 152.316 , 276.449 , 118.465 , 166.709 , 349.813 , 167.529 , 362.848 , 342.937 , 289.102 , 321.631 , 170.706 , 212.49 , 219.424 , 268.591 , 313.189 , 71.6753 , 169.834 , 296.957 , 203.555 , 181.68 , 154.471 , 251.418 , 165.727 , 161.568 , 303.781 , 258.127 , 188.36 , 343.364 , 198.901 , 257.269 , 348.103 , 232.386 , 200.405 , 203.015 , 223.336 , 207.289 , 313.649 , 586.538 , 172.077 , 279.62 , 274.639 , 147.956 , 236.089 , 106.723 , 375.67 , 240.252 , 241.108 , 121.438 , 383.706 , 192.336 , 395.709 , 344.34 , 339.315 , 315.774 , 145.546 , 331.673 , 174.496 , 165.129 , 148.341 , 162.474 , 170.07 , 244.741 , 118.253 , 103.781 , 344.283 , 188.356 , 266.773 , 257.959 , 413.106 , 149.176 , 198.811 , 153.449 , 421.235 , 248.343 , 287.717 , 138.349 , 243.738 , 255.212 , 182.252 , 259.66 , 241.279 , 217.016 , 181.231 , 159.687 , 255.932 , 216.793 , 129.336 , 320.371 , 202.011 , 205.86 , 146.608 , 201.262 , 186.273 , 197.879 , 165.127 , 182.367 , 176.093 , 144.616 , 291.787 , 459.951 , 214.525 , 83.5003 , 284.672 , 211.34 , 238.45 , 186.412 , 169.619 , 278.752 , 216.02 , 348.196 , 203.02 , 127.433 , 281.27 , 306.986 , 189.079 , 168.597 , 311.928 , 276.115 , 300.817 , 344.816 , 167.218 , 280.529 , 347.668 , 229.128 , 210.281 , 275.382 , 142.522 , 270.335 , 215.027 , 147.601 , 231.021 , 189.742 , 194.351 , 265.605 , 309.006 , 196.636 , 176.544 , 187.234 , 265.404 , 308.278 , 212.756 , 263.952 , 271.256 , 148.382 , 228.645 , 167.8 , 362.155 , 119.711 , 208.983 , 217.434 , 169.428 , 347.214 , 181.015 , 302.17 , 187.799 , 149.284 , 233.809 , 246.062 , 179.778 , 102.392 , 153.043 , 178.296 , 172.993 , 222.079 , 339.704 , 244.323 , 224.263 , 169.158 , 379.792 , 340.181 , 249.506 , 214.349 , 303.033 , 131.175 , 131.378 , 252.828 , 296.021 , 94.036 , 220.307 , 208.348 , 361.525 , 307.756 , 173.605 , 248.646 , 222.232 , 282.196 , 202.536 , 148.95 , 318.083 , 307.194 , 295.765 , 201.99 , 324.224 , 170.157 , 212.711 , 261.116 , 270.371 , 165.181 , 167.381 , 216.651 , 323.846 , 146.573 , 240.192 , 200.22 , 192.764 , 121.67 , 213.285 , 137.401 , 254.696 , 218.059 , 310.005 , 267.283 , 206.272 , 157.795 , 340.571 , 263.957 , 196.55 , 221.426 , 342.715 , 252.514 , 226.65 , 282.717 , 194.134 , 251.516 , 285.034 , 204.756 , 172.821 , 121.831 , 246.959 , 238.329 , 238.648 , 315.267 , 280.743 , 202.393 , 391.068 , 239.587 , 221.715 , 235.096 , 198.346 , 214.19 , 401.285 , 165.329 , 223.302 , 260.935 , 179.714 , 158.496 , 207.44 , 277.646 , 204.764 , 238.069 , 188.597 , 305.407 , 342.03 , 179.218 , 225.693 , 240.373 , 285.553 , 190.974 , 249.743 , 193.72 , 170.107 , 282.039 , 282.872 , 284.497 , 136.846 , 198.01 , 215.788 , 389.997 , 130.622 , 145.445 , 241.233 , 394.966 , 181.227 , 273.175 , 165.354 , 253.222 , 169.609 , 371.093 , 179.484 , 205.744 , 150.278 , 207.094 , 224.204 , 178.75 , 234.077 , 205.276 , 241.255 , 265.252 , 434.742 , 228.175 , 164.865 , 302.156 , 399.036 , 270.987 , 100.456 , 319.844 , 107.621 , 218.239 , 264.095 , 328.735 , 147.967 , 224.305 , 184.895 , 135.828 , 407.907 , 170.619 , 268.467 , 229.379 , 264.185 , 217.743 , 266.773 , 291.942 , 226.384 , 213.704 , 166.79 , 299.792 , 210.839 , 351.492 , 224.833 , 379.644 , 244.088 , 186.394 , 145.639 , 271.962 , 439.895 , 290.393 , 89.9803 , 229.091 , 429.962 , 87.2333 , 541.235 , 243.083 , 223.927 , 376.867 , 320.481 , 191.571 , 118.81 , 174.375 , 183.804 , 171.656 , 179.383 , 141.358 , 182.714 , 175.94 , 127.449 , 152.004 , 212.361 , 224.4 , 303.77 , 141.64 , 247.492 , 233.108 , 267.469 , 234.628 , 245.051 , 272.664 , 187.222 , 253.127 , 225.241 , 181.136 , 232.714 , 176.354 , 165.591 , 128.459 , 299.329 , 197.68 , 276.546 , 307.962 , 188.975 , 177.774 , 358.283 , 186.1 , 153.909 , 323.936 , 314.931 , 181.009 , 231.421 , 455.094 , 246.086 , 427.782 , 433.202 , 238.027 , 149.123 , 186.214 , 287.959 , 200.011 , 217.632 , 269.951 , 277.926 , 298.1 , 222.687 , 246.766 , 182.604 , 337.217 , 232.008 , 197.471 , 359.935 , 305.433 , 277.971 , 189.209 , 164.835 , 122.864 , 190.945 , 224.022 , 193.416 , 184.853 , 293.798 , 268.455 , 145.687 , 208.225 , 168.997 , 300.561 , 223.85 , 191.959 , 174.762 , 269.391 , 296.691 , 329.449 , 319.461 , 309.107 , 258.264 , 156.139 , 277.45 , 304.703 , 324.956 , 238.042 , 260.65 , 220.939 , 261.836 , 302.529 , 353.242 , 280.475 , 319.265 , 239.085 , 223.399 , 247.248 , 147.562 , 305.744 , 179.785 , 110.51 , 350.694 , 179.566 , 198.131 , 168.018 , 243.148 , 230.548 , 264.057 , 257.005 , 272.481 , 170.652 , 144.005 , 152.772 , 285.253 , 198.559 , 188.285 , 273.549 , 189.706 , 188.773 , 228.237 , 346.151 , 289.076 , 254.165 , 226.723 , 141.391 , 208.268 , 308.588 , 277.241 , 252.191 , 208.809 , 238.394 , 281.346 , 155.301 , 294.617 , 229.227 , 279.721 , 203.868 , 206.425 , 433.423 , 226.509 , 218.381 , 237.739 , 214.65 , 285.439 , 342.506 , 140.075 , 242.369 , 127.766 , 128.895 , 193.915 , 289.442 , 149.838 , 161.35 , 254.401 , 284.113 , 194.787 , 272.104 , 219.598 , 195.896 , 123.897 , 331.522 , 197.165 , 254.127 , 148.22 , 270.379 , 213.615 , 185.504 , 201.975 , 363.506 , 208.28 , 346.028 , 200.525 , 125.607 , 237.858 , 425.846 , 159.288 , 230.996 , 218.738 , 197.439 , 224.81 , 197.91 , 167.139 , 245.8 , 288.762 , 274.935 , 193.688 , 200.948 , 270.441 , 120.745 , 317.329 , 263.349 , 186.226 , 184.611 , 128.6 , 189.034 , 191.471 , 307.721 , 301.113 , 243.216 , 197.135 , 363.421 , 149.976 , 197.865 , 273.77 , 227.008 , 145.443 , 139.371 , 356.958 , 230.331 , 455.806 , 251.795 , 329.771 , 204.955 , 269.281 , 414.283 , 286.558 , 241.716 , 355.652 , 201.029 , 214.67 , 346.727 , 165.059 , 135.754 , 241.889 , 223.312 , 223.516 , 212.067 , 297.005 , 239.008 , 298.76 , 228.524 , 218.963 , 157.211 , 207.724 , 243.625 , 191.988 , 298.364 , 237.525 , 232.26 , 210.479 , 207.499 , 205.104 , 184.022 , 218.469 , 171.118 , 212.658 , 197.888 , 343.735 , 158.872 , 185.997 , 206.817 , 165.589 , 202.686 , 164.881 , 260.22 , 161.77 , 294.386 , 221.372 , 281.468 , 162.442 , 230.977 , 168.651 , 225.537 , 283.927 , 150.908 , 331.133 , 251.463 , 124.237 , 214.367 , 251.829 , 210.299 , 153.333 , 218.564 , 231.964 , 213.399 , 213.033 , 128.038 , 204.16 , 176.929 , 330.14 , 187.147 , 313.195 , 232.741 , 202.763 , 234.444 , 291.21 , 297.113 , 332.361 , 267.831 , 180.952 , 228.66 , 136.573 , 152.404 , 262.457 , 62.3223 , 167.426 , 183.392 , 327.218 , 204.524 , 246.405 , 243.906 , 148.799 , 336.208 , 194.177 , 160.138 , 233.276 , 155.675 , 381.522 , 462.629 , 128.563 , 365.482 , 226.539 , 300.44 , 336.78 , 407.215 , 154.286 , 194.193 , 264.382 , 267.58 , 130.632 , 195.302 , 204.484 , 217.397 , 256.183 , 168.03 , 376.206 , 113.495 , 161.689 , 163.877 , 515.395 , 332.155 , 204.83 , 357.041 , 237.697 , 208.435 , 175.775 , 229.487 , 531.445 , 171.807 , 163.994 , 125.158 , 216.088 , 162.641 , 180.352 , 327.356 , 157.005 , 358.869 , 210.131 , 271.445 , 138.147 , 251.949 , 121.876 , 171.497 , 176.831 , 321.85 , 141.165 , 290.34 , 235.809 , 134.496 , 212.919 , 139.978 , 280.743 , 279.023 , 246.788 , 296.418 , 156.285 , 219.056 , 194.24 , 286.313 , 340.285 , 333.004 , 270.056 , 226.45 , 285.52 , 252.91 , 343.058 , 182.292 , 