avg1=[312.717 , 251.485 , 246.443 , 251.689 , 245.981 , 332.682 , 324.047 , 231.49 , 244.47 , 228.881 , 199.06 , 462.76 , 236.188 , 233.471 , 300.701 , 172.911 , 193.347 , 210.299 , 229.535 , 184.768 , 271.332 , 217.311 , 211.924 , 256.942 , 186.798 , 322.562 , 318.913 , 155.509 , 121.115 , 270.428 , 307.001 , 148.827 , 355.844 , 279.552 , 175.749 , 183.225 , 170.106 , 253.561 , 337.228 , 339.542 , 224.465 , 206.563 , 255.662 , 164.886 , 191.283 , 143.801 , 228.637 , 175.702 , 186.79 , 183.473 , 295.604 , 196.967 , 180.601 , 247.85 , 321.692 , 298.874 , 347.044 , 218.283 , 321.625 , 124.96 , 312.274 , 148.906 , 211.995 , 364.845 , 259.737 , 167.415 , 202.295 , 233.27 , 204.968 , 263.555 , 217.467 , 215.195 , 259.226 , 239.178 , 239.854 , 183.658 , 158.23 , 255.637 , 104.33 , 278.398 , 392.848 , 460.263 , 373.154 , 332.473 , 173.922 , 147.554 , 205.01 , 357.486 , 234.596 , 148.828 , 227.778 , 270.648 , 156.223 , 234.618 , 118.055 , 195.731 , 333.332 , 187.92 , 163.146 , 214.341 , 288.633 , 281.085 , 265.431 , 415.201 , 235.948 , 310.538 , 281.039 , 155.245 , 237.619 , 263.251 , 161.844 , 249.609 , 211.38 , 344.925 , 214.071 , 262.267 , 144.347 , 185.365 , 221.383 , 213.665 , 207.137 , 292.192 , 208.492 , 419.147 , 236.191 , 242.087 , 150.398 , 233.098 , 414.781 , 211.798 , 145.827 , 172.552 , 262.833 , 194.557 , 308.243 , 278.976 , 325.007 , 154.376 , 270.239 , 355.51 , 187.458 , 250.266 , 165.573 , 217.061 , 178.599 , 194.079 , 216.478 , 151.87 , 238.369 , 206.643 , 211.261 , 188.739 , 168.017 , 266.312 , 199.261 , 224.106 , 265.433 , 276.153 , 191.465 , 317.39 , 342.448 , 194.086 , 212.787 , 206.624 , 236.554 , 243.648 , 160.892 , 384.68 , 194.029 , 306.205 , 206.63 , 306.294 , 227.629 , 174.321 , 308.258 , 184.918 , 239.155 , 182.332 , 149.249 , 322.06 , 192.886 , 256.754 , 220.121 , 267.13 , 224.173 , 267.841 , 260.98 , 240.347 , 240.748 , 499.572 , 125.332 , 303.487 , 225.757 , 217.882 , 211.794 , 358.021 , 183.805 , 133.117 , 176.527 , 163.621 , 237.015 , 412.367 , 209.773 , 217.186 , 298.909 , 256.815 , 220.635 , 333.467 , 198.323 , 103.214 , 234.995 , 215.96 , 318.063 , 210.323 , 421.904 , 203.898 , 194.779 , 257.782 , 173.635 , 220.436 , 268.641 , 238.042 , 226.399 , 163.744 , 289.389 , 175.019 , 173.055 , 208.71 , 167.188 , 281.727 , 252.204 , 319.485 , 189.928 , 146.808 , 198.603 , 198.212 , 187.414 , 311.061 , 170.639 , 210.022 , 247.65 , 162.233 , 308.418 , 218.044 , 199.344 , 217.415 , 270.84 , 185.609 , 218.401 , 226.311 , 207.492 , 178.231 , 220.562 , 139.707 , 126.164 , 189.756 , 349.589 , 303.723 , 231.464 , 230.625 , 209.184 , 290.63 , 265.5 , 128.906 , 157.74 , 233.281 , 239.151 , 222.756 , 258.911 , 205.529 , 154.621 , 127.548 , 322.361 , 242.004 , 197.725 , 173.194 , 224.902 , 157.449 , 240.047 , 200.538 , 252.431 , 262.112 , 121.543 , 195.2 , 248.956 , 285.39 , 159.356 , 222.429 , 179.659 , 228.716 , 215.441 , 264.322 , 284.172 , 196.56 , 129.096 , 212.464 , 151.768 , 187.595 , 210.829 , 171.798 , 179.43 , 338.442 , 172.596 , 247.971 , 225.785 , 244.463 , 296.812 , 157.527 , 308.434 , 223.493 , 326.951 , 194.919 , 112.543 , 166.474 , 232.907 , 168.544 , 203.272 , 324.539 , 387.334 , 141.724 , 191.702 , 237.783 , 177.507 , 223.247 , 227.092 , 266.614 , 458.124 , 218.675 , 214.525 , 236.224 , 208.471 , 277.33 , 192.011 , 217.154 , 245.483 , 255.316 , 259.183 , 143.102 , 222.799 , 337.633 , 247.637 , 242.409 , 262.688 , 275.26 , 236.876 , 192.137 , 205.185 , 404.902 , 291.969 , 157.017 , 223.418 , 257.207 , 193.252 , 145.282 , 316.689 , 203.066 , 260.171 , 190.079 , 200.058 , 335.137 , 293.599 , 269.568 , 260.813 , 154.337 , 188.734 , 268.508 , 194.633 , 180.035 , 172.468 , 380.724 , 301.018 , 243.849 , 240.807 , 208.502 , 184.808 , 366.966 , 263.197 , 133.686 , 310.899 , 293.355 , 212.552 , 331.034 , 233.683 , 123.832 , 348.798 , 160.619 , 171.971 , 254.173 , 141.196 , 243.446 , 209.319 , 226.247 , 442.998 , 284.098 , 208.86 , 298.938 , 112.936 , 134.238 , 446.079 , 191.778 , 250.733 , 245.596 , 307.412 , 190.735 , 273.051 , 202.34 , 213.168 , 201.688 , 300.65 , 266.933 , 255.511 , 299.61 , 209.534 , 162.246 , 200.02 , 199.058 , 247.502 , 235.02 , 291.727 , 234.089 , 285.771 , 268.301 , 335.785 , 260.786 , 149.552 , 395.76 , 296.149 , 177.643 , 148.748 , 296.16 , 399.794 , 136.996 , 219.786 , 163.771 , 159.004 , 349.254 , 201.728 , 151.537 , 153.931 , 263.172 , 250.111 , 219.864 , 315.881 , 419.43 , 152.939 , 158.75 , 131.126 , 187.543 , 304.586 , 211.325 , 160.244 , 287.923 , 445.098 , 171.856 , 192.377 , 192.945 , 221.171 , 147.297 , 181.038 , 209.03 , 291.379 , 197.422 , 124.877 , 147.79 , 192.28 , 241.842 , 280.807 , 160.824 , 325.355 , 191.069 , 199.229 , 187.889 , 117.707 , 271.989 , 321.028 , 133.062 , 232.9 , 320.14 , 191.968 , 274.583 , 184.204 , 168.649 , 278.785 , 206.851 , 139.833 , 181.199 , 266.957 , 197.427 , 186.285 , 243.309 , 176.289 , 206.858 , 188.719 , 221.214 , 199.92 , 187.838 , 213.855 , 157.786 , 195.045 , 330.609 , 177.62 , 180.981 , 303.425 , 136.538 , 350.53 , 209.854 , 179.164 , 191.257 , 290.7 , 224.712 , 225.142 , 239.163 , 328.303 , 267.525 , 112.592 , 173.38 , 214.645 , 267.199 , 222.782 , 193.784 , 205.05 , 285.997 , 218.33 , 257.507 , 255.938 , 177.465 , 175.338 , 331.214 , 214.124 , 307.189 , 215.795 , 209.343 , 176.535 , 350.563 , 360.93 , 207.417 , 297.14 , 156.443 , 266.52 , 292.904 , 248.841 , 191.632 , 356.391 , 216.344 , 129.753 , 244.51 , 398.595 , 199.034 , 237.982 , 199.432 , 198.053 , 128.276 , 207.894 , 266.173 , 269.924 , 204.122 , 217.102 , 287.17 , 269.19 , 205.612 , 184.953 , 236.66 , 155.436 , 239.33 , 157.29 , 323.295 , 220.094 , 181.249 , 144.367 , 294.523 , 209.213 , 192.133 , 197.01 , 167.779 , 325.334 , 286.962 , 284.604 , 141.68 , 204.7 , 183.334 , 185.573 , 265.351 , 286.577 , 240.564 , 224.509 , 199.446 , 183.558 , 206.167 , 203.746 , 195.375 , 296.402 , 265.005 , 312.415 , 255.799 , 217.481 , 230.384 , 101.762 , 314.36 , 245.28 , 192.771 , 216.898 , 187.144 , 382.444 , 336.423 , 399.222 , 187.582 , 128.871 , 234.632 , 150.543 , 128.281 , 168.619 , 213.591 , 250.73 , 124.798 , 198.63 , 234.118 , 255.709 , 236.998 , 167.306 , 266.55 , 362.594 , 349.184 , 240.436 , 188.237 , 347.792 , 276.005 , 341.693 , 231.29 , 139.066 , 271.012 , 238.34 , 275.213 , 262.927 , 224.487 , 359.098 , 254.937 , 223.45 , 221.281 , 169.39 , 287.292 , 262.066 , 186.017 , 173.42 , 198.739 , 245.078 , 253.425 , 173.673 , 188.851 , 312.418 , 283.885 , 365.701 , 214.019 , 168.797 , 337.233 , 233.648 , 149.42 , 172.925 , 184.584 , 226.315 , 176.18 , 248.952 , 229.874 , 307.036 , 255.658 , 228.093 , 396.994 , 272.316 , 212.504 , 272.591 , 292.352 , 257.661 , 88.2503 , 182.844 , 250.955 , 305.288 , 170.228 , 183.728 , 331.133 , 197.984 , 252.758 , 167.97 , 235.498 , 197.731 , 157.47 , 188.746 , 282.32 , 153.862 , 175.662 , 299.833 , 206.861 , 172.508 , 215.667 , 160.933 , 258.945 , 230.418 , 196.623 , 248.654 , 230.57 , 205.402 , 163.021 , 293.233 , 254.901 , 152.944 , 303.286 , 225.764 , 350.479 , 199.398 , 278.801 , 113.271 , 133.713 , 429.864 , 275.662 , 403.008 , 290.528 , 248.128 , 173.529 , 308.918 , 153.785 , 318.766 , 206.702 , 136.591 , 254.155 , 222.823 , 158.169 , 251.126 , 196.344 , 256.718 , 228.977 , 209.524 , 182.274 , 332.569 , 245.455 , 207.506 , 217.301 , 217.8 , 274.33 , 375.573 , 182.37 , 307.006 , 164.842 , 243.928 , 156.449 , 316.329 , 186.361 , 193.176 , 239.848 , 268.996 , 250.674 , 165.718 , 227.941 , 219.183 , 269.306 , 186.557 , 233.946 , 180.674 , 273.113 , 279.69 , 392.123 , 346.77 , 165.753 , 192.924 , 249.727 , 280.943 , 304.509 , 104.312 , 319.146 , 314.023 , 227.062 , 237.83 , 185.787 , 238.678 , 213.196 , 422.664 , 147.433 , 245.206 , 177.615 , 135.284 , 203.318 , 266.511 , 219.662 , 242.813 , 235.993 , 162.025 , 175.082 , 188.444 , 168.145 , 286.948 , 215.009 , 216.177 , 194.997 , 276.506 , 164.485 , 211.871 , 227.398 , 364.755 , 302.627 , 282.117 , 315.295 , 298.893 , 265.726 , 312.033 , 167.186 , 204.695 , 157.679 , 202.062 , 223.198 , 281.5 , 172.766 , 131.977 , 