avg1=[206.121 , 204.927 , 223.278 , 166.92 , 222.859 , 202.057 , 191.862 , 234.992 , 162.77 , 225.162 , 208.373 , 249.179 , 213.88 , 200.647 , 234.477 , 243.359 , 179.414 , 327.736 , 204.364 , 257.182 , 189.63 , 175.294 , 205.007 , 228.807 , 362.772 , 242.412 , 265.076 , 267.82 , 197.095 , 210.427 , 293.663 , 197.156 , 287.2 , 263.878 , 207.524 , 211.827 , 192.49 , 227.586 , 310.913 , 198.164 , 247.009 , 238.091 , 316.151 , 168.145 , 180.181 , 147.481 , 174.048 , 210.961 , 248.407 , 262.053 , 276.414 , 132.86 , 273.246 , 213.104 , 208.586 , 264.46 , 233.011 , 202.541 , 237.495 , 198.499 , 287.079 , 191.801 , 171.94 , 230.94 , 241.42 , 201.79 , 260.199 , 256.935 , 177.426 , 228.48 , 300.883 , 248.699 , 193.478 , 212.915 , 251.307 , 224.644 , 195.19 , 316.503 , 318.636 , 220.342 , 351.36 , 262.225 , 221.477 , 299.367 , 236.489 , 219.483 , 123.067 , 224.352 , 403.858 , 159.382 , 252.2 , 211.77 , 197.232 , 368.736 , 220.43 , 301.052 , 212.294 , 282.01 , 297.703 , 276.627 , 210.94 , 220.357 , 239.804 , 314.853 , 353.948 , 219.939 , 371.434 , 325.64 , 233.165 , 301.655 , 167.931 , 239.779 , 288.908 , 150.641 , 156.216 , 166.772 , 217.316 , 140.357 , 173.146 , 171.249 , 275.196 , 213.221 , 138.678 , 220.203 , 205.381 , 217.415 , 174.192 , 254.151 , 240.807 , 300.996 , 216.603 , 218.661 , 245.795 , 235.257 , 237.521 , 187.01 , 288.877 , 262.303 , 322.875 , 267.414 , 296.784 , 196.474 , 268.2 , 279.87 , 269.755 , 146.71 , 141.881 , 280.773 , 248.683 , 297.211 , 190.593 , 289.751 , 246.776 , 365.53 , 215.652 , 214.389 , 266.079 , 156.616 , 244.736 , 230.649 , 219.385 , 226.901 , 189.423 , 206.504 , 189.599 , 301.644 , 162.556 , 179.554 , 225.606 , 201.178 , 315.505 , 252.385 , 201.563 , 291.645 , 191.343 , 197.104 , 236.204 , 211.674 , 231.339 , 245.906 , 152.719 , 183.582 , 266.408 , 223.642 , 228.069 , 224.59 , 328.465 , 169.877 , 180.609 , 203.156 , 326.671 , 246.484 , 298.347 , 191.457 , 231.81 , 241.627 , 239.694 , 146.815 , 272.6 , 245.076 , 223.069 , 286.396 , 196.427 , 196.798 , 193.294 , 173.757 , 316.743 , 283.55 , 295.923 , 227.915 , 301.305 , 218.067 , 355.702 , 254.198 , 320.067 , 273.703 , 210.88 , 202.218 , 218.657 , 294.329 , 173.354 , 289.815 , 169.449 , 240.701 , 186.539 , 233.809 , 274.567 , 259.632 , 173.826 , 202.628 , 196.909 , 251.299 , 301.283 , 210.062 , 292.191 , 294.125 , 150.066 , 241.496 , 237.108 , 188.424 , 230.711 , 171.19 , 269.32 , 251.166 , 175.897 , 235.628 , 210.126 , 217.025 , 214.793 , 254.117 , 221.592 , 272.42 , 199.681 , 154.385 , 195.429 , 172.853 , 340.451 , 251.891 , 188.259 , 177.765 , 221.185 , 236.373 , 205.231 , 181.912 , 228.676 , 235.152 , 224.723 , 232.635 , 217.083 , 196.773 , 207.18 , 145.916 , 323.198 , 413.117 , 356.971 , 259.24 , 349.263 , 209.107 , 204.04 , 214.195 , 194.686 , 181.309 , 250.883 , 254.303 , 215.715 , 224.184 , 220.901 , 307.28 , 337.358 , 296.231 , 185.532 , 154.847 , 210.059 , 281.717 , 144.764 , 184.045 , 148.722 , 270.181 , 252.338 , 262.631 , 182.916 , 185.117 , 201.275 , 209.949 , 202.052 , 164.003 , 270.06 , 243.451 , 245.925 , 187.877 , 332.89 , 174.757 , 176.737 , 311.733 , 263.246 , 217.125 , 207.167 , 199.117 , 163.92 , 206.81 , 245.978 , 181.446 , 179.952 , 187.8 , 196.234 , 312.022 , 197.34 , 217.731 , 330.131 , 170.246 , 288.212 , 223.472 , 263.089 , 202.335 , 217.603 , 254.064 , 241.763 , 133.854 , 197.32 , 304.352 , 230.023 , 259.427 , 243.54 , 258.035 , 143.55 , 227.918 , 344.665 , 242.638 , 223.543 , 164.151 , 220.181 , 143.368 , 209.672 , 230.804 , 276.481 , 272.953 , 250.647 , 232.157 , 224.018 , 155.885 , 276.186 , 200.746 , 242.947 , 183.671 , 235.733 , 196.862 , 284.283 , 306.268 , 305.534 , 259.13 , 244.903 , 311.328 , 282.824 , 163.713 , 235.85 , 233.357 , 222.921 , 327.357 , 161.837 , 251.772 , 270.673 , 302.089 , 222.033 , 339.833 , 366.39 , 233.585 , 223.526 , 209.848 , 166.099 , 231.88 , 216.727 , 294.262 , 245.147 , 207.58 , 192.055 , 231.331 , 269.033 , 349.107 , 191.173 , 193.848 , 222.837 , 222.496 , 183.418 , 210.397 , 217.172 , 234.225 , 258.947 , 152.502 , 158.172 , 319.614 , 266.489 , 198.397 , 169.742 , 221.407 , 240.632 , 260.406 , 230.856 , 224.895 , 263.658 , 268.744 , 185.193 , 228.075 , 158.566 , 167.769 , 305.286 , 199.906 , 240.251 , 179.662 , 250.7 , 157.163 , 200.23 , 254.47 , 275.768 , 184.546 , 242.217 , 276.489 , 178.984 , 173.779 , 188.852 , 249.684 , 197.525 , 247.592 , 260.705 , 184.04 , 181.337 , 213.104 , 300.682 , 200.729 , 331.033 , 317.546 , 252.244 , 250.476 , 299.15 , 235.538 , 205.718 , 256.224 , 192.362 , 244.021 , 246.261 , 255.285 , 328.317 , 176.684 , 231.411 , 231.408 , 235.044 , 223.568 , 307.983 , 286.348 , 173.986 , 355.51 , 283.703 , 264.301 , 190.581 , 243.428 , 230.654 , 228.172 , 231.143 , 229.838 , 229.106 , 263.216 , 207.811 , 193.228 , 152.579 , 307.314 , 230.583 , 254.065 , 310.061 , 315.237 , 226.62 , 278.428 , 179.935 , 209.707 , 252.968 , 313.026 , 390.522 , 207.01 , 249.312 , 159.618 , 204.505 , 221.375 , 199.036 , 173.302 , 248.756 , 159.157 , 422.65 , 176.74 , 192.951 , 221.684 , 142.847 , 358.612 , 320.745 , 218 , 229.792 , 220.128 , 286.077 , 268.967 , 272.472 , 325.225 , 143.157 , 255.531 , 214.249 , 299.344 , 267.252 , 245.827 , 252.257 , 160.691 , 325.246 , 215.17 , 215.682 , 234.211 , 280.992 , 189.357 , 333.494 , 252.778 , 357.21 , 195.689 , 295.574 , 205.771 , 263.833 , 242.126 , 199.027 , 187.569 , 294.278 , 274.859 , 301.802 , 225.025 , 180.76 , 150.325 , 187.656 , 149.358 , 173.392 , 215.383 , 253.425 , 271.663 , 235.913 , 190.746 , 189.553 , 252.134 , 277.506 , 261.086 , 272.528 , 211.845 , 244.43 , 207.593 , 142.836 , 181.52 , 183.683 , 252.339 , 218.783 , 168.42 , 345.039 , 143.888 , 282.82 , 211.893 , 223.349 , 171.726 , 197.364 , 144.828 , 210.925 , 202.221 , 191.202 , 171.215 , 304.433 , 181.52 , 206.602 , 298.913 , 199.879 , 126.571 , 199.348 , 203.106 , 296.87 , 180.747 , 197.181 , 308.312 , 326.402 , 183.306 , 158.561 , 145.217 , 214.053 , 173.513 , 256.386 , 173.601 , 209.792 , 285.141 , 300.999 , 234.848 , 283.267 , 348.545 , 304.097 , 171.305 , 271.526 , 264.534 , 236.715 , 216.737 , 223.34 , 247.2 , 205.419 , 220.067 , 242.075 , 237.195 , 214.894 , 250.617 , 211.488 , 237.015 , 262.348 , 258.336 , 406.113 , 238.218 , 303.957 , 225.85 , 343.674 , 277.515 , 277.681 , 237.324 , 223.425 , 250.84 , 227.791 , 200.174 , 219.846 , 174.164 , 308.706 , 158.192 , 307.432 , 289.974 , 304.151 , 198.484 , 210.047 , 188.176 , 283.927 , 234.01 , 240.581 , 203.147 , 208.805 , 240.89 , 281.262 , 275.733 , 225.09 , 270.445 , 183.675 , 190.293 , 275.693 , 190.571 , 211.684 , 221.125 , 238.264 , 206.631 , 246.081 , 154.199 , 317.671 , 201.66 , 342.607 , 229.22 , 290.811 , 283.924 , 287.301 , 222.174 , 360.343 , 186.378 , 340.106 , 304.856 , 258.67 , 170.953 , 208.941 , 313.255 , 232.533 , 277.986 , 277.143 , 223.434 , 322.292 , 226.068 , 296.719 , 277.64 , 350.46 , 318.927 , 271.876 , 248.13 , 223.728 , 159.293 , 160.078 , 204.905 , 263.4 , 164.739 , 261.703 , 258.299 , 231.303 , 239.823 , 137.69 , 174.661 , 224.317 , 299.787 , 264.272 , 296.976 , 261.812 , 198.488 , 256.365 , 243.65 , 215.233 , 276.498 , 162.821 , 197.707 , 211.808 , 188.784 , 248.75 , 326.716 , 250.295 , 184.045 , 205.503 , 178.686 , 211.874 , 307.455 , 244.841 , 217.626 , 224.375 , 189.888 , 301.505 , 247.005 , 311.187 , 348.468 , 284.086 , 330.001 , 222.568 , 198.019 , 156.878 , 187.365 , 194.611 , 302.132 , 182.861 , 208.437 , 250.901 , 216.078 , 249.197 , 205.167 , 225.083 , 227.535 , 193.153 , 204.914 , 218.966 , 177.241 , 218.018 , 259.265 , 174.327 , 289.538 , 174 , 295.916 , 208.849 , 343.556 , 186.068 , 227.625 , 299.676 , 207.428 , 250.215 , 144.983 , 398.871 , 232.861 , 225.742 , 209.171 , 253.692 , 285.94 , 275.403 , 213.751 , 194.889 , 245.012 , 220.944 , 233.361 , 289.148 , 222.999 , 218.48 , 237.118 , 184.01 , 209.752 , 213.096 , 178.511 , 290.962 , 231.72 , 176.623 , 251.242 , 257.848 , 178.653 , 200.251 , 153.957 , 272.601 , 248.733 , 131.976 , 323.75 , 363.478 , 146.849 , 213.627 , 185.534 , 264.32 , 231.086 , 