avg1=[244.799 , 272.032 , 161.884 , 146.66 , 202.699 , 220.901 , 214.931 , 217.261 , 294.857 , 152.908 , 265.647 , 220.098 , 164.641 , 202.726 , 181.588 , 180.437 , 200.333 , 251.247 , 351.144 , 211.651 , 282.479 , 172.416 , 290.048 , 267.743 , 254.892 , 284.313 , 226.648 , 201.463 , 231.186 , 231.052 , 238.643 , 204.532 , 324.983 , 199.836 , 201.186 , 189.069 , 171.268 , 252.742 , 265.17 , 375.886 , 328.599 , 285.864 , 190.906 , 245.135 , 226.059 , 203.308 , 195.062 , 157.436 , 269.306 , 356.199 , 182.696 , 185.166 , 189.828 , 156.015 , 191.86 , 231.812 , 306.184 , 239.051 , 204.599 , 187.132 , 211.417 , 217.667 , 234.506 , 236.336 , 209.257 , 254.469 , 210.668 , 288.829 , 198.14 , 207.733 , 183.595 , 182.365 , 272.204 , 330.87 , 255.085 , 263.504 , 307.439 , 267.153 , 239.063 , 270.119 , 261.399 , 221.591 , 211.942 , 207.731 , 214.888 , 247.186 , 252.152 , 180.986 , 286.952 , 258.076 , 270.991 , 252.896 , 301.859 , 305.682 , 218.45 , 236.634 , 220.136 , 198.177 , 251.187 , 244.041 , 304.617 , 240.866 , 222.934 , 274.9 , 342.952 , 211.253 , 261.376 , 270.731 , 244.463 , 236.722 , 180.566 , 280.566 , 138.781 , 198.663 , 200.84 , 199.416 , 208.953 , 228.978 , 185.831 , 333.287 , 279.159 , 233.768 , 182.449 , 228.932 , 180.623 , 228.047 , 166.085 , 223.81 , 296.724 , 187.627 , 220.275 , 269.095 , 223.928 , 276.611 , 210.292 , 209.366 , 273.61 , 265.121 , 240.103 , 272.342 , 204.592 , 293.461 , 251.022 , 243.043 , 224.624 , 335.691 , 261.953 , 197.699 , 216.072 , 175.459 , 289.013 , 316.108 , 249.367 , 201.633 , 250.264 , 284.359 , 297.042 , 205.342 , 185.122 , 289.417 , 227.321 , 266.431 , 235.456 , 310.876 , 205.366 , 213.947 , 266.348 , 300.561 , 196.919 , 246.141 , 216.221 , 322.873 , 171.564 , 224.561 , 290.003 , 236.45 , 271.839 , 290.103 , 181.713 , 231.761 , 231.626 , 207.996 , 199.363 , 179.946 , 237.506 , 300.235 , 203.005 , 164.713 , 330.48 , 212.441 , 233.847 , 218.381 , 255.019 , 274.219 , 228.132 , 198.092 , 158.282 , 250.631 , 202.61 , 217.085 , 260.255 , 259.3 , 221.598 , 246.908 , 249.869 , 233.393 , 248.469 , 259.615 , 271.945 , 288.072 , 218.297 , 222.712 , 250.722 , 217.822 , 194.135 , 255.557 , 182.191 , 174.181 , 172.334 , 247.275 , 210.49 , 250.32 , 202.247 , 231.114 , 216.974 , 269.906 , 250.554 , 203.245 , 239.017 , 263.186 , 302.269 , 272.143 , 228.279 , 211.671 , 195.512 , 213.611 , 216.494 , 240.436 , 247.609 , 266.71 , 233.739 , 211.144 , 196.234 , 259.767 , 266.704 , 179.126 , 224.977 , 244.162 , 182.665 , 295.93 , 219.865 , 212.969 , 219.79 , 309.388 , 233.174 , 270.445 , 371.802 , 201.627 , 155.979 , 275.412 , 258.327 , 280.023 , 170.825 , 235.38 , 235.859 , 224.568 , 229.695 , 193.223 , 227.345 , 190.409 , 278.279 , 235.041 , 238.265 , 217.81 , 241.925 , 203.357 , 250.566 , 179.49 , 271.778 , 168.618 , 199.561 , 324.232 , 192.362 , 304.382 , 268.498 , 253.622 , 197.401 , 216.182 , 249.696 , 225.183 , 243.738 , 215.303 , 240.23 , 187.858 , 237.26 , 276.851 , 260.156 , 207.357 , 175.82 , 164.425 , 224.323 , 226.327 , 165.986 , 215.791 , 286.661 , 200.728 , 243.749 , 232.379 , 187.767 , 207.09 , 194.697 , 235.533 , 193.122 , 209.527 , 265.536 , 166.023 , 296.233 , 204.677 , 210.437 , 251.945 , 233.263 , 244.836 , 233.203 , 188.93 , 259.603 , 199.765 , 259.453 , 217.707 , 168.231 , 181.345 , 185.965 , 303.729 , 249.076 , 215.331 , 255.48 , 116.54 , 225.276 , 186.124 , 217.257 , 231.094 , 228.868 , 207.433 , 257.589 , 315.392 , 237.708 , 275.499 , 202.692 , 196.729 , 259.82 , 223.625 , 283.282 , 223.208 , 277.583 , 234.093 , 212.523 , 212.517 , 199.097 , 145.953 , 179.558 , 324.091 , 345.039 , 284.08 , 206.71 , 190.95 , 244.259 , 265.08 , 208.476 , 294.19 , 185.031 , 220.022 , 255.803 , 269.916 , 203.046 , 197.807 , 244.368 , 205.306 , 262.601 , 207.687 , 231.774 , 260.888 , 282.225 , 225.696 , 245.242 , 206.837 , 261.372 , 197.422 , 200.59 , 244.256 , 196.305 , 259.962 , 264.19 , 202.76 , 217.548 , 278.217 , 269.148 , 252.987 , 298.333 , 168.605 , 288.711 , 211.433 , 242.747 , 314.503 , 286.397 , 276.864 , 290.214 , 268.98 , 250.753 , 238.687 , 206.693 , 368.029 , 184.031 , 201.306 , 142.136 , 179.432 , 178.871 , 297.269 , 221.62 , 152.817 , 276.956 , 180.719 , 341.613 , 185.308 , 177.616 , 184.995 , 305.005 , 266.824 , 163.675 , 230.046 , 213.825 , 166.359 , 289.324 , 221.508 , 280.137 , 230.409 , 288.884 , 342.961 , 187.969 , 184.104 , 249.282 , 318.751 , 284.113 , 230.036 , 273.522 , 158.351 , 225.095 , 258.671 , 279.634 , 236.713 , 348.735 , 239.169 , 235.494 , 164.222 , 267.168 , 237.146 , 195.111 , 226.157 , 266.793 , 360.657 , 231.507 , 297.016 , 250.338 , 175.499 , 232.192 , 192.904 , 249.47 , 262.909 , 366.732 , 217.591 , 213.955 , 335.09 , 307.19 , 257.921 , 214.612 , 188.529 , 226.441 , 209.843 , 258.328 , 271.419 , 284.855 , 219.089 , 251.105 , 155.029 , 276.928 , 223.564 , 276.863 , 196.53 , 147.372 , 238.882 , 266.449 , 230.317 , 217.409 , 283.418 , 250.409 , 229.223 , 221.524 , 217.534 , 146.368 , 245.529 , 251.183 , 243.592 , 190.677 , 303.713 , 240.463 , 203.231 , 246.039 , 228.595 , 171.882 , 237.912 , 229.258 , 396.953 , 186.034 , 251.823 , 281.936 , 229.495 , 288.041 , 250.83 , 269.422 , 230.527 , 213.808 , 261.862 , 302.087 , 228.153 , 257.313 , 267.769 , 254.837 , 198.693 , 265.82 , 275.126 , 182.748 , 191.551 , 193.266 , 236.257 , 316.052 , 310.318 , 211.731 , 129.452 , 322.696 , 308.31 , 310.7 , 188.05 , 220.651 , 266.551 , 281.221 , 219.524 , 264.743 , 229.74 , 141.264 , 190.275 , 209.207 , 226.96 , 185.665 , 207.936 , 256.735 , 315.205 , 215.004 , 269.433 , 207.784 , 352.201 , 188.13 , 200.085 , 257.653 , 242.392 , 223.706 , 153.527 , 239.984 , 279.379 , 245.047 , 186.484 , 193.349 , 232.012 , 218.747 , 310.621 , 210.99 , 250.171 , 188.194 , 224.735 , 230.014 , 143.286 , 195.325 , 255.595 , 314.697 , 196.167 , 268.793 , 169.977 , 216.906 , 230.484 , 192.52 , 271.566 , 295.131 , 195.27 , 305.594 , 273.365 , 207.649 , 199.979 , 267.389 , 257.704 , 220.212 , 175.019 , 208.146 , 210.935 , 181.155 , 231.381 , 312.561 , 241.421 , 259.156 , 296.551 , 230.372 , 212.063 , 219.635 , 245.065 , 170.907 , 175.02 , 252.049 , 271.555 , 306.774 , 170.189 , 323.442 , 169.524 , 217.188 , 196.544 , 214.652 , 275.404 , 195.523 , 262.959 , 215.379 , 187.039 , 279.7 , 331.865 , 268.045 , 225.698 , 195.958 , 268.626 , 207.293 , 211.666 , 238.353 , 211.127 , 226.694 , 173.299 , 182.833 , 219.91 , 259.801 , 159.294 , 298.774 , 287.437 , 237.427 , 222.54 , 266.124 , 181.025 , 247.607 , 198.601 , 161.296 , 269.978 , 224.484 , 198.815 , 204.769 , 310.235 , 239.539 , 235.649 , 277.778 , 211.536 , 209.146 , 156.424 , 274.789 , 176.893 , 169.151 , 224.344 , 237.398 , 195.909 , 253.202 , 277.755 , 237.853 , 312.653 , 189.922 , 268.686 , 164.617 , 179.015 , 231.927 , 221.172 , 252.11 , 223.903 , 263.969 , 268.967 , 293.619 , 215.455 , 168.246 , 296.247 , 182.474 , 321.802 , 231.193 , 199.426 , 192.091 , 200.693 , 193.005 , 184.258 , 205.56 , 230.419 , 216.391 , 168.348 , 217.153 , 255.511 , 262.927 , 235.373 , 319.045 , 246.139 , 217.005 , 214.081 , 211.846 , 261.188 , 212.165 , 225.211 , 263.494 , 268.418 , 257.049 , 171.05 , 201.425 , 209.449 , 232.888 , 264.328 , 213.09 , 245.015 , 183.179 , 244.438 , 240.12 , 186.516 , 210.511 , 202.602 , 253.417 , 188.442 , 243.067 , 213.817 , 215.197 , 220.065 , 247.617 , 277.941 , 152.499 , 172.605 , 290.539 , 164.72 , 287.43 , 203.98 , 172.941 , 266.745 , 233.12 , 194.973 , 185.134 , 226.219 , 163.55 , 202.618 , 194.353 , 250.507 , 264.44 , 269.271 , 227.184 , 233.951 , 238.032 , 235.702 , 282.917 , 295.374 , 243.156 , 195.039 , 240.218 , 309.08 , 206.135 , 199.731 , 189.714 , 321.222 , 223.911 , 274.311 , 278.866 , 265.509 , 242.208 , 300.693 , 266.267 , 269.248 , 202.758 , 320.001 , 279.164 , 264.341 , 226.267 , 238.921 , 146.848 , 266.857 , 229.058 , 279.77 , 242.175 , 210.608 , 261.335 , 263.643 , 213.812 , 251.661 , 161.114 , 202.5 , 307.749 , 190.22 , 278.128 , 228.502 , 245.161 , 235.914 , 268.853 , 205.341 , 272.994 , 219.027 , 167.286 , 271.663 , 224.745 , 208.173 , 200.606 , 