avg1=[279.827 , 226.735 , 230.833 , 238.89 , 224.255 , 296.623 , 219.738 , 195.503 , 199.067 , 227.86 , 224.618 , 286.525 , 172.994 , 183.081 , 176.037 , 152.577 , 256.08 , 283.776 , 192.347 , 180.069 , 256.816 , 214.986 , 201.676 , 230.045 , 313.163 , 255.783 , 288.384 , 260.836 , 263.281 , 157.144 , 266.748 , 221.259 , 316.252 , 182.657 , 167.919 , 215.819 , 207.32 , 262.131 , 249.216 , 243.616 , 141.19 , 219.208 , 286.806 , 198.77 , 183.688 , 170.912 , 228.293 , 196.262 , 340.051 , 318.239 , 222.348 , 200.835 , 148.281 , 203.309 , 206.344 , 264.451 , 252.136 , 197.767 , 260.936 , 187.517 , 261.572 , 220.313 , 213.878 , 202.482 , 258.523 , 246.274 , 215.266 , 229.919 , 314.085 , 257.537 , 356.706 , 230.586 , 207.123 , 258.822 , 209.918 , 227.5 , 250.547 , 222.283 , 274.108 , 275.039 , 262.214 , 226.457 , 189.923 , 227.185 , 302.371 , 179.366 , 210.579 , 277.11 , 311.982 , 201.228 , 240.393 , 176.333 , 157.867 , 241.349 , 183.287 , 327.078 , 258.662 , 231.785 , 286.839 , 234.28 , 264.637 , 237.182 , 260.853 , 229.163 , 279.797 , 234.725 , 288.881 , 256.403 , 163.993 , 302.287 , 242.614 , 282.25 , 193.488 , 251.758 , 188.328 , 240.785 , 174.168 , 216.109 , 218.745 , 282.016 , 270.822 , 241.731 , 158.212 , 226.568 , 208.266 , 170.833 , 177.183 , 229.441 , 345.685 , 219.311 , 189.165 , 243.572 , 260.836 , 269.466 , 259.141 , 327.944 , 187.272 , 289.133 , 252.962 , 288.13 , 222.715 , 231.921 , 195.416 , 238.192 , 174.809 , 214.703 , 245.778 , 183.768 , 247.553 , 258.529 , 314.164 , 309.65 , 286.051 , 287.905 , 169.942 , 175.497 , 278.602 , 208.719 , 314.406 , 236.133 , 184.073 , 299.303 , 185.895 , 192.704 , 216.916 , 238.784 , 221.502 , 219.119 , 188.595 , 197.778 , 218.748 , 197.561 , 242.755 , 202.833 , 266.15 , 290.152 , 206.267 , 276.289 , 232.826 , 229.522 , 190.158 , 215.544 , 218.488 , 267.492 , 206.076 , 237.659 , 158.651 , 180.487 , 178.704 , 226.074 , 220.443 , 314.497 , 156.679 , 257.137 , 254.679 , 239.611 , 236.668 , 231.786 , 205.435 , 293.156 , 198.118 , 194.149 , 178.1 , 182.182 , 228.722 , 237.778 , 215.969 , 312.371 , 268.511 , 256.614 , 327.723 , 195.148 , 273.781 , 188.424 , 273.312 , 206.037 , 309.851 , 258.046 , 229.436 , 289.577 , 243.665 , 269.346 , 239.787 , 161.697 , 266.673 , 231.726 , 250.996 , 264.702 , 189.578 , 194.292 , 222.485 , 263.468 , 166.699 , 215.141 , 217.834 , 217.976 , 240.311 , 219.443 , 263.094 , 176.231 , 292.126 , 251.336 , 182.295 , 268.571 , 239.889 , 195.904 , 310.453 , 195.017 , 219.379 , 349.963 , 234.371 , 197.396 , 213.422 , 241.119 , 217.416 , 239.503 , 289.365 , 292.982 , 197.171 , 218.49 , 231.516 , 205.086 , 223.048 , 177.281 , 194.538 , 279.122 , 198.516 , 196.084 , 240.146 , 298.905 , 260.897 , 176.227 , 299.204 , 224.372 , 201.689 , 198.04 , 179.14 , 254.089 , 245.056 , 337.763 , 183.372 , 230.211 , 183.964 , 253.043 , 222.092 , 227.044 , 232.762 , 249.582 , 256.756 , 306.789 , 351.28 , 234.381 , 252.148 , 222.397 , 266.491 , 220.918 , 189.723 , 247.732 , 190.946 , 236.663 , 287.483 , 282.599 , 141.059 , 251.774 , 262.849 , 209.028 , 225.604 , 300.574 , 202.68 , 211.216 , 227.721 , 277.463 , 177.547 , 233.887 , 201.031 , 277.173 , 189.993 , 215.138 , 251.097 , 248.208 , 182.202 , 238.663 , 318.154 , 322.505 , 263.2 , 195.107 , 264.877 , 171.58 , 192.794 , 251.414 , 234.339 , 223.359 , 213.077 , 192.046 , 232.878 , 122.34 , 257.16 , 154.361 , 256.933 , 233.192 , 205.107 , 269.326 , 276.16 , 197.351 , 258.091 , 230.73 , 224.155 , 228.796 , 206.993 , 251.978 , 202.264 , 268.223 , 232.571 , 210.187 , 145.594 , 223.579 , 263.181 , 215.743 , 346.291 , 239.1 , 220.626 , 286.114 , 223.179 , 266.24 , 219.936 , 211.738 , 254.844 , 201.191 , 136.272 , 211.921 , 189.975 , 202.571 , 196.753 , 228.659 , 233.054 , 180.991 , 245.544 , 207.439 , 252.737 , 191.089 , 208.766 , 261.005 , 233.242 , 286.625 , 311.5 , 192.061 , 273.085 , 228.408 , 248.517 , 180.008 , 209.841 , 286.866 , 267.507 , 220.95 , 303.959 , 212.816 , 274.838 , 279.883 , 237.912 , 240.317 , 283.329 , 248.716 , 216.676 , 210.397 , 285.954 , 169.103 , 236.422 , 207.201 , 210.121 , 252.358 , 237.758 , 197.32 , 306.735 , 242.355 , 192.547 , 227.884 , 258.864 , 174.935 , 338.499 , 188.33 , 236.009 , 175.196 , 227.045 , 249.788 , 271.007 , 232.447 , 203.378 , 231.249 , 162.376 , 289 , 317.679 , 214.178 , 260.45 , 285.9 , 217.353 , 190.873 , 266.479 , 203.68 , 238.543 , 280.935 , 236.082 , 201.728 , 219.678 , 224.479 , 213.292 , 247.472 , 289.172 , 285.574 , 218.226 , 199.313 , 227.016 , 235.439 , 259.316 , 243.377 , 113.055 , 180.523 , 241.147 , 223.454 , 300.786 , 268.077 , 186.234 , 155.896 , 194.278 , 275.524 , 244.521 , 211.68 , 264.653 , 285.706 , 192.345 , 248.327 , 193.238 , 212.044 , 249.641 , 311.927 , 223.972 , 245.107 , 213.865 , 223.865 , 194.838 , 133.988 , 252.033 , 249.671 , 169.239 , 201.561 , 230.927 , 209.374 , 237.434 , 240.848 , 251.332 , 331.502 , 197.645 , 266.276 , 214.085 , 165.527 , 247.645 , 308.122 , 205.103 , 216.793 , 269.986 , 238.003 , 271.018 , 253.239 , 262.679 , 255.707 , 229.329 , 141.55 , 309.49 , 274.088 , 177.915 , 356.557 , 247.971 , 192.799 , 290.76 , 245.721 , 208.15 , 300.902 , 287.889 , 312.459 , 204.325 , 259.915 , 218.755 , 236.348 , 227.373 , 294.231 , 318.331 , 203.794 , 253.863 , 250.947 , 198.138 , 171.897 , 216.503 , 311.862 , 202.29 , 261.932 , 254.455 , 227.632 , 276.09 , 196.383 , 271.402 , 188.486 , 237.441 , 219.651 , 268.848 , 219.769 , 194.871 , 231.151 , 186.485 , 219.396 , 250.152 , 232.152 , 174.293 , 282.826 , 239.105 , 244.309 , 227.961 , 228.961 , 249.492 , 295.816 , 160.055 , 221.987 , 314.996 , 200.912 , 202.405 , 167.85 , 194.238 , 249.055 , 307.433 , 224.907 , 285.397 , 224.152 , 264.014 , 200.251 , 267.597 , 231.895 , 235.3 , 169.751 , 250.836 , 168.376 , 232.272 , 254.642 , 277.69 , 242.954 , 271.566 , 171.819 , 218.361 , 267.078 , 190.071 , 293.549 , 213.089 , 229.265 , 234.81 , 220.522 , 268.815 , 191.975 , 279.867 , 258.15 , 214.209 , 188.256 , 197.644 , 221.118 , 219.862 , 240.381 , 273.424 , 219.879 , 294.94 , 269.678 , 199.067 , 201.376 , 180.901 , 198.479 , 243.216 , 193.677 , 317.728 , 240.241 , 229.976 , 164.664 , 204.732 , 210.399 , 171.8 , 239.558 , 330.111 , 251.231 , 322.388 , 275.979 , 293 , 182.378 , 208.941 , 213.603 , 282.521 , 207.639 , 264.335 , 218.723 , 302.295 , 177.515 , 276.621 , 235.26 , 225.39 , 246.997 , 197.171 , 273.628 , 197.472 , 193.724 , 273.89 , 196.962 , 215.68 , 157.078 , 183.386 , 163.132 , 216.658 , 247.319 , 215.456 , 227.041 , 273.975 , 261.242 , 258.165 , 360.075 , 194.674 , 232.065 , 248.717 , 177.228 , 225.515 , 173.839 , 216.294 , 248.502 , 176.813 , 264.903 , 197.763 , 242.898 , 283.766 , 181.098 , 262.956 , 241.495 , 215.521 , 264.4 , 189.348 , 269.831 , 233.788 , 188.547 , 277.156 , 254.985 , 219.027 , 243.212 , 216.587 , 217.724 , 239.252 , 334.338 , 212.549 , 326.484 , 251.466 , 236.922 , 286.967 , 252.068 , 200.933 , 204.637 , 161.423 , 193.266 , 212.054 , 288.579 , 261.519 , 175.35 , 257.906 , 228.373 , 225.033 , 172.233 , 208.712 , 189.605 , 203.792 , 304.367 , 274.718 , 246.806 , 221.879 , 317.221 , 235.907 , 231.934 , 235.848 , 246.78 , 206.079 , 218.765 , 260.949 , 227.189 , 222.898 , 225.461 , 165.074 , 221.983 , 192.394 , 279.687 , 237.041 , 237.241 , 254.607 , 240.455 , 248.823 , 242.253 , 229.748 , 250.594 , 209.811 , 236.262 , 229.458 , 196.309 , 256.093 , 281.322 , 238.053 , 197.66 , 274.584 , 213.867 , 229.078 , 271.572 , 193.207 , 185.345 , 229.609 , 218.085 , 300.406 , 289.904 , 248.006 , 214.14 , 233.502 , 205.168 , 247.09 , 222.954 , 213.041 , 228.979 , 212.285 , 324.331 , 205.769 , 152.994 , 192.501 , 261.367 , 212.388 , 219.019 , 309.605 , 268.157 , 237.944 , 278.964 , 342.358 , 224.544 , 303.204 , 255.849 , 209.915 , 208.306 , 226.686 , 203.902 , 292.684 , 263.33 , 213.753 , 224.838 , 192.098 , 174.538 , 220.432 , 240.971 , 250.824 , 208.661 , 262.752 , 260.283 , 205.135 , 242.106 , 300.629 , 201.341 , 284.74 , 218.27 , 338.564 , 222.449 , 277.961 , 246.189 , 218.464 , 285.178 , 192.846 , 185.015 , 201.253 , 