avg1=[274.588 , 182.21 , 196.599 , 159.522 , 251.32 , 271.737 , 232.545 , 214.178 , 216.596 , 208.304 , 258.443 , 252.143 , 169.752 , 233.239 , 224.002 , 296.8 , 192.881 , 277.863 , 222.751 , 186.338 , 199.879 , 253.982 , 197.722 , 242.872 , 245.327 , 248.387 , 262.377 , 174.494 , 235.307 , 186.179 , 223.759 , 214.711 , 255.465 , 169.425 , 195.676 , 281.789 , 171.339 , 205.824 , 257.875 , 258.253 , 339.957 , 261.728 , 265.728 , 226.253 , 202.597 , 193.294 , 218.146 , 195.711 , 332.751 , 296.022 , 264.733 , 185.61 , 217.279 , 182.188 , 209.89 , 293.447 , 248.834 , 239.627 , 169.922 , 221.37 , 210.064 , 246.322 , 202.651 , 213.712 , 241.866 , 295.822 , 222.287 , 241.812 , 195.033 , 275.664 , 297.6 , 201.406 , 271.562 , 197.984 , 203.706 , 222.46 , 220.727 , 211.899 , 227.574 , 257.543 , 292.553 , 238.955 , 233.07 , 243.147 , 190.502 , 227.737 , 207.525 , 194.956 , 207.323 , 209.91 , 235.535 , 184.293 , 337.443 , 289.095 , 191.604 , 333.877 , 385.233 , 280.395 , 262.036 , 230.886 , 184.989 , 355.131 , 291.333 , 220.407 , 213.617 , 253.534 , 273.595 , 235.551 , 183.001 , 319.13 , 216.969 , 231.157 , 290.643 , 266.804 , 254.586 , 221.147 , 245.275 , 223.971 , 176.069 , 244.705 , 269.24 , 223.359 , 251.222 , 256.192 , 223.526 , 322.093 , 170.775 , 182.73 , 361.55 , 185.936 , 190.194 , 203.102 , 196.828 , 240.498 , 255.189 , 246.33 , 214.184 , 415.682 , 190.979 , 269.628 , 289.496 , 232.96 , 311.616 , 201.386 , 301.063 , 216.721 , 217.588 , 196.131 , 271.643 , 191.536 , 270.218 , 234.056 , 357.276 , 219.798 , 163.137 , 222.066 , 293.535 , 253.899 , 251.165 , 241.474 , 189.049 , 261.891 , 187.454 , 221.74 , 222.379 , 227.98 , 255.688 , 224.912 , 228.236 , 275.61 , 188.169 , 224.361 , 271.282 , 215.629 , 168.014 , 274.16 , 268.981 , 230.277 , 191.672 , 267.115 , 248.638 , 218.786 , 252.78 , 195.117 , 278.446 , 253.981 , 265.619 , 221.951 , 204.185 , 254.49 , 283.172 , 240.091 , 265.298 , 254.497 , 131.427 , 274.87 , 263.923 , 300.667 , 203.726 , 246.441 , 196.101 , 250.674 , 185.14 , 200.453 , 204.878 , 266.315 , 202.741 , 233.004 , 204.86 , 224.277 , 219.994 , 191.463 , 290.741 , 215.733 , 164.706 , 221.471 , 230.942 , 295.25 , 257.386 , 249.336 , 236.466 , 179.476 , 180.495 , 225.737 , 217.888 , 270.637 , 244.114 , 166.464 , 207.279 , 246.668 , 258.408 , 307.014 , 190.271 , 241.26 , 328.256 , 181.719 , 257.47 , 222.866 , 276.878 , 187.206 , 273.604 , 237.64 , 252.148 , 199.267 , 152.652 , 224.515 , 183.377 , 238.903 , 229.848 , 281.552 , 301.429 , 217.581 , 218.095 , 220.526 , 222.226 , 161.363 , 273.245 , 230.894 , 169.112 , 290.139 , 184.29 , 258.855 , 278.137 , 163.25 , 245.21 , 297.578 , 217.368 , 274.929 , 291.776 , 185.012 , 219.304 , 211.019 , 358.829 , 190.313 , 247.499 , 275.135 , 244.08 , 178.486 , 160.543 , 154.679 , 184.057 , 238.888 , 120.795 , 294.709 , 239.718 , 230.385 , 277.427 , 260.074 , 206.116 , 233.281 , 233.357 , 205.522 , 182.781 , 304.703 , 231.005 , 218.035 , 228.533 , 200.407 , 215.671 , 169.648 , 314.105 , 284.114 , 213.811 , 169.805 , 228.061 , 173.323 , 244.406 , 262.229 , 265.222 , 304.242 , 258.808 , 228.834 , 149.92 , 211.141 , 306.244 , 216.354 , 274.077 , 303.132 , 262.759 , 214.155 , 235.462 , 279.408 , 223.229 , 227.221 , 164.278 , 294.519 , 233.577 , 264.127 , 219.445 , 282.828 , 247.675 , 208.243 , 239.317 , 231.5 , 181.984 , 181.182 , 216.343 , 148.151 , 239.734 , 244.098 , 165.852 , 190.576 , 256.962 , 243.264 , 231.586 , 157.749 , 257.365 , 260.981 , 227.213 , 217.641 , 224.379 , 244.244 , 197.291 , 242.284 , 185.428 , 222.574 , 204.988 , 214.894 , 162.751 , 227.195 , 268.255 , 213.386 , 249.658 , 176.557 , 221.011 , 240.619 , 272.288 , 208.275 , 144.078 , 240.299 , 247.573 , 328.646 , 208.867 , 252.267 , 216.922 , 168.291 , 230.812 , 148.221 , 262.572 , 252.318 , 231.366 , 179.652 , 220.046 , 236.132 , 236.745 , 234.677 , 185.618 , 238.837 , 202.375 , 258.028 , 181.924 , 277.658 , 285.584 , 172.76 , 389.457 , 214.201 , 241.396 , 164.215 , 298.44 , 186.891 , 272.315 , 176.212 , 180.52 , 187.817 , 263.696 , 209.09 , 227.725 , 258.32 , 193.247 , 318.676 , 204.813 , 189.164 , 183.842 , 204.934 , 224.294 , 165.03 , 253.611 , 186.989 , 261.441 , 191.737 , 153.621 , 250.829 , 163.998 , 249.372 , 228.025 , 238.714 , 251.016 , 174.633 , 249.914 , 305.757 , 308.246 , 280.617 , 313.315 , 312.867 , 210.416 , 242.754 , 278.448 , 220.948 , 253.908 , 379.151 , 217.23 , 276.227 , 232.577 , 180.511 , 255.657 , 211.377 , 205.899 , 277.732 , 197.021 , 181.277 , 175.085 , 277.947 , 242.245 , 233.276 , 195.796 , 251.098 , 204.326 , 303.723 , 186.814 , 248.944 , 180.761 , 210.883 , 210.462 , 333.059 , 256.929 , 310.052 , 320.456 , 293.448 , 231.442 , 238.477 , 224.708 , 202.249 , 208.981 , 314.245 , 281.447 , 183.198 , 231.265 , 184.346 , 193.489 , 222.127 , 191.416 , 259.431 , 326.172 , 228.189 , 269.875 , 299.686 , 294.539 , 193.303 , 312.716 , 249.303 , 231.224 , 140.121 , 235.702 , 187.836 , 282.698 , 295.624 , 224.692 , 288.872 , 239.016 , 344.893 , 328.432 , 200.988 , 212.86 , 211.524 , 252.746 , 189.314 , 253.406 , 243.13 , 185.916 , 248.346 , 194.803 , 243.014 , 280.703 , 204.685 , 179.692 , 223.594 , 242.874 , 282.803 , 213.515 , 230.094 , 200.17 , 290.278 , 223.71 , 271.51 , 201.021 , 229.569 , 266.823 , 289.053 , 184.614 , 199.165 , 247.718 , 279.351 , 197.536 , 184.849 , 265.825 , 282.209 , 288.774 , 287.771 , 215.136 , 225.677 , 184.737 , 212.122 , 320.628 , 340.325 , 262.284 , 255.781 , 173.138 , 203.798 , 231.742 , 274.912 , 218.994 , 201.396 , 291.962 , 240.377 , 190.168 , 272.282 , 260.348 , 216.89 , 243.387 , 161.144 , 242.304 , 223.089 , 240.129 , 174.872 , 234.086 , 245.017 , 264.441 , 182.773 , 260.991 , 227.062 , 265.932 , 265.246 , 210.116 , 250.451 , 227.245 , 365.867 , 257.708 , 167.007 , 201.944 , 276.425 , 219.907 , 168.621 , 247.283 , 212.323 , 177.509 , 205.125 , 216.384 , 232.796 , 213.387 , 198.956 , 204.392 , 221.667 , 203.664 , 236.964 , 181.231 , 242.236 , 155.581 , 175.209 , 222.832 , 200.646 , 235.294 , 249.764 , 234.155 , 226.373 , 189.993 , 205.926 , 238.375 , 210.676 , 223.152 , 198.995 , 200.564 , 265.611 , 226.613 , 215.233 , 256.757 , 215.121 , 177.954 , 254.235 , 217.53 , 307.519 , 367.38 , 215.108 , 219.713 , 294.713 , 329.723 , 217.767 , 320.781 , 230.496 , 275.272 , 271.232 , 231.497 , 254.534 , 271.154 , 159.294 , 236.005 , 175.147 , 238.166 , 253.246 , 230.296 , 210.099 , 236.785 , 239.061 , 343.799 , 324.592 , 203.95 , 191.383 , 234.938 , 169.281 , 208.871 , 223.991 , 183.592 , 229.424 , 273.013 , 206.291 , 216.56 , 154.952 , 181.716 , 244.89 , 276.769 , 183.667 , 309.033 , 275.312 , 282.894 , 247.158 , 223.43 , 245.174 , 240.454 , 257.104 , 284.556 , 212.534 , 292.225 , 291.332 , 216.872 , 202.714 , 245.624 , 137.495 , 170.177 , 179.56 , 216.797 , 249.294 , 205.894 , 312.82 , 276.197 , 229.805 , 152.989 , 204.597 , 180.925 , 252.671 , 234.131 , 137.376 , 229.2 , 185.925 , 259.009 , 184.462 , 245.896 , 249.964 , 181.668 , 216.875 , 229.465 , 264.613 , 263.571 , 210.294 , 187.262 , 167.714 , 225.728 , 292.488 , 202.92 , 180.208 , 202.871 , 275.051 , 289.444 , 263.45 , 270.051 , 209.502 , 275.372 , 292.914 , 220.468 , 272.79 , 227.409 , 210.426 , 230.044 , 305.417 , 203.258 , 220.066 , 263.121 , 234.244 , 152.478 , 192.47 , 219.283 , 310.181 , 183.792 , 205.396 , 213.093 , 189.727 , 222.38 , 223.574 , 187.356 , 232.554 , 224.64 , 317.627 , 178.812 , 281.7 , 243.946 , 174.955 , 246.065 , 239.659 , 231.56 , 261.458 , 207.14 , 232.773 , 287.164 , 197.834 , 275.157 , 227.327 , 306.985 , 185.836 , 246.536 , 289.493 , 195.409 , 182.85 , 264.187 , 271.702 , 307.482 , 207.404 , 212.22 , 263.804 , 218.064 , 281.787 , 263.825 , 214.077 , 254.634 , 260.962 , 314.638 , 212.186 , 209.469 , 267.476 , 176.217 , 201.229 , 253.826 , 278.81 , 266.29 , 228.866 , 204.979 , 177.749 , 289.721 , 239.862 , 222.438 , 262.197 , 262.254 , 172.902 , 237.15 , 206.277 , 224.336 , 235.078 , 280.152 , 191.104 , 243.818 , 241.362 , 250.089 , 182.514 , 239.598 , 265.496 , 236.95 , 166.514 , 324.954 , 241.685 , 195.481 , 