avg1=[243.815 , 178.399 , 314.782 , 161.306 , 227.495 , 135.941 , 242.559 , 189.85 , 173.387 , 301.269 , 167.685 , 176.277 , 255.065 , 211.934 , 153.946 , 149.258 , 288.522 , 169.136 , 224.687 , 232.7 , 166.589 , 397.309 , 257.655 , 167.182 , 472.465 , 338.863 , 195.893 , 323.57 , 196.917 , 182.563 , 166.175 , 212.433 , 248.157 , 158.996 , 171.117 , 275.126 , 228.518 , 161.971 , 359.943 , 208.933 , 145.649 , 195.491 , 189.24 , 174.828 , 97.9407 , 266.447 , 246.909 , 220.485 , 280.648 , 177.517 , 223.763 , 145.271 , 210.395 , 65.429 , 200.077 , 226.719 , 202.651 , 219.63 , 179.858 , 189.968 , 146.501 , 208.23 , 333.1 , 366.827 , 307.644 , 185.376 , 461.788 , 327.536 , 221.69 , 173.378 , 236.428 , 331.995 , 230.162 , 178.865 , 132.936 , 232.684 , 307.409 , 307.693 , 184.388 , 564.051 , 146.741 , 344.183 , 146.644 , 196.04 , 161.288 , 254.831 , 170.281 , 139.039 , 193.159 , 479.155 , 203.083 , 327.069 , 370.486 , 97.3377 , 325.809 , 144.423 , 125.615 , 212.487 , 318.323 , 275.126 , 244.849 , 224.713 , 191.692 , 155.388 , 171.819 , 162.938 , 358.065 , 162.559 , 176.314 , 302.175 , 191.307 , 306.514 , 232.705 , 186.253 , 159.473 , 155.627 , 116.268 , 178.706 , 153.806 , 355.534 , 223.347 , 171.762 , 215.06 , 248.856 , 152.773 , 180.935 , 183.524 , 144.325 , 255.47 , 361.713 , 199.418 , 377.905 , 272.436 , 154.872 , 184.128 , 164.215 , 312.756 , 233.903 , 253.98 , 137.262 , 158.917 , 277.285 , 188.919 , 186.431 , 237.275 , 110.303 , 334.515 , 155.311 , 288.938 , 131.766 , 215.614 , 277.733 , 236.077 , 370.697 , 240.053 , 168.5 , 221.583 , 317.092 , 178.395 , 148.148 , 224.27 , 161.365 , 207.223 , 144.844 , 232.851 , 281.048 , 152.849 , 202.739 , 149.132 , 237.781 , 217.348 , 368.221 , 146.245 , 302.916 , 314.442 , 153.475 , 183.599 , 274.291 , 161.02 , 301.808 , 255.617 , 232.312 , 254.701 , 103.641 , 473.793 , 350.022 , 165.86 , 243.83 , 193.363 , 206.899 , 252.255 , 201.737 , 274.201 , 131.385 , 243.107 , 230.915 , 256.551 , 189.248 , 164.302 , 273.111 , 176.651 , 117.887 , 209.286 , 187.796 , 321.379 , 186.23 , 200.13 , 141.286 , 444.5 , 205.788 , 132.958 , 174.099 , 251.25 , 288.433 , 178.301 , 184.953 , 167.979 , 181.212 , 279.983 , 220.986 , 171.245 , 155.718 , 119.624 , 246.148 , 239.29 , 202.456 , 253.085 , 194.673 , 222.494 , 323.172 , 219.145 , 227.948 , 166.725 , 208.301 , 217.371 , 139.728 , 302.21 , 184.812 , 150.43 , 159.304 , 320.702 , 124.07 , 323.902 , 212.909 , 286.507 , 170.067 , 249.109 , 130.119 , 122.559 , 247.09 , 220.679 , 282.09 , 207.658 , 205.713 , 257.115 , 287.043 , 256.935 , 230.889 , 183.959 , 322.236 , 183.922 , 242.634 , 381.543 , 222.704 , 157.09 , 258.268 , 108.352 , 401.893 , 269.009 , 117.168 , 208.992 , 186.258 , 249.625 , 234.196 , 239.823 , 266.074 , 317.545 , 230.821 , 165.167 , 144.879 , 255.522 , 155.621 , 332.553 , 112.919 , 348.069 , 178.457 , 282.784 , 278.469 , 398.294 , 209.617 , 185.84 , 110.189 , 100.312 , 148.046 , 196.648 , 341.497 , 232.047 , 123.661 , 158.715 , 222.6 , 234.699 , 239.307 , 335.462 , 182.362 , 201.849 , 304.572 , 304.49 , 126.301 , 206.949 , 239.367 , 197.695 , 203.879 , 176.844 , 189.582 , 231.895 , 261.872 , 271.405 , 334.979 , 141.156 , 141.694 , 243.418 , 161.217 , 345.801 , 330.88 , 219.71 , 225.516 , 444.027 , 248.712 , 162.39 , 291.596 , 363.437 , 359.78 , 250.703 , 141.374 , 308.119 , 241.056 , 258.138 , 203.382 , 195.68 , 365.606 , 203.056 , 250.241 , 163.521 , 118.534 , 171.176 , 203.851 , 229.68 , 135.43 , 260.646 , 192.087 , 203.814 , 121.576 , 274.687 , 303.791 , 405.07 , 292.86 , 273.129 , 206.225 , 181.243 , 288.25 , 521.225 , 230.259 , 248.678 , 228.247 , 144.224 , 167.764 , 197.61 , 223.599 , 197.696 , 225.14 , 328.481 , 149.959 , 170.153 , 396.1 , 176.468 , 257.769 , 172.782 , 272.853 , 253.213 , 177.628 , 304.1 , 80.913 , 110.064 , 241.922 , 450.933 , 322.794 , 227.32 , 316.116 , 186.637 , 271.68 , 230.587 , 279.977 , 290.87 , 132.818 , 177.005 , 172.18 , 137.918 , 125.573 , 244 , 217.785 , 251.587 , 291.452 , 175.65 , 220.095 , 197.114 , 209.952 , 137.418 , 163.89 , 326.397 , 227.576 , 255.299 , 244.763 , 152.538 , 296.661 , 160.606 , 185.532 , 215.923 , 225.933 , 120.705 , 347.062 , 256.669 , 221.675 , 278.66 , 158.564 , 237.32 , 281.301 , 254.995 , 144.816 , 238.824 , 392.328 , 275.159 , 241.599 , 253.866 , 139.057 , 212.967 , 292.805 , 363.884 , 173.488 , 205.153 , 183.921 , 189.801 , 214.548 , 193.124 , 251.883 , 168.987 , 267.165 , 174.828 , 189.745 , 212.195 , 282.457 , 279.561 , 178.758 , 199.851 , 141.71 , 205.262 , 204.244 , 142.493 , 337.082 , 144.698 , 192.804 , 228.923 , 85.84 , 281.849 , 164.291 , 200.767 , 251.767 , 148.323 , 247.108 , 250.31 , 377.596 , 199.235 , 195.753 , 191.03 , 270.228 , 181.175 , 259.825 , 215.615 , 114.371 , 95.9607 , 149.596 , 235.104 , 302.327 , 265.678 , 246.716 , 220.295 , 334.336 , 208.646 , 232.649 , 277.638 , 311.452 , 147.565 , 89.848 , 292.983 , 263.27 , 280.18 , 230.414 , 193.25 , 172.786 , 361.642 , 471.478 , 163.405 , 364.437 , 230.671 , 225.214 , 192.19 , 143.291 , 214.232 , 235.242 , 187.027 , 131.731 , 147.622 , 229.903 , 308.932 , 295.88 , 260.819 , 280.111 , 201.882 , 186.562 , 191.681 , 215.849 , 190.397 , 228.074 , 133.037 , 144.031 , 162.212 , 250.417 , 251.539 , 266.967 , 231.401 , 172.375 , 181.468 , 236.577 , 381.801 , 223.582 , 271.024 , 140.965 , 257.701 , 201.016 , 191.967 , 151.332 , 163.956 , 182.906 , 153.571 , 205.276 , 195.057 , 236.555 , 225.352 , 309.461 , 241.357 , 185.382 , 168.949 , 164.782 , 214.268 , 198.691 , 362.602 , 204.465 , 168.93 , 166.368 , 190.605 , 403.829 , 227.378 , 391.88 , 210.069 , 213.696 , 175.802 , 121.615 , 390.65 , 265.815 , 140.54 , 295.473 , 186.609 , 184.779 , 169.577 , 332.733 , 233.38 , 261.723 , 238.227 , 246.705 , 190.802 , 204.92 , 280.425 , 253.689 , 297.959 , 142.229 , 317.458 , 260.385 , 286.449 , 300.39 , 342.244 , 137.057 , 146.683 , 279.599 , 153.283 , 296.688 , 110.78 , 160.385 , 174.907 , 144.938 , 417.352 , 194.162 , 257.995 , 264.304 , 186.002 , 175.28 , 267.539 , 247.446 , 169.498 , 282.81 , 244.239 , 271.595 , 284.361 , 311.841 , 337.311 , 239.29 , 307.861 , 356.342 , 225.44 , 99.1797 , 122.424 , 129.795 , 302.143 , 184.01 , 247.755 , 214.614 , 241.817 , 189.78 , 250.65 , 253.701 , 244.444 , 232.61 , 172.198 , 317.661 , 227.859 , 270.055 , 354.561 , 127.277 , 211.008 , 109.59 , 193.013 , 193.076 , 388.922 , 183.351 , 195.338 , 272.094 , 319.909 , 166.515 , 226.02 , 178.905 , 364.306 , 135.588 , 207.096 , 333.268 , 238.238 , 225.177 , 237.269 , 142.607 , 333.233 , 102.627 , 176.943 , 121.07 , 285.085 , 179.564 , 240.178 , 230.821 , 184.47 , 310.665 , 452.981 , 227.254 , 141.454 , 244.312 , 179.686 , 174.735 , 124.277 , 150.688 , 321.979 , 247.53 , 366.169 , 132.142 , 179.785 , 248.714 , 167.638 , 305.406 , 168.532 , 206.758 , 167.329 , 550.22 , 152.647 , 197.213 , 188.257 , 212.825 , 317.021 , 182.532 , 192.231 , 167.944 , 221.299 , 136.067 , 278.461 , 198.623 , 152.952 , 116.457 , 210.827 , 271.227 , 186.013 , 240.604 , 252.001 , 293.007 , 190.618 , 421.649 , 146.826 , 175.333 , 314.431 , 330.007 , 155.413 , 311.987 , 197.568 , 119.209 , 222.37 , 232.822 , 270.84 , 312.932 , 283.646 , 165.311 , 269.766 , 214.154 , 307.371 , 206.646 , 219.466 , 272.207 , 332.034 , 249.342 , 162.012 , 304.741 , 266.16 , 107.916 , 154.872 , 152.212 , 217.345 , 182.45 , 299.133 , 289.997 , 239.943 , 212.488 , 182.804 , 253.986 , 241.071 , 313.701 , 386.124 , 144.093 , 328.656 , 211.923 , 133.588 , 226.547 , 217.795 , 244.146 , 138.977 , 144.771 , 269.1 , 240.223 , 163.611 , 149.538 , 235.418 , 273.442 , 272.842 , 242.248 , 44.4403 , 217.819 , 270.519 , 217.86 , 312.574 , 216.145 , 234.706 , 294.005 , 330.623 , 234.037 , 248.852 , 205.246 , 190.498 , 189.396 , 308.12 , 143.313 , 356.674 , 251.043 , 226.359 , 123.966 , 130.665 , 269.171 , 161.456 , 79.675 , 201.274 , 269.822 , 182.13 , 177.706 , 154.468 , 148.516 , 83.4747 , 157.354 , 152.496 , 143.321 , 140.869 , 273.259 , 291.841 , 585.07 , 306.969 , 307.419 , 204.128 , 159.634 , 240.004 , 251.962 , 303.464 , 235.314 , 