avg1=[235.519 , 224.765 , 201.01 , 324.217 , 194.649 , 274.004 , 214.913 , 270.221 , 249.38 , 299.416 , 251.567 , 207.06 , 177.597 , 191.038 , 227.108 , 146.876 , 267.597 , 330.546 , 237.356 , 224.252 , 189.056 , 153.317 , 256.34 , 311.408 , 257.014 , 275.288 , 263.441 , 177.11 , 202.093 , 161.328 , 230.415 , 167.786 , 262.084 , 247.865 , 174.52 , 159.45 , 199.248 , 214.567 , 249.374 , 238.376 , 258.166 , 237.471 , 226.976 , 173.81 , 250.935 , 160.715 , 327.91 , 329.265 , 191.691 , 155.491 , 222.292 , 308.092 , 184.843 , 200.431 , 201.774 , 269.456 , 233.966 , 292.015 , 187.939 , 158.105 , 248.602 , 295.252 , 190.242 , 304.373 , 191.796 , 226.582 , 169.813 , 212.414 , 231.72 , 271.75 , 230.789 , 305.685 , 242.539 , 300.349 , 195.041 , 214.511 , 244.29 , 252.132 , 170.524 , 229.515 , 199.791 , 218.417 , 191.125 , 337.304 , 185.937 , 193.795 , 186.136 , 250.579 , 249.891 , 312.929 , 253.757 , 149.535 , 108.207 , 247.673 , 231.556 , 255.678 , 286.652 , 195.578 , 278.786 , 223.956 , 145.477 , 275.255 , 242.504 , 279.648 , 175.726 , 223.801 , 232.327 , 174.69 , 195.844 , 152.318 , 229.308 , 290.123 , 241.278 , 276.316 , 240.943 , 367.56 , 164.113 , 247.792 , 240.225 , 180.987 , 235.613 , 194.429 , 171.153 , 211.828 , 230.198 , 269.295 , 188.209 , 226.16 , 222.3 , 306.898 , 197.895 , 156.254 , 319.102 , 313.9 , 280.547 , 278.053 , 194.407 , 334.5 , 253.754 , 226.796 , 245.645 , 256.006 , 213.683 , 200.08 , 345.79 , 229.145 , 289.932 , 170.605 , 243.468 , 312.215 , 296.121 , 228.979 , 217.182 , 258.063 , 190.777 , 194.956 , 365.196 , 207.511 , 247.835 , 247.666 , 207.509 , 245.735 , 156.37 , 265.052 , 481.54 , 250.153 , 177.395 , 322.01 , 257.756 , 232.897 , 134.534 , 136.796 , 203.518 , 237.455 , 360.429 , 217.412 , 279.116 , 180.751 , 260.237 , 265.381 , 239.169 , 270.497 , 226.1 , 270.88 , 285.018 , 225.529 , 178.421 , 172.625 , 186.186 , 162.175 , 179.032 , 188.274 , 283.885 , 242.188 , 152.498 , 314.636 , 246.45 , 168.23 , 213.373 , 308.065 , 172.984 , 263.257 , 215.237 , 184.263 , 230.741 , 207.801 , 222.791 , 179.35 , 195.476 , 162.069 , 224.469 , 238.583 , 195.256 , 262.751 , 181.13 , 287.046 , 244.408 , 269.655 , 204.193 , 297.747 , 166.25 , 194.547 , 182.863 , 226.24 , 168.259 , 196.738 , 352.231 , 158.098 , 146.019 , 380.736 , 263.973 , 257.165 , 143.706 , 214.869 , 352.446 , 256.48 , 238.751 , 285.726 , 243.192 , 194.167 , 253.103 , 277.017 , 180.01 , 181.096 , 192.383 , 253.434 , 222.232 , 204.629 , 192.808 , 290.229 , 213.91 , 261.925 , 215.337 , 216.066 , 169.445 , 279.954 , 261.922 , 179.182 , 254.9 , 233.451 , 384.646 , 312.082 , 240.245 , 190.14 , 261.554 , 277.937 , 282.128 , 241.559 , 218.66 , 303.238 , 245.019 , 159.954 , 298.529 , 269.411 , 159.522 , 286.512 , 219.175 , 222.572 , 236.728 , 195.72 , 273.569 , 241.99 , 185.909 , 250.481 , 196.576 , 312.787 , 228.91 , 259.46 , 243.428 , 235.326 , 295.519 , 187.573 , 246.623 , 214.026 , 224.879 , 365.842 , 245.332 , 143.396 , 222.564 , 242.378 , 212.288 , 332.807 , 202.525 , 237.207 , 213.929 , 152.275 , 340.382 , 253.083 , 205.829 , 207.013 , 184.546 , 262.326 , 198.109 , 270.28 , 217.626 , 202.747 , 170.25 , 248.479 , 199.822 , 315.202 , 169.991 , 181.345 , 280.38 , 207.276 , 217.439 , 241.816 , 234.017 , 281.542 , 215.723 , 200.569 , 244.714 , 320.429 , 210.085 , 246.574 , 297.803 , 227.208 , 319.227 , 224.642 , 260.976 , 231.025 , 203.594 , 243.317 , 156.027 , 265.184 , 237.456 , 205.344 , 242.556 , 123.748 , 240.562 , 169.721 , 296.305 , 200.035 , 188.417 , 168.397 , 208.527 , 248.243 , 219.574 , 217.229 , 340.366 , 217.789 , 249.367 , 178.567 , 209.933 , 178.606 , 230.301 , 231.783 , 204.282 , 237.871 , 146.588 , 225.506 , 254.622 , 192.7 , 247.489 , 262.878 , 173.739 , 269.97 , 314.946 , 171.025 , 160.192 , 185.376 , 212.435 , 232.013 , 169.554 , 247.332 , 269.828 , 178.945 , 246.349 , 227.181 , 187.979 , 275.335 , 217.332 , 183.223 , 325.862 , 259.087 , 210.855 , 194.249 , 215.545 , 239.578 , 253.251 , 236.697 , 273.183 , 257.548 , 185.584 , 231.749 , 267.151 , 226.558 , 167.138 , 358.387 , 272.694 , 256.831 , 146.866 , 242.249 , 261.941 , 161.607 , 290.22 , 208.817 , 349.679 , 234.994 , 253.192 , 243.088 , 326.113 , 310.817 , 208.031 , 194.346 , 222.362 , 157.901 , 154.352 , 227.021 , 236.938 , 307.791 , 292.034 , 164.74 , 224.702 , 380.711 , 332.946 , 391.973 , 296.256 , 199.714 , 204.76 , 231.655 , 209.714 , 132.339 , 251.405 , 173.873 , 227.1 , 242.971 , 235.481 , 236.128 , 287.188 , 221.328 , 228.933 , 253.947 , 302.39 , 203.389 , 217.026 , 188.013 , 181.783 , 179.845 , 232.527 , 254.079 , 257.002 , 276.792 , 303.649 , 233.739 , 143.66 , 233.556 , 299.91 , 236.483 , 241.271 , 174.255 , 207.16 , 257.077 , 242.717 , 257.676 , 205.7 , 136.6 , 201.199 , 184.034 , 174.533 , 170.665 , 184.822 , 230.979 , 278.079 , 242.484 , 118.565 , 303.373 , 206.348 , 154.319 , 278.439 , 256.336 , 247.701 , 262.32 , 197.056 , 269.304 , 331.089 , 180.381 , 194.202 , 288.715 , 280.883 , 216.148 , 224.131 , 235.582 , 187.395 , 165.07 , 238.73 , 197.315 , 291.536 , 286.051 , 292.442 , 202.669 , 142.153 , 353.69 , 318.721 , 157.694 , 209.486 , 168.63 , 272.807 , 274.414 , 295.749 , 243.878 , 197.838 , 274.774 , 197.25 , 218.447 , 268.278 , 177.634 , 287.012 , 184.989 , 321.469 , 148.048 , 149.144 , 317.048 , 147.853 , 201.445 , 340.511 , 223.013 , 319.468 , 166.901 , 256.646 , 262.458 , 256.844 , 185.721 , 265.122 , 243.362 , 160.112 , 262.11 , 119.948 , 144.542 , 252.508 , 268.539 , 376.945 , 177.36 , 286.862 , 160.098 , 183.571 , 257.701 , 236.094 , 261.447 , 223.008 , 320.894 , 234.269 , 147.068 , 211.369 , 181.419 , 283.743 , 199.259 , 210.735 , 153.269 , 125.556 , 258.673 , 251.734 , 301.488 , 204.445 , 178.036 , 182.087 , 256.517 , 155.953 , 130.774 , 164.148 , 241.265 , 180.657 , 297.072 , 219.576 , 185.848 , 211.358 , 230.993 , 266.972 , 166.88 , 215.652 , 239.068 , 164.324 , 159.856 , 215.7 , 284.372 , 201.798 , 229.906 , 179.925 , 222.312 , 226.089 , 325.197 , 245.481 , 186.273 , 280.708 , 303.574 , 211.052 , 236.628 , 250.212 , 205.136 , 268.142 , 195.204 , 262.118 , 241.412 , 231.816 , 184.694 , 189.618 , 322.852 , 260.525 , 273.18 , 232.653 , 160.358 , 277.923 , 212.115 , 302.704 , 233.547 , 285.295 , 213.088 , 213.771 , 146.342 , 260.232 , 259.762 , 153.842 , 157.141 , 259.464 , 266.715 , 222.51 , 283.905 , 158.641 , 212.556 , 271.468 , 194.896 , 526.185 , 229.651 , 215.947 , 278.796 , 193.59 , 243.949 , 211.706 , 177.762 , 294.297 , 288.538 , 257.072 , 331.693 , 230.237 , 157.663 , 340.994 , 188.761 , 255.019 , 227.392 , 182.108 , 208.907 , 297.916 , 277.202 , 292.019 , 219.732 , 209.385 , 210.76 , 306.761 , 219.755 , 189.289 , 256.817 , 201.883 , 283.27 , 231.456 , 306.955 , 228.384 , 232.679 , 400.143 , 140.502 , 256.745 , 228.725 , 282.881 , 156.503 , 296.824 , 248.182 , 216.079 , 307.487 , 261.289 , 267.509 , 234.189 , 191.704 , 218.1 , 234.104 , 242.642 , 270.111 , 223.781 , 221.466 , 218.681 , 171.955 , 214.045 , 194.191 , 179.23 , 399.3 , 226.399 , 223.016 , 198.18 , 205.933 , 163.737 , 236.237 , 224.732 , 220.84 , 194.972 , 288.809 , 206.027 , 279.538 , 313.087 , 298.028 , 232.91 , 235.163 , 282.172 , 223.916 , 250.054 , 280.543 , 153.036 , 217.944 , 251.957 , 227.661 , 194.871 , 153.921 , 191.857 , 316.59 , 244.111 , 228.056 , 141.958 , 203.279 , 205.969 , 193.753 , 200.263 , 258.625 , 207.045 , 298.892 , 264.243 , 273.995 , 333.978 , 191.271 , 317.775 , 224.496 , 278.939 , 218.94 , 371.52 , 210.828 , 219.57 , 248.889 , 153.905 , 259.903 , 179.905 , 205.32 , 287.302 , 214.195 , 320.039 , 251.206 , 193.562 , 315.075 , 198.104 , 254.843 , 174.411 , 363.153 , 319.076 , 138.233 , 371.911 , 261.983 , 291.418 , 149.36 , 245.738 , 221.177 , 271.266 , 197.062 , 203.737 , 198.442 , 281.64 , 185.285 , 307.253 , 286.134 , 188.014 , 228.409 , 249.459 , 209.7 , 185.933 , 206.237 , 212.827 , 209.18 , 166.389 , 252.819 , 340.525 , 183.933 , 178.924 , 274.499 , 311.352 , 194.116 , 224.141 , 240.069 , 263.134 , 339.862 , 254.416 , 268.095 , 208.21 , 236.797 , 141.196 , 285.068 , 217.811 , 