avg1=[262.312 , 212.461 , 180.401 , 224.813 , 214.001 , 215.727 , 216.822 , 190.109 , 245.075 , 208.117 , 248.32 , 331.016 , 240.607 , 251.019 , 173.717 , 249.39 , 285.623 , 246.097 , 208.217 , 225.06 , 276.458 , 142.77 , 223.176 , 218.368 , 358.136 , 259.979 , 297.728 , 185.815 , 212.325 , 177.899 , 193.245 , 225.674 , 262.678 , 211.935 , 250.271 , 206.786 , 198.312 , 236.433 , 206.831 , 244.11 , 224.613 , 252.954 , 232.677 , 260.831 , 248.669 , 214.912 , 199.031 , 249.347 , 295.593 , 220.831 , 232.164 , 250.145 , 213.951 , 248.71 , 270.416 , 273.121 , 207.154 , 238.076 , 206.145 , 299.761 , 297.551 , 283.723 , 248.934 , 317.192 , 235.874 , 204.908 , 190.121 , 145.085 , 246.369 , 240.957 , 265.943 , 197.772 , 289.796 , 378.852 , 197.395 , 311.228 , 315.536 , 253.167 , 270.969 , 227.644 , 195.315 , 280.376 , 200.256 , 240.637 , 234.305 , 212.54 , 168.748 , 249.241 , 311.29 , 186.538 , 238.286 , 178.455 , 212.177 , 276.973 , 263.162 , 203.342 , 231.052 , 243.666 , 195.57 , 276.641 , 198.037 , 251.588 , 248.46 , 310.361 , 339.305 , 237.599 , 238.1 , 158.02 , 193.412 , 284.989 , 184.494 , 233.424 , 230.593 , 252.659 , 243.505 , 242.809 , 198.474 , 177.862 , 184.16 , 235.121 , 306.349 , 265.96 , 224.116 , 260.817 , 205.863 , 259.945 , 200.91 , 251.078 , 181.924 , 264.025 , 163.054 , 174.208 , 240.842 , 249.549 , 226.745 , 180.656 , 276.38 , 221.77 , 232.684 , 241.994 , 270.671 , 232.687 , 213.466 , 205.938 , 293.83 , 174.908 , 203.994 , 212.113 , 349.208 , 222.554 , 192.756 , 220.161 , 276.239 , 164.828 , 296.427 , 217.772 , 331.81 , 270.44 , 263.046 , 298.657 , 191.344 , 284.248 , 199.767 , 234.309 , 273.939 , 257.642 , 237.497 , 247.095 , 187.38 , 171.52 , 243.828 , 183.424 , 209.095 , 228.868 , 316.921 , 259.903 , 255.937 , 175.186 , 164.513 , 227.907 , 229.293 , 205.656 , 193.966 , 209.954 , 238.42 , 177.483 , 214.007 , 237.848 , 320.322 , 250.561 , 315.815 , 273.917 , 196.671 , 214.159 , 232.001 , 217.283 , 209.329 , 247.107 , 250.025 , 287.44 , 211.638 , 207.907 , 266.018 , 202.591 , 180.581 , 230.325 , 255.421 , 236.818 , 261.711 , 242.137 , 312.708 , 234.661 , 207.724 , 199.261 , 244.815 , 191.808 , 211.073 , 229.086 , 161.232 , 239.454 , 219.282 , 189.218 , 228.368 , 215.584 , 199.381 , 275.724 , 244.967 , 262.167 , 316.429 , 227.45 , 262.274 , 291.362 , 229.885 , 216.931 , 240.852 , 131.331 , 197.901 , 247.296 , 278.187 , 224.339 , 238.669 , 263.746 , 172.767 , 239.43 , 167.413 , 244.06 , 209.093 , 244.507 , 206.84 , 305.291 , 278.376 , 202.025 , 223.988 , 265.926 , 311.19 , 272.843 , 236.175 , 234.385 , 231.437 , 282.623 , 265.52 , 221.048 , 223.428 , 197.358 , 247.053 , 293.928 , 235.373 , 189.378 , 245.785 , 218.871 , 199.59 , 157.968 , 238.426 , 190.08 , 314.168 , 256.85 , 240.313 , 255.582 , 190.655 , 184.935 , 201.073 , 148.609 , 201.809 , 214.038 , 220 , 173.769 , 183.958 , 249.385 , 311.714 , 220.378 , 289.287 , 215.827 , 197.684 , 273.804 , 223.275 , 202.094 , 179.489 , 223.871 , 201.312 , 146.573 , 334.303 , 250.488 , 190.45 , 244.392 , 216.584 , 221.821 , 211.177 , 217.406 , 185.696 , 187.517 , 286.865 , 195.542 , 200.249 , 257.972 , 218.679 , 257.399 , 259.417 , 191.847 , 227.653 , 285.252 , 172.585 , 315.656 , 298.908 , 223.271 , 285.787 , 265.641 , 294.302 , 198.586 , 225.599 , 283.66 , 193.466 , 204.063 , 229.829 , 241.212 , 200.975 , 161.973 , 251.285 , 259.529 , 307.426 , 247.418 , 235.836 , 223.86 , 208.938 , 326.24 , 285.915 , 196.137 , 244.712 , 220.752 , 218.933 , 205.627 , 236.068 , 243.493 , 216.053 , 250.858 , 170.964 , 195.195 , 214.673 , 203.069 , 238.28 , 287.193 , 289.098 , 190.904 , 185.011 , 211.822 , 238.966 , 211.068 , 274.14 , 272.812 , 245.687 , 235.864 , 180.302 , 180.617 , 201.544 , 275.116 , 238.536 , 232.607 , 212.391 , 189.644 , 203.883 , 258.723 , 205.148 , 227.295 , 306.497 , 263.146 , 223.168 , 221.306 , 215.02 , 214.185 , 285.099 , 246.333 , 236.872 , 274.074 , 204.391 , 211.204 , 259.122 , 249.989 , 288.085 , 182.808 , 243.852 , 171.435 , 263.962 , 294.461 , 243.441 , 213.203 , 274.526 , 182.847 , 218.889 , 249.664 , 204.888 , 368.401 , 257.29 , 227.058 , 264.165 , 200.32 , 243.146 , 197.907 , 267.387 , 307.5 , 327.651 , 228.274 , 164.047 , 286.98 , 207.421 , 243.805 , 354.706 , 243.586 , 237.927 , 247.428 , 163.335 , 267.328 , 253.025 , 223.462 , 226.405 , 265.738 , 295.817 , 221.813 , 217.845 , 279.634 , 242.339 , 367.839 , 171.416 , 216.597 , 209.475 , 220.012 , 270.634 , 216.922 , 269.36 , 196.88 , 262.808 , 237.399 , 161.983 , 238.302 , 322.139 , 236.582 , 164.382 , 245.86 , 222.884 , 188.647 , 222.018 , 278.489 , 194.166 , 215.786 , 207.972 , 216.138 , 204.118 , 260.979 , 158.457 , 229.981 , 279.009 , 262.504 , 225.221 , 177.708 , 324.479 , 255.663 , 219.108 , 279.635 , 206.398 , 304.96 , 213.371 , 188.17 , 252.668 , 233.553 , 218.929 , 208.009 , 168.81 , 163.703 , 138.189 , 245.734 , 241.092 , 346.997 , 190.643 , 257.35 , 187.928 , 276.014 , 311.21 , 262.027 , 196.168 , 230.011 , 248.412 , 221.403 , 224.315 , 207.166 , 246.459 , 231.265 , 262.853 , 203.499 , 214.639 , 243.427 , 237.138 , 304.847 , 164.592 , 266.07 , 268.636 , 225.862 , 248.37 , 266.524 , 271.729 , 256.556 , 224.722 , 305.605 , 222.548 , 239.126 , 212.415 , 213.657 , 202.627 , 183.387 , 266.977 , 282.302 , 231.285 , 176.392 , 199.469 , 376.097 , 233.553 , 270.308 , 221.408 , 144.803 , 254.703 , 251.095 , 217.785 , 210.859 , 224.507 , 181.512 , 261.244 , 323.401 , 213.769 , 296.319 , 196.084 , 176.607 , 259.641 , 214.644 , 224.587 , 239.312 , 206.283 , 189.826 , 243.922 , 285.465 , 263.516 , 252.295 , 227.273 , 171.025 , 221.909 , 263.807 , 291.114 , 188.794 , 236.556 , 274.317 , 290.369 , 271.634 , 258.627 , 285.16 , 209.671 , 259.741 , 217.832 , 271.309 , 192.956 , 206.801 , 208.331 , 200.339 , 219.544 , 223.481 , 266.519 , 271.987 , 211.041 , 184.725 , 241.848 , 213.872 , 150.929 , 267.499 , 322.811 , 255.413 , 236.46 , 272.99 , 213.301 , 207.729 , 193.509 , 219.22 , 202.754 , 210.504 , 210.074 , 223.111 , 168.328 , 277.549 , 262.32 , 223.723 , 274.986 , 245.63 , 130.234 , 248.966 , 208.809 , 189.798 , 227.278 , 234.832 , 220.029 , 233.621 , 218.1 , 193.455 , 277.535 , 224.051 , 211.513 , 211.354 , 190.162 , 255.181 , 279.436 , 260.168 , 286.532 , 211.126 , 241.202 , 260.515 , 237.448 , 264.065 , 211.983 , 237.677 , 196.779 , 212.8 , 273.422 , 308.12 , 277.079 , 244.518 , 270.88 , 256.121 , 184.627 , 188.215 , 227.544 , 300.46 , 204.253 , 230.95 , 256.154 , 251.771 , 268.578 , 246.971 , 216.019 , 201.999 , 262.407 , 177.871 , 247.513 , 219.066 , 166.384 , 247.151 , 201.124 , 264.928 , 227.028 , 167.271 , 239.007 , 258.216 , 220.242 , 230.094 , 192.952 , 230.269 , 222.29 , 203.657 , 218.176 , 204.221 , 236.913 , 251.209 , 247.859 , 198.826 , 243.805 , 187.275 , 254.177 , 206.135 , 240.78 , 224.366 , 202.714 , 206.44 , 251.455 , 287.379 , 239.353 , 277.363 , 238.026 , 239.692 , 275.838 , 195.276 , 224.834 , 296.826 , 201.728 , 228.038 , 209.007 , 255.508 , 269.917 , 293.844 , 284.042 , 264.73 , 267.476 , 170.217 , 185.594 , 219.768 , 225.828 , 267.25 , 290.953 , 200.153 , 264.758 , 255.221 , 260.983 , 198.759 , 248.183 , 250.117 , 195.084 , 258.209 , 266.291 , 217.981 , 238.382 , 257.871 , 186.626 , 226.002 , 181.467 , 253.398 , 253.387 , 229.931 , 220.674 , 231.363 , 293.897 , 242.065 , 207.798 , 280.318 , 313.549 , 177.759 , 216.4 , 220.734 , 269.647 , 252.694 , 177.023 , 169.722 , 229.106 , 186.376 , 231.596 , 273.475 , 227.772 , 226.525 , 171.789 , 260.356 , 236.2 , 185.883 , 211.531 , 228.954 , 252.378 , 232.075 , 260.242 , 257.223 , 222.513 , 225.274 , 246.819 , 259.546 , 198.233 , 244.247 , 228.248 , 234.485 , 201.267 , 183.675 , 259.844 , 245.504 , 234.383 , 263.834 , 289.739 , 219.384 , 298.062 , 259.906 , 225.622 , 197.246 , 250.065 , 228.786 , 263.185 , 219.836 , 226.403 , 203.456 , 255.149 , 236.128 , 265.58 , 236.738 , 200.214 , 231.676 , 203.399 , 201.263 , 151.537 , 210.683 , 266.01 , 223.543 , 226.584 , 203.173 , 304.954 , 249.775 , 243.258 , 225.312 , 196.359 , 226.518 , 221.7 , 198.71 , 264.429 , 292.407 , 