avg1=[362.774 , 256.481 , 237.898 , 206.266 , 237.368 , 194.799 , 210.164 , 240.034 , 178.08 , 244.145 , 241.334 , 272.498 , 177.975 , 247.616 , 188.111 , 238.156 , 218.692 , 279.319 , 154.889 , 233.758 , 233.036 , 223.211 , 229.253 , 236.137 , 264.136 , 200.917 , 203.342 , 244.057 , 241.527 , 149.481 , 219.042 , 293.354 , 265.703 , 204.124 , 212.599 , 283.475 , 169.175 , 154.437 , 262.944 , 238.377 , 252.628 , 218.422 , 221.695 , 206.499 , 197.272 , 278.801 , 243.901 , 218.938 , 239.221 , 240.529 , 285.67 , 227.454 , 207.737 , 181.979 , 174.71 , 235.802 , 274.688 , 259.397 , 203.879 , 146.615 , 184.016 , 221.057 , 197.034 , 289.323 , 215.089 , 231.491 , 237.355 , 214.537 , 214.825 , 245.131 , 322.428 , 235.914 , 265.641 , 303.928 , 191.318 , 227.842 , 277.749 , 197.073 , 246.17 , 258.114 , 276.455 , 266.834 , 198.72 , 281.084 , 178.13 , 216.831 , 160.204 , 236.864 , 297.882 , 164.107 , 266.033 , 265.246 , 237.468 , 265.152 , 212.086 , 236.342 , 169.686 , 185.483 , 291.713 , 251.367 , 128.258 , 233.538 , 209.054 , 233.584 , 285.375 , 222.756 , 204.871 , 204.945 , 215.083 , 319.002 , 205.292 , 286.091 , 269.951 , 216.161 , 241.731 , 282.646 , 156.142 , 238.608 , 280.074 , 277.175 , 202.522 , 184.859 , 191.099 , 318.333 , 246.658 , 227.305 , 183.788 , 221.507 , 271.574 , 198.125 , 185.31 , 152.595 , 246.279 , 262.964 , 252.131 , 236.351 , 250.851 , 194.343 , 177.144 , 230.718 , 320.468 , 234.476 , 255.696 , 217.124 , 268.655 , 206.649 , 183.031 , 205.836 , 273.554 , 243.466 , 239.666 , 313.47 , 225.602 , 190.706 , 211.742 , 183.063 , 270.609 , 205.671 , 325.33 , 172.537 , 185.167 , 260.136 , 249.753 , 183.626 , 205.875 , 239.071 , 240.811 , 189.077 , 255.827 , 220.245 , 208.512 , 310.458 , 239.21 , 223.141 , 259.46 , 315.59 , 218.09 , 240.728 , 171.091 , 273.835 , 216.202 , 230.681 , 197.223 , 208.424 , 172.914 , 203.757 , 280.705 , 309.02 , 239.159 , 191.012 , 275.546 , 225.901 , 272.04 , 337.202 , 184.084 , 293.058 , 267.353 , 210.17 , 293.966 , 243.551 , 202.015 , 232.675 , 245.95 , 237.638 , 193.227 , 208.608 , 267.333 , 242.928 , 317.745 , 203.613 , 281.471 , 207.773 , 219.362 , 217.485 , 250.446 , 244.822 , 257.345 , 243.173 , 207.121 , 234.314 , 193.394 , 240.91 , 216.01 , 143.043 , 218.553 , 242.889 , 241.717 , 209.273 , 245.691 , 227.439 , 201.493 , 222.593 , 285.157 , 299.657 , 252.261 , 208.79 , 217.809 , 266.828 , 248.727 , 244.033 , 339.792 , 263.725 , 239.297 , 200.156 , 197.932 , 213.105 , 209.316 , 204.338 , 163.471 , 196.765 , 212.947 , 216.355 , 225.69 , 279.798 , 291.787 , 269.113 , 388.45 , 282.257 , 248.65 , 253.353 , 229.418 , 214.36 , 261.48 , 247.423 , 243.688 , 337.614 , 199.83 , 146.957 , 229.931 , 238.01 , 247.883 , 173.715 , 224.005 , 262.754 , 315.989 , 213.06 , 217.805 , 292.609 , 196.982 , 270.556 , 197.845 , 251.636 , 160.592 , 228.561 , 230.405 , 161.22 , 198.851 , 243.381 , 258.196 , 238.645 , 213.382 , 230.367 , 223.893 , 231.965 , 300.394 , 189.072 , 143.118 , 257.755 , 235.863 , 215.863 , 246.773 , 234.376 , 177.318 , 205.871 , 257.8 , 230.365 , 286.677 , 262.296 , 253.173 , 250.877 , 266.365 , 267.314 , 172.651 , 214.57 , 191.983 , 206.963 , 267.354 , 255.003 , 245.844 , 291.225 , 200.581 , 189.895 , 257.048 , 239.615 , 226.115 , 305.702 , 281.558 , 169.788 , 214.004 , 205.99 , 233.375 , 209.27 , 275.89 , 200.763 , 202.485 , 179.297 , 299.098 , 224.888 , 369.33 , 304.583 , 245.613 , 241.344 , 249.616 , 236.43 , 277.461 , 242.713 , 198.828 , 259.909 , 175.56 , 267.388 , 256.628 , 201.133 , 222.58 , 184.866 , 218.547 , 202.211 , 248.143 , 204.79 , 281.299 , 278.992 , 361.262 , 217.714 , 235.237 , 251.119 , 183.665 , 296.342 , 266.74 , 247.816 , 185.338 , 231.4 , 204.148 , 167.324 , 216.054 , 162.579 , 214.436 , 287.226 , 243.281 , 206.444 , 225.056 , 212.157 , 247.404 , 253.911 , 227.213 , 253.953 , 261.235 , 234.549 , 330.301 , 219.934 , 249.956 , 161.774 , 198.679 , 274.516 , 249.461 , 190.786 , 259.651 , 215.12 , 221.609 , 199.408 , 288.392 , 262.492 , 267.227 , 365.93 , 232.458 , 249.737 , 172.426 , 161.782 , 231.657 , 234.277 , 223.663 , 267.539 , 282.189 , 231.494 , 285.919 , 188.329 , 197.936 , 231.068 , 289.476 , 227.962 , 366.075 , 207.23 , 219.258 , 176.832 , 214.523 , 288.858 , 279.706 , 223.72 , 278.465 , 244.214 , 216.486 , 226.419 , 291.269 , 238.81 , 254.741 , 267.434 , 293.911 , 264.168 , 207.821 , 181.844 , 292.836 , 318.491 , 164.397 , 245.992 , 231.281 , 256.76 , 282.814 , 258.652 , 290.683 , 191.16 , 172.878 , 152.454 , 221.381 , 327.931 , 341.211 , 229.911 , 212.67 , 194.716 , 231.04 , 182.553 , 240.618 , 257.936 , 209.644 , 198.051 , 249.783 , 254.826 , 265.455 , 244.341 , 376.554 , 208.176 , 253.816 , 343.861 , 199.974 , 213.727 , 261.011 , 237.396 , 256.829 , 281.267 , 222.751 , 220.065 , 268.095 , 195.266 , 250.91 , 212.615 , 208.771 , 257.529 , 249.039 , 156.514 , 233.104 , 215.795 , 278.214 , 329.392 , 184.414 , 182.865 , 204.883 , 294.631 , 326.813 , 321.748 , 249.762 , 168.476 , 247.601 , 255.382 , 246.67 , 180.9 , 238.559 , 221.503 , 236.733 , 235.446 , 274.629 , 309.835 , 235.5 , 303.725 , 205.126 , 204.786 , 308.735 , 287.339 , 288.098 , 247.38 , 239.425 , 241.539 , 180.479 , 185.354 , 248.333 , 231.708 , 216.436 , 235.769 , 240.574 , 240.031 , 277.819 , 227.43 , 209.994 , 201.982 , 208.684 , 222.903 , 271.252 , 251.12 , 251.222 , 147.613 , 292.51 , 224.373 , 240.168 , 224.617 , 243.785 , 208.672 , 228.328 , 290.087 , 220.132 , 282.666 , 188.248 , 153.9 , 224.413 , 221.891 , 271.876 , 193.429 , 306.486 , 244.109 , 285.124 , 240.629 , 211.903 , 274.227 , 205.263 , 211.954 , 216.348 , 191.724 , 213.294 , 248.016 , 200.322 , 233.328 , 332.889 , 163.18 , 259.845 , 219.893 , 241.504 , 320.989 , 171.454 , 295.881 , 229.312 , 230.215 , 211.964 , 200.059 , 303.525 , 208.29 , 301.537 , 161.299 , 222.113 , 248.819 , 184.854 , 261.23 , 247.879 , 206.995 , 257.315 , 263.093 , 283.9 , 220.679 , 214.792 , 232.495 , 229.561 , 247.157 , 182.662 , 211.143 , 330.132 , 220.453 , 215.559 , 244.547 , 348.711 , 257.733 , 220.385 , 319.507 , 188.189 , 215.181 , 188.134 , 200.916 , 246.479 , 187.317 , 200.089 , 243.729 , 242.755 , 210.382 , 276.014 , 224.677 , 242.556 , 241.929 , 332.82 , 306.981 , 207.767 , 237.958 , 240.333 , 199.926 , 199.983 , 297.095 , 298.34 , 330.239 , 246.674 , 259.22 , 289.716 , 154.515 , 314.278 , 306.274 , 281.67 , 200.665 , 247.894 , 291.204 , 248.659 , 198.921 , 304.508 , 226.619 , 200.18 , 199.004 , 229.528 , 273.708 , 260.757 , 255.726 , 230.459 , 228.398 , 221.544 , 247.463 , 249.385 , 300.365 , 206.125 , 231.852 , 172.35 , 315.535 , 325.912 , 191.437 , 263.402 , 192.906 , 219.15 , 208.449 , 235.13 , 176.147 , 205.526 , 223.151 , 261.84 , 232.164 , 195.404 , 281.81 , 195.964 , 192.783 , 262.932 , 187.839 , 285.945 , 248.921 , 269.615 , 239.049 , 214.721 , 232.255 , 201.127 , 293.714 , 182.957 , 365.874 , 260.364 , 206.66 , 255.32 , 186.843 , 204.335 , 228.466 , 157.827 , 257.879 , 244.179 , 250.693 , 204.851 , 230.215 , 237.564 , 217.236 , 279.107 , 243.276 , 304.177 , 276.627 , 230.599 , 202.608 , 296.758 , 249.455 , 219.742 , 279.468 , 236.137 , 181.16 , 185.034 , 260.922 , 234.973 , 246.711 , 292.781 , 213.233 , 216.547 , 282.483 , 196.337 , 270.406 , 178.009 , 310.732 , 228.126 , 181.465 , 238.343 , 278.086 , 271.805 , 231.176 , 237.488 , 212.846 , 238.467 , 182.596 , 230.013 , 221.581 , 219.309 , 261.521 , 215.988 , 193.793 , 322.465 , 233.777 , 209.795 , 216.832 , 204.037 , 225.527 , 227.898 , 238.297 , 262.034 , 201.605 , 228.711 , 191.647 , 263.304 , 166.432 , 315.642 , 248.771 , 222.728 , 164.267 , 259.227 , 264.13 , 140.759 , 195.362 , 226.725 , 237.432 , 211.64 , 232.201 , 200.623 , 255.868 , 326.801 , 198.003 , 343.347 , 256.041 , 145.719 , 297.264 , 230.721 , 248.191 , 197.95 , 235.817 , 292.847 , 249.733 , 217.093 , 313.853 , 227.059 , 249.147 , 301.781 , 269.569 , 257.462 , 170.016 , 213.204 , 198.458 , 151.234 , 228.841 , 299.754 , 251.615 , 300.32 , 199.961 , 326.052 , 211.896 , 236.388 , 216.383 , 169.045 , 217.419 , 264.408 , 174.707 , 224.187 , 345.941 , 