avg1=[288.407 , 269.093 , 186.639 , 189.99 , 123.725 , 435.928 , 239.12 , 163.573 , 422.368 , 398.614 , 206.892 , 345.402 , 269.578 , 151.237 , 110.765 , 136.226 , 220.776 , 389.379 , 213.764 , 163.854 , 202.684 , 89.3063 , 214.272 , 277.235 , 297.777 , 379.062 , 209.858 , 285.266 , 330.727 , 139.861 , 265.473 , 283.573 , 137.439 , 126.644 , 269.277 , 255.833 , 220.737 , 242.89 , 206.44 , 243 , 176.667 , 188.124 , 229.908 , 148.022 , 396.6 , 231.832 , 329.278 , 204.492 , 156.203 , 322.542 , 243.115 , 277.027 , 277.749 , 201.802 , 134.244 , 194.816 , 154.307 , 159.674 , 411.461 , 312.908 , 330.85 , 258.919 , 315.951 , 201.51 , 298.135 , 165.031 , 231.368 , 242.78 , 179.709 , 237.755 , 180.473 , 214.97 , 419.993 , 168.905 , 236.229 , 248.04 , 208.286 , 308.287 , 228.623 , 488.622 , 130.033 , 237.984 , 367.16 , 211.931 , 346.608 , 388.249 , 318.381 , 246.095 , 219.037 , 336.709 , 185.112 , 212.462 , 330.243 , 194.291 , 111.593 , 169.289 , 248.766 , 216.124 , 185.794 , 302.822 , 166.855 , 175.168 , 135.497 , 312.072 , 113.243 , 213.385 , 373.325 , 280.441 , 177.71 , 218.739 , 157.07 , 332.038 , 163.703 , 349.572 , 221.973 , 340.614 , 186.006 , 166.298 , 216.048 , 151.799 , 372.34 , 156.582 , 212.419 , 210.288 , 204.011 , 274.721 , 169.451 , 296.458 , 214.909 , 214.754 , 321.107 , 231.343 , 220.92 , 199.506 , 252.255 , 176.015 , 317.183 , 247.256 , 186.44 , 249.874 , 414.369 , 188.997 , 147.931 , 335.775 , 237.662 , 308.117 , 164.105 , 315.495 , 200.793 , 189.352 , 172.886 , 263.472 , 253.675 , 313.491 , 175.07 , 159.962 , 293.561 , 233.411 , 170.852 , 215.395 , 212.749 , 209.997 , 172.087 , 264.921 , 242.598 , 369.608 , 227.357 , 191.327 , 200.984 , 245.416 , 198.693 , 155.57 , 283.777 , 152.424 , 248.911 , 183.759 , 280.508 , 192.297 , 182.256 , 206.616 , 257.64 , 269.675 , 206.773 , 251.98 , 182.165 , 204.988 , 195.646 , 157.759 , 271.959 , 159.411 , 245.285 , 307.248 , 273.046 , 253.758 , 156.173 , 192.857 , 262.723 , 315.038 , 235.421 , 174.972 , 257.8 , 250.284 , 165.919 , 186.2 , 265.342 , 267.767 , 186.809 , 301.788 , 189.682 , 127.059 , 349.723 , 423.936 , 266.978 , 181.559 , 259.241 , 274.598 , 209.567 , 192.088 , 179.382 , 244.26 , 284.282 , 186.706 , 162.193 , 281.885 , 210.132 , 201.14 , 167.528 , 146.053 , 244.843 , 346.279 , 192.39 , 286.986 , 304.538 , 231.407 , 208.94 , 172.861 , 235.944 , 188.918 , 323.739 , 276.206 , 256.688 , 256.43 , 176.243 , 154.61 , 208.233 , 165.32 , 178.162 , 259.5 , 187.186 , 308.834 , 176.064 , 166.422 , 198.742 , 178.39 , 299.604 , 330.469 , 319.715 , 323.584 , 199.004 , 224.403 , 341.599 , 300.084 , 308.284 , 157.995 , 208.855 , 296.902 , 128.022 , 347.316 , 192.134 , 204.483 , 307.579 , 222.959 , 400.627 , 185.881 , 236.412 , 138.985 , 291.962 , 167.321 , 111.45 , 266.164 , 127.747 , 249.578 , 276.392 , 341.733 , 227.127 , 152.235 , 279.633 , 230.6 , 305.337 , 201.058 , 100.203 , 322.231 , 196.821 , 144.686 , 271.814 , 202.656 , 153.736 , 176.263 , 184.594 , 158.87 , 105.26 , 256.275 , 145.527 , 379.319 , 153.476 , 164.928 , 142.739 , 238.811 , 231.264 , 182.954 , 378.014 , 250.605 , 187.085 , 318.288 , 252.068 , 183.067 , 239.734 , 211.387 , 264.801 , 179.844 , 405.7 , 203.722 , 352.039 , 364.313 , 193.213 , 271.669 , 295.168 , 214.112 , 227.352 , 209.531 , 357.015 , 211.67 , 242.789 , 195.462 , 155.118 , 245.274 , 253.69 , 506.186 , 278.916 , 160.768 , 202.261 , 269.662 , 130.518 , 192.544 , 272.981 , 239.969 , 297.994 , 393.531 , 193.763 , 404.007 , 459.124 , 293.207 , 193.972 , 214.814 , 246.075 , 344.882 , 116.718 , 210.105 , 226.997 , 271.013 , 280.579 , 322.88 , 179.066 , 280.938 , 150.641 , 183.972 , 246.825 , 199.526 , 193.345 , 194.211 , 236.514 , 206.98 , 209.72 , 167.799 , 247.862 , 149.605 , 216.771 , 224.14 , 324.068 , 164.952 , 249.675 , 221.743 , 203.807 , 204.319 , 382.652 , 260.155 , 252.861 , 218.702 , 197.367 , 388.071 , 194.704 , 168.522 , 271.817 , 359.37 , 162.218 , 256.442 , 157.644 , 187.229 , 309.946 , 203.532 , 282.081 , 169.716 , 308.917 , 278.206 , 209.548 , 299.643 , 241.286 , 280.657 , 184.736 , 312.683 , 296.45 , 298.945 , 206.703 , 145.137 , 265.257 , 109.092 , 249.152 , 190.22 , 247.99 , 150.918 , 168.904 , 258.121 , 252.101 , 197.339 , 302.363 , 168.75 , 192.072 , 135.541 , 267.669 , 261.541 , 298.799 , 249.401 , 152.891 , 264.669 , 129.649 , 223.98 , 208.017 , 142.738 , 181.855 , 293.968 , 238.8 , 207.049 , 220.75 , 134.916 , 192.065 , 443.187 , 258.429 , 236.017 , 186.185 , 442.759 , 189.519 , 230.54 , 353.511 , 214.582 , 254.742 , 226.964 , 306.865 , 286.75 , 331.974 , 265.41 , 319.159 , 260.305 , 372.163 , 135.764 , 405.739 , 222.015 , 257.883 , 211.589 , 141.422 , 311.766 , 343.547 , 217.498 , 318.987 , 230.618 , 287.003 , 229.669 , 271.634 , 364.444 , 303.13 , 180.515 , 209.924 , 199.838 , 216.374 , 215.946 , 260.757 , 285.269 , 274.89 , 309.24 , 263.187 , 209.172 , 220.493 , 261.862 , 236.826 , 368.003 , 395.637 , 131.925 , 404.689 , 179.26 , 252.405 , 262.607 , 188.983 , 389.047 , 300.938 , 229.056 , 181.264 , 265.197 , 233.002 , 255.799 , 203.178 , 219.275 , 203.947 , 228.348 , 278.027 , 130.967 , 247.897 , 302.493 , 177.397 , 252.377 , 143.71 , 160.843 , 202.01 , 300.367 , 269.728 , 276.466 , 231.24 , 270.494 , 269.694 , 384.341 , 255.44 , 268.126 , 264.004 , 108.413 , 113.193 , 355.655 , 242.085 , 158.494 , 267.378 , 312.115 , 174.292 , 256.152 , 193.122 , 256.178 , 108.943 , 221.694 , 204.369 , 374.049 , 287.013 , 299.883 , 278.031 , 210.376 , 287.236 , 218.034 , 216.24 , 247.052 , 196.373 , 204.641 , 255.487 , 246.565 , 254.187 , 223.049 , 153.111 , 215.589 , 160.383 , 445.191 , 190.739 , 271.061 , 437.37 , 214.113 , 168.496 , 242.824 , 191.608 , 470.983 , 272.933 , 183.048 , 180.448 , 335.83 , 122.602 , 202.841 , 262.649 , 170.396 , 404.045 , 195.389 , 182.993 , 160.545 , 302.607 , 183.706 , 203.813 , 208.934 , 199.704 , 292.474 , 225.269 , 447.729 , 202.924 , 170.784 , 431.84 , 264.39 , 183.694 , 153.036 , 195.591 , 220.319 , 202.547 , 146.22 , 265.327 , 278.559 , 473.874 , 237.641 , 145.375 , 216.734 , 161.952 , 105.964 , 252.059 , 232.399 , 166.262 , 225.994 , 230.462 , 311.718 , 294.541 , 220.645 , 147.816 , 154.687 , 294.518 , 197.675 , 217.848 , 160.139 , 392.192 , 204.001 , 234.781 , 229.501 , 307.573 , 173.549 , 315.184 , 369.068 , 211.19 , 170.585 , 159.351 , 186.39 , 176.568 , 207.233 , 232.366 , 134.138 , 260.034 , 212.008 , 344.312 , 202.833 , 248.929 , 234.367 , 145.762 , 385.769 , 364.397 , 221.91 , 211.523 , 200.054 , 249.019 , 147.984 , 196.68 , 168.743 , 143.419 , 204.463 , 210.669 , 126.798 , 190.016 , 156.643 , 304.717 , 192.566 , 320.375 , 194.379 , 326.084 , 142.992 , 339.998 , 297.193 , 212.852 , 320.943 , 177.287 , 294.487 , 419.122 , 95.8693 , 275.714 , 185.5 , 382.431 , 311.055 , 299.925 , 171.407 , 204.219 , 256.09 , 183.36 , 297.036 , 203.627 , 198.086 , 418.258 , 339.773 , 211.838 , 249.496 , 146.926 , 192.971 , 189.46 , 197.772 , 233.295 , 153.897 , 130.07 , 375.762 , 192.99 , 307.134 , 211.325 , 168.909 , 184.729 , 178.678 , 261.154 , 175.362 , 249.144 , 224.396 , 211.248 , 223.636 , 254.229 , 148.678 , 256.378 , 167.237 , 226.103 , 270.886 , 344.13 , 183.633 , 230.681 , 255.136 , 136.593 , 163.027 , 266.408 , 264.795 , 263.596 , 173.228 , 161.8 , 221.02 , 254.812 , 227.463 , 255.746 , 235.311 , 223.786 , 151.947 , 289.613 , 194.989 , 196.716 , 253.754 , 143.778 , 407.599 , 160.648 , 286.096 , 275.473 , 241.779 , 113.693 , 148.572 , 249.313 , 259.676 , 231.505 , 215.507 , 185.274 , 146.704 , 237.09 , 386.06 , 138.315 , 204.165 , 271.197 , 148.375 , 198.615 , 356.558 , 274.326 , 266.053 , 192.844 , 242.534 , 229.092 , 350.11 , 294.499 , 264.09 , 269.58 , 195.451 , 217.253 , 300.027 , 125.946 , 372.993 , 205.069 , 427.049 , 470.741 , 174.084 , 273.279 , 288.725 , 159.958 , 162.317 , 190.849 , 306.931 , 338.669 , 244.601 , 149.787 , 195.526 , 196.8 , 234.104 , 333.354 , 217.014 , 184.669 , 187.306 , 326.854 , 170.117 , 284.11 , 206.138 , 362.779 , 279.683 , 223.551 , 270.459 , 256.023 , 192.718 , 251.072 , 158.846 , 246.075 , 