avg1=[175.382 , 206.726 , 215.782 , 142.132 , 210.666 , 266.718 , 175.589 , 206.973 , 238.355 , 117.822 , 157.009 , 197.396 , 257.383 , 191.146 , 349.003 , 251.889 , 246.539 , 243.928 , 200.55 , 179.383 , 252.115 , 171.096 , 217.669 , 268.961 , 337.748 , 293.785 , 118.649 , 225.163 , 150.447 , 216.611 , 207.367 , 139.318 , 292.031 , 165.892 , 365.387 , 152.532 , 203.009 , 123.765 , 342.214 , 277.759 , 259.699 , 150.359 , 264.896 , 187.312 , 328.822 , 168.942 , 226.454 , 206.845 , 191.824 , 119.871 , 130.239 , 188.493 , 226.394 , 215.179 , 71.4743 , 252.981 , 433.803 , 317.387 , 299.863 , 236.904 , 182.683 , 224.079 , 431.197 , 265.684 , 166.993 , 158.845 , 220.933 , 224.54 , 259.752 , 98.8993 , 266.44 , 249.448 , 249.006 , 327.231 , 160.205 , 291.306 , 381.722 , 212.616 , 202.706 , 324.573 , 313.552 , 304.649 , 291.213 , 336.29 , 204.894 , 272.442 , 178.758 , 239.643 , 210.606 , 119.112 , 152.931 , 276.496 , 288.435 , 207.853 , 190.581 , 227.542 , 216.385 , 239.962 , 219.802 , 160.196 , 191.794 , 192.721 , 124.854 , 193.812 , 203.241 , 218.363 , 512.448 , 231.153 , 229.463 , 320.379 , 148.011 , 115.691 , 258.678 , 238.041 , 199 , 217.006 , 217.292 , 230.956 , 166.474 , 259.338 , 112.716 , 147.198 , 228.81 , 237.311 , 257.517 , 242.867 , 228.846 , 190.277 , 364.274 , 143.486 , 164.238 , 235.649 , 208.879 , 321.6 , 189.906 , 225.577 , 324.086 , 154.472 , 452.944 , 257.858 , 213.925 , 161.784 , 282.9 , 259.606 , 217.387 , 234.613 , 184.325 , 154.578 , 294.774 , 264.915 , 220.604 , 248.308 , 157.064 , 272.04 , 195.083 , 244.898 , 295.091 , 313.278 , 232.709 , 208.631 , 213.443 , 193.593 , 194.593 , 227.123 , 349.825 , 171.504 , 212.887 , 106.783 , 204.855 , 178.545 , 244.815 , 164.913 , 232.708 , 229.9 , 214.906 , 201.404 , 207.552 , 162.94 , 272.667 , 350.312 , 269.488 , 184.092 , 163.342 , 239.854 , 237.888 , 416.265 , 382.04 , 160.255 , 192.708 , 405.888 , 169.645 , 254.595 , 278.74 , 178.628 , 236.794 , 260.487 , 205.442 , 388.733 , 236.504 , 296.911 , 239.218 , 211.19 , 209.007 , 291.763 , 372.543 , 348.535 , 193.024 , 222.239 , 158.309 , 125.45 , 166.687 , 254.694 , 283.176 , 236.872 , 195.689 , 263.347 , 263.642 , 369.082 , 193.153 , 189.858 , 158.147 , 146.724 , 195.693 , 254.12 , 232.544 , 233.725 , 181.924 , 289.105 , 176.325 , 111.857 , 200.675 , 203.757 , 200.191 , 206.883 , 199.4 , 232.183 , 219.249 , 255.006 , 242.06 , 203.316 , 258.86 , 222.239 , 295.654 , 176.074 , 136.852 , 249.132 , 241.756 , 203.857 , 228.052 , 307.177 , 184.591 , 345.768 , 268.916 , 318.306 , 346.125 , 278.183 , 302.399 , 321.249 , 215.091 , 83.2797 , 199.466 , 362.094 , 351.428 , 329.099 , 268.829 , 209.902 , 205.927 , 236.907 , 155.578 , 241.494 , 152.643 , 223.056 , 335.556 , 248.48 , 262.818 , 172.238 , 201.378 , 313.537 , 202.222 , 132.272 , 182.502 , 300.286 , 336.698 , 285.782 , 362.472 , 217.585 , 209.781 , 285.442 , 316.555 , 238.805 , 219.127 , 236.688 , 155.383 , 304.904 , 238.572 , 325.778 , 265.401 , 390.05 , 241.048 , 196.809 , 166.912 , 192.909 , 228.913 , 128.69 , 247.898 , 139.007 , 215.035 , 308.403 , 193.117 , 250.292 , 262.554 , 251.839 , 224.3 , 166.501 , 159.537 , 147.305 , 272.458 , 212.476 , 187.428 , 244.995 , 279.592 , 231.654 , 307.658 , 193.242 , 201.619 , 186.564 , 252.48 , 221.166 , 237.324 , 319.653 , 216.662 , 130.071 , 182.782 , 159.88 , 273.832 , 249.832 , 301.18 , 242.542 , 209.735 , 377.481 , 448.29 , 221.99 , 147.675 , 198.85 , 270.602 , 321.792 , 393.112 , 321.504 , 191.604 , 358.728 , 249.894 , 259.119 , 232.314 , 210.822 , 212.37 , 268.89 , 262.648 , 122.007 , 247.054 , 246.116 , 129.898 , 181.05 , 223.068 , 245.196 , 243.654 , 206.762 , 144.58 , 171.254 , 166.17 , 273.527 , 111.642 , 162.733 , 223.408 , 145.549 , 225.884 , 202.06 , 158.782 , 328.066 , 245.654 , 184.279 , 189.595 , 214.389 , 374.661 , 369.79 , 299.402 , 238.174 , 247.013 , 495.305 , 212.66 , 244.574 , 322.639 , 182.262 , 314.044 , 242.591 , 196.859 , 244.735 , 283.712 , 211.218 , 446.283 , 254.08 , 184.242 , 162.92 , 303.165 , 181.048 , 373.883 , 173.949 , 93.756 , 168.719 , 253.685 , 391.214 , 175.149 , 110.543 , 121.215 , 227.087 , 296.009 , 205.562 , 193.147 , 257.981 , 204.46 , 135.64 , 391.102 , 125.421 , 234.97 , 295.103 , 232.909 , 154.678 , 138.259 , 90.814 , 183.442 , 207.438 , 198.716 , 294.139 , 193.724 , 116.02 , 244.755 , 283.574 , 175.233 , 137.482 , 296.693 , 135.181 , 263.354 , 181.854 , 275.05 , 264.401 , 175.9 , 247.555 , 246.012 , 255.145 , 246.746 , 284.731 , 322.067 , 248.361 , 177.421 , 172.009 , 128.174 , 191.383 , 232.055 , 317.16 , 257.424 , 322.245 , 165.712 , 213.302 , 239.127 , 181.737 , 262.198 , 285.651 , 255.255 , 279.623 , 226.528 , 187.305 , 184.267 , 217.995 , 262.302 , 442.975 , 455.833 , 453.22 , 393.773 , 211.709 , 160.332 , 149.423 , 158.914 , 148.802 , 247.144 , 288.877 , 219.574 , 414.138 , 352.117 , 225.871 , 262.521 , 144.194 , 266.419 , 171.411 , 248.107 , 224.387 , 210.866 , 175.723 , 229.802 , 158.305 , 263.356 , 338.756 , 242.544 , 241.648 , 216.993 , 201.189 , 276.721 , 208.854 , 330.752 , 217.709 , 262.851 , 288.431 , 184.399 , 170.824 , 248.952 , 211.014 , 181.412 , 353.528 , 162.9 , 228.504 , 240.084 , 288.693 , 234.698 , 245.859 , 314.812 , 257.116 , 245.456 , 135.511 , 157.847 , 369.987 , 242.412 , 220.964 , 142.221 , 310.919 , 157.845 , 323.996 , 256.507 , 296.504 , 230.305 , 231.042 , 257.256 , 207.222 , 271.523 , 225.569 , 281.873 , 199.13 , 188.754 , 195.339 , 162.136 , 338.167 , 479.251 , 221.305 , 252.544 , 189.91 , 244.542 , 272.501 , 167.625 , 168.213 , 235.919 , 242.943 , 181.984 , 242.835 , 180.833 , 300.675 , 219.633 , 367.798 , 291.617 , 197.63 , 219.538 , 310.782 , 435.71 , 197.679 , 169.265 , 420.214 , 242.879 , 196.005 , 201.792 , 183.27 , 206.958 , 178.79 , 297.787 , 147.07 , 244.143 , 147.92 , 385.416 , 284.738 , 173.895 , 145.09 , 163.958 , 228.76 , 218.511 , 303.496 , 193.534 , 439.009 , 185.276 , 234.053 , 202.892 , 237.511 , 144.799 , 235.163 , 175.96 , 201.468 , 198.16 , 302.943 , 289.577 , 227.626 , 260.069 , 218.665 , 147.033 , 188.661 , 310.26 , 204.092 , 86.0767 , 338.909 , 228.984 , 126.718 , 344.136 , 258.043 , 191.426 , 285.114 , 225.131 , 252.999 , 500.874 , 291.256 , 120.565 , 174.107 , 297.685 , 232.458 , 259.743 , 308.671 , 252.362 , 312.036 , 143.713 , 236.86 , 222.857 , 211.433 , 143.964 , 230.779 , 282.89 , 153.762 , 203.189 , 296.299 , 330.216 , 311.707 , 300.846 , 519.614 , 258.887 , 211.512 , 119.265 , 197.755 , 283.518 , 163.388 , 201.341 , 143.144 , 81.5723 , 254.819 , 182.363 , 349.873 , 136.366 , 243.213 , 345.898 , 193.042 , 220.559 , 147.997 , 225.222 , 237.441 , 195.939 , 160.725 , 196.1 , 182.255 , 185.664 , 252.216 , 190.552 , 272.905 , 180.932 , 286.042 , 201.735 , 157.694 , 242.631 , 232.828 , 275.189 , 269.408 , 174.096 , 263.259 , 235.631 , 401.05 , 145.227 , 246.331 , 324.201 , 223.177 , 299.837 , 331.105 , 151.247 , 250.689 , 135.729 , 220.847 , 134.666 , 260.744 , 169.09 , 194.197 , 221.252 , 164.812 , 265.956 , 182.979 , 323.974 , 428.308 , 253.598 , 241.856 , 162.072 , 354.414 , 241.833 , 205.432 , 151.6 , 156.533 , 363.825 , 138.764 , 359.769 , 249.836 , 180.83 , 139.835 , 206.674 , 245.166 , 202.188 , 297.256 , 146.627 , 173.191 , 227.29 , 303.149 , 367.401 , 171.6 , 260.75 , 245.818 , 265.497 , 220.055 , 199.388 , 324.699 , 213.304 , 223.34 , 419.366 , 219.203 , 119.936 , 212.396 , 174.635 , 282.352 , 232.922 , 201.814 , 360.551 , 136.915 , 264.058 , 146.377 , 116.075 , 218.689 , 190.01 , 191.669 , 385.566 , 217.369 , 161.174 , 159.946 , 206.295 , 191.156 , 118.525 , 194.455 , 301.203 , 275.506 , 199.718 , 213.699 , 163.6 , 299.123 , 237.069 , 349.03 , 248.253 , 385.593 , 336.826 , 156.975 , 279.42 , 107.869 , 131.543 , 487.353 , 202.049 , 161.349 , 307.303 , 173.325 , 222.18 , 333.323 , 157.907 , 174.232 , 222.213 , 252.874 , 246.985 , 248.164 , 232.323 , 234.694 , 146.317 , 263.519 , 232.829 , 201.204 , 239.5 , 295.07 , 249.724 , 130.376 , 244.272 , 253.53 , 259.151 , 428.231 , 393.897 , 293.505 , 212.977 , 154.184 , 188.337 , 318.541 , 398.264 , 