avg1=[131.518 , 219.803 , 259.349 , 216.747 , 233.82 , 266.769 , 164.257 , 208.687 , 166.378 , 315.12 , 283.686 , 176.186 , 291.124 , 307.012 , 247.247 , 189.858 , 227.48 , 298.656 , 212.727 , 231.047 , 267.159 , 208.428 , 230.689 , 206.097 , 419.726 , 467.5 , 167.294 , 226.747 , 179.596 , 176.737 , 261.119 , 342.233 , 197.683 , 172.86 , 187.236 , 186.931 , 186.987 , 231.038 , 210.588 , 221.252 , 376.681 , 177.575 , 255.048 , 166.335 , 236.242 , 182.4 , 294.406 , 287.314 , 256.917 , 187.822 , 237.783 , 235.561 , 179.374 , 206.409 , 160.321 , 229.193 , 197.383 , 211.001 , 162.359 , 215.968 , 223.012 , 154.653 , 198.325 , 217.449 , 215.797 , 237.608 , 221.025 , 318.505 , 220.022 , 247.047 , 204.976 , 327.88 , 208.406 , 143.54 , 211.734 , 224.736 , 324.936 , 209.776 , 160.655 , 269.543 , 304.468 , 198.515 , 296 , 212.733 , 191.394 , 295.342 , 244.345 , 149.194 , 275.542 , 226.237 , 278.077 , 178.456 , 233.13 , 216.26 , 220.114 , 313.486 , 194.381 , 300.495 , 198.941 , 262.123 , 153.177 , 173.217 , 305.87 , 142.062 , 361.476 , 222.139 , 305.585 , 246.881 , 267.919 , 240.422 , 320.334 , 216.261 , 213.053 , 173.424 , 208.499 , 192.593 , 239.445 , 236.175 , 240.889 , 160.987 , 214.56 , 149.37 , 277.986 , 176.646 , 188.702 , 281.224 , 303.272 , 178.53 , 256.784 , 362.285 , 179.181 , 251.295 , 194.133 , 241.046 , 254.505 , 296.075 , 216.568 , 187.706 , 231.385 , 231.511 , 304.75 , 216.92 , 258.033 , 183.206 , 182.251 , 163.426 , 183.181 , 262.146 , 252.089 , 399.308 , 180.744 , 259.748 , 283.312 , 273.459 , 222.402 , 240.143 , 232.023 , 270.238 , 204.181 , 190.309 , 223.089 , 258.647 , 190.47 , 301.487 , 234.31 , 173.474 , 195.352 , 325.111 , 194.234 , 231.639 , 257.419 , 347.291 , 188.7 , 298.629 , 218 , 336.72 , 197.235 , 280.091 , 203.98 , 139.86 , 339.013 , 245.792 , 313.601 , 222.453 , 180.711 , 177.893 , 227.694 , 250.65 , 179.602 , 231.367 , 231.241 , 229.287 , 401.139 , 244.505 , 267.599 , 320.588 , 159.081 , 200.966 , 361.266 , 298.751 , 211.72 , 227.368 , 160.813 , 171.765 , 242.586 , 262.92 , 296.742 , 210.898 , 166.988 , 189.179 , 402.62 , 196.813 , 263.54 , 200.885 , 180.057 , 195.599 , 180.183 , 173.158 , 160.289 , 182.931 , 212.531 , 160.823 , 187.41 , 210.131 , 284.801 , 308.864 , 362.02 , 137.403 , 234.465 , 252.049 , 305.107 , 253.161 , 228.384 , 274.891 , 265.992 , 143.381 , 202.011 , 204.702 , 232.989 , 199.404 , 247.017 , 273.487 , 200.108 , 197.094 , 275.513 , 244.492 , 219.559 , 237.214 , 181.202 , 273.805 , 208.162 , 331.899 , 226.002 , 308.371 , 293.911 , 199.688 , 491.585 , 222.44 , 281.151 , 272.671 , 247.31 , 204.917 , 160.91 , 179.793 , 291.065 , 199.674 , 302.743 , 378.427 , 223.621 , 254.261 , 188.273 , 179.103 , 222.474 , 259.252 , 295.908 , 252.22 , 202.474 , 183.462 , 209.957 , 298.431 , 286.137 , 161.483 , 208.401 , 251.006 , 195.957 , 263.459 , 244.009 , 273.701 , 261.818 , 200.728 , 315.528 , 174.915 , 260.457 , 274.227 , 296.652 , 259.959 , 180.143 , 199.878 , 183.041 , 311.316 , 231.15 , 216.876 , 246.177 , 252.964 , 205.741 , 111.694 , 199.142 , 286.692 , 324.933 , 239.987 , 224.407 , 245.418 , 145.945 , 248.799 , 249.306 , 244.882 , 221.471 , 211.821 , 211.132 , 213.851 , 229.66 , 252.959 , 216.494 , 341.304 , 279.726 , 367.669 , 346.297 , 140.722 , 198.655 , 221.43 , 164.471 , 175.379 , 286.554 , 205.334 , 184.457 , 167.71 , 175.392 , 172.457 , 293.026 , 231.537 , 166.127 , 198 , 213.922 , 225.931 , 358.328 , 180.868 , 157.996 , 269.686 , 309.619 , 289.936 , 218.115 , 146.094 , 209.465 , 248.923 , 185.026 , 306.89 , 292.994 , 282.372 , 288.865 , 274.26 , 167.734 , 292.745 , 298.301 , 184.818 , 220.863 , 180.58 , 290.125 , 253.571 , 305.78 , 209.732 , 329.682 , 247.383 , 306.649 , 244.27 , 333.381 , 266.099 , 231.459 , 154.727 , 230.431 , 216.745 , 221.659 , 200.348 , 205.286 , 178.013 , 250.829 , 168.151 , 161.051 , 175.388 , 161.36 , 220.181 , 176.243 , 190.48 , 305.324 , 280.684 , 398.531 , 285.354 , 249.944 , 195.09 , 358.272 , 206.135 , 255.64 , 282.629 , 329.946 , 233.626 , 385.622 , 212.728 , 274.438 , 245.022 , 218.686 , 314.733 , 183.96 , 208.367 , 126.751 , 297.417 , 266.179 , 196.175 , 230.098 , 251.594 , 181.341 , 253.319 , 255.883 , 268.719 , 235.508 , 342.155 , 233.842 , 279.298 , 194.055 , 195.054 , 208.356 , 250.883 , 191.84 , 238.802 , 160.32 , 220.59 , 277.644 , 277.235 , 276.057 , 221.457 , 251.799 , 197.871 , 202.888 , 236.949 , 230.022 , 185.256 , 207.751 , 274.468 , 209.467 , 236.882 , 185.964 , 153.082 , 194.803 , 210.061 , 216.221 , 154.396 , 304.017 , 297.569 , 302.006 , 157.245 , 290.533 , 218.191 , 310.269 , 252.474 , 147.299 , 193.12 , 148.659 , 219.489 , 325.877 , 130.975 , 192.453 , 312.769 , 265.037 , 215.784 , 187.457 , 248.864 , 265.289 , 227.216 , 244.079 , 192.767 , 163.424 , 280.196 , 229.996 , 202.265 , 201.438 , 232.176 , 166.031 , 238.884 , 266.196 , 231.121 , 180.645 , 277.808 , 221.084 , 213.791 , 225.215 , 160.742 , 359.917 , 286.473 , 243.002 , 216.581 , 193.464 , 215.607 , 234.132 , 253.2 , 138.358 , 246.481 , 372.425 , 215.599 , 329.267 , 373.494 , 269.086 , 324.025 , 110.091 , 282.956 , 304.429 , 252.947 , 225.844 , 225.033 , 276.501 , 243.605 , 176.741 , 200.856 , 220.235 , 201.299 , 216.05 , 255.807 , 303.578 , 131.463 , 275.774 , 239.908 , 292.452 , 227.434 , 160.638 , 309.44 , 348.778 , 258.949 , 329.634 , 211.259 , 271.034 , 292.16 , 215.448 , 219.391 , 221.695 , 219.907 , 160.241 , 359.693 , 198.542 , 233.585 , 185.139 , 270.908 , 240.073 , 180.711 , 243.522 , 211.859 , 296.079 , 165.435 , 352.249 , 365.038 , 218.204 , 296.057 , 304.828 , 204.065 , 248.669 , 212.28 , 229.564 , 258.011 , 284.594 , 228.526 , 267.462 , 215.939 , 227.901 , 233.791 , 310.237 , 279.403 , 147.332 , 336.73 , 264.844 , 375.372 , 299.989 , 163.571 , 195.639 , 191.891 , 226.964 , 237.175 , 214.496 , 269.801 , 302.133 , 147.444 , 235.333 , 180.435 , 271.983 , 233.387 , 249.581 , 171.791 , 140.478 , 221.685 , 211.705 , 220.461 , 151.85 , 259.059 , 258.056 , 228.355 , 215.243 , 197.393 , 229.586 , 266.306 , 318.969 , 257.107 , 242.989 , 195.769 , 176.433 , 241.739 , 218.894 , 316.141 , 309.022 , 156.298 , 220.46 , 178.678 , 305.377 , 170.733 , 200.71 , 202.11 , 256.057 , 262.861 , 313.728 , 143.05 , 200.331 , 193.213 , 245.401 , 270.092 , 114.467 , 269.711 , 250.205 , 164.513 , 256.07 , 185.192 , 298.247 , 250.596 , 175.359 , 192.564 , 238.795 , 250.425 , 328.122 , 180.052 , 310.225 , 305.137 , 333.326 , 268.888 , 200.54 , 226.908 , 281.48 , 235.687 , 196.312 , 304.337 , 263.357 , 201.358 , 201.08 , 254.402 , 307.872 , 273.738 , 222.761 , 241.596 , 270.513 , 423.827 , 313.153 , 161.828 , 213.209 , 191.129 , 260.724 , 245.669 , 237.662 , 226.969 , 231.336 , 290.456 , 226.654 , 209.669 , 236.509 , 202.821 , 275.594 , 303.096 , 335.104 , 285.003 , 220.676 , 186.098 , 208.593 , 264.031 , 220.816 , 287.744 , 161.884 , 166.796 , 426.642 , 219.241 , 168.078 , 221.19 , 250.486 , 220.643 , 207.947 , 144.445 , 266.11 , 278.453 , 172.8 , 268.029 , 184.254 , 205.812 , 272.366 , 181.172 , 219.54 , 292.706 , 162.934 , 234.004 , 252.055 , 223.128 , 263.443 , 222.835 , 205.388 , 286.289 , 305.527 , 148.799 , 257.106 , 440.632 , 248.488 , 259.398 , 171.436 , 277.929 , 248.963 , 229.871 , 240.334 , 247.913 , 247.463 , 201.38 , 218.844 , 187.886 , 302.646 , 230.853 , 288.022 , 251.152 , 272.359 , 151.47 , 261.609 , 236.931 , 224.998 , 306.349 , 179.554 , 311.411 , 394.664 , 215.132 , 267.046 , 313.157 , 228.466 , 201.937 , 246.639 , 259.503 , 275.702 , 207.44 , 365.767 , 296.025 , 173.423 , 192.602 , 205.118 , 207.578 , 236.369 , 266.738 , 294.517 , 219.496 , 214.469 , 263.052 , 186.446 , 206.08 , 223.258 , 296.949 , 410.333 , 268.613 , 266.338 , 270.491 , 394.209 , 232.886 , 179.91 , 217.606 , 192.58 , 136.113 , 264.415 , 218.386 , 339.739 , 196.579 , 246.334 , 211.02 , 311.661 , 277.107 , 194.554 , 182.401 , 289.841 , 184.722 , 215.806 , 210.704 , 279.646 , 217.027 , 279.837 , 322.484 , 226.982 , 258.259 , 314.219 , 223.452 , 377.743 , 276.832 , 125.637 , 259.872 , 235.184 , 237.345 , 152.705 , 211.263 , 174.488 