avg1=[298.92 , 293.767 , 222.931 , 223.815 , 247.156 , 254.395 , 220.592 , 179.921 , 255.777 , 279.663 , 256.38 , 273.398 , 148.026 , 296.52 , 246.03 , 258.456 , 220.032 , 274.242 , 277.259 , 209.084 , 219.998 , 206.938 , 242.398 , 259.532 , 325.641 , 359.3 , 342.247 , 264.27 , 320.908 , 197.371 , 228.067 , 264.299 , 244.382 , 176.437 , 186.346 , 211.828 , 270.327 , 214.98 , 238.849 , 256.6 , 233.998 , 273.13 , 341.984 , 250.97 , 152.694 , 237.66 , 182.629 , 189.415 , 302.196 , 243.772 , 241.705 , 168.883 , 187.22 , 242.036 , 209.838 , 182.251 , 197.716 , 212.92 , 145.366 , 161.863 , 242.753 , 160.727 , 219.703 , 302.666 , 228.949 , 273.657 , 184.257 , 240.885 , 219.509 , 243.855 , 238.961 , 218.193 , 212.177 , 221.493 , 239.316 , 269.424 , 184.897 , 210.536 , 187.87 , 244.472 , 197.088 , 216.909 , 154.431 , 250.953 , 258.571 , 229.2 , 211.958 , 133.124 , 218.935 , 176.043 , 225.314 , 320.628 , 236.235 , 252.577 , 184.912 , 250.322 , 194.102 , 215.898 , 229.167 , 311.06 , 178.495 , 189.677 , 245.848 , 200.335 , 257.411 , 277.928 , 210.23 , 253.099 , 214.35 , 324.061 , 172.334 , 251.565 , 255.785 , 224.428 , 293.745 , 275.121 , 213.535 , 241.552 , 182.438 , 202.533 , 264.84 , 191.405 , 188.727 , 279.184 , 173.966 , 215.359 , 258.276 , 231.149 , 222.171 , 281.992 , 191.029 , 273.5 , 270.912 , 154.897 , 201.359 , 240.766 , 219.481 , 332.407 , 218.422 , 239.599 , 231.913 , 209.476 , 285.265 , 216.178 , 272.299 , 171.801 , 242.968 , 177.235 , 241.3 , 304.95 , 221.154 , 236.616 , 302.817 , 259.141 , 254.101 , 270.861 , 277.554 , 229.584 , 213.417 , 193.123 , 211.408 , 247.62 , 264.714 , 255.847 , 244.388 , 262.161 , 213.118 , 154.625 , 233.531 , 216.372 , 207.286 , 251.375 , 153.752 , 271.038 , 280.085 , 298.479 , 287.435 , 242.988 , 178.35 , 291.335 , 174.817 , 237.97 , 169.327 , 229.559 , 285.729 , 246.54 , 233.908 , 163.223 , 231.005 , 228.45 , 198.351 , 300.636 , 208.065 , 176.225 , 212.126 , 241.469 , 262.564 , 268.97 , 209.761 , 262.646 , 155.624 , 222.204 , 276.386 , 291.692 , 219.529 , 152.182 , 313.146 , 307.615 , 284.893 , 227.953 , 245.75 , 118.96 , 219.626 , 195.327 , 221.874 , 185.062 , 263.412 , 264.562 , 214.671 , 324.736 , 182.875 , 207.733 , 359.195 , 231.621 , 200.928 , 195.145 , 268.315 , 248.758 , 211.21 , 238.74 , 273.782 , 267.717 , 172.328 , 194.075 , 192.261 , 249.047 , 249.822 , 202.888 , 111.825 , 361.398 , 279.554 , 347.229 , 199.904 , 206.85 , 250.967 , 196.472 , 287.081 , 167.44 , 231.633 , 308.58 , 189.386 , 176.377 , 226.787 , 184.863 , 190.833 , 197.4 , 256.034 , 209.763 , 151.804 , 238.213 , 292.056 , 217.347 , 249.616 , 238.655 , 190.882 , 221.167 , 236.493 , 196.629 , 219.378 , 184.95 , 188.253 , 176.669 , 277.257 , 206.983 , 262.136 , 200.16 , 209.42 , 216.383 , 235.959 , 205.533 , 162.409 , 238.972 , 178.32 , 224.176 , 217.547 , 197.064 , 221.602 , 240.94 , 314.661 , 200.373 , 197.383 , 191.146 , 280.567 , 248.959 , 218.804 , 279.504 , 226.043 , 237.779 , 226.859 , 168.801 , 260.935 , 240.498 , 158.416 , 241.845 , 184.008 , 242.055 , 336.29 , 123.048 , 269.002 , 238.807 , 226.709 , 206.788 , 204.899 , 161.777 , 323.383 , 186.845 , 289.394 , 235.518 , 328.842 , 267.004 , 240.579 , 279.202 , 274.752 , 232.525 , 230.616 , 276.539 , 284.18 , 192.961 , 306.64 , 270.029 , 188.473 , 181.311 , 263.752 , 204.939 , 305.088 , 146.703 , 229.811 , 152.239 , 228.239 , 281.848 , 173.103 , 234.032 , 223.321 , 200.302 , 230.572 , 131.534 , 259.673 , 273.89 , 176.662 , 199.802 , 287.045 , 207.932 , 166.581 , 287.705 , 195.656 , 188.508 , 274.074 , 237.888 , 157.622 , 391.789 , 199.509 , 278.804 , 262.299 , 275.304 , 330.822 , 303.803 , 223.221 , 232.995 , 257.952 , 231.88 , 262.403 , 262.459 , 262.591 , 195.613 , 298.824 , 277.678 , 162.82 , 192.669 , 242.981 , 260.992 , 266.14 , 276.401 , 226.248 , 250.164 , 286.762 , 227.828 , 193.335 , 291.405 , 252.393 , 220.648 , 227.363 , 211.169 , 375.407 , 148.623 , 214.243 , 175.974 , 249.663 , 218.329 , 236.16 , 223.927 , 312.876 , 215.837 , 200.503 , 215.529 , 236.964 , 241.971 , 224.465 , 255.897 , 177.451 , 298.304 , 184.911 , 241.771 , 315.515 , 189.232 , 187.503 , 199.714 , 270.083 , 227.137 , 329.282 , 229.401 , 215.773 , 254.583 , 245.622 , 175.183 , 280.406 , 225.081 , 321.165 , 281.896 , 215.239 , 234.684 , 204.023 , 204.372 , 251.143 , 196.998 , 249.861 , 241.242 , 191.029 , 222.083 , 166.176 , 363.866 , 240.714 , 251.385 , 230.69 , 209.674 , 292.37 , 232.021 , 297.72 , 205.044 , 280.215 , 310.719 , 227.552 , 190.945 , 303.543 , 203.388 , 177.508 , 225.34 , 190.084 , 256.519 , 223.085 , 178.744 , 238.003 , 235.56 , 254.249 , 170.657 , 216.207 , 326.388 , 350.943 , 162.247 , 271.032 , 310.873 , 322.733 , 157.542 , 263.849 , 309.419 , 193.77 , 251.815 , 290.151 , 169.743 , 228.229 , 197.588 , 324.423 , 247.97 , 229.562 , 184.245 , 341.542 , 279.362 , 249.664 , 203.326 , 217.019 , 265.815 , 212.879 , 244.232 , 189.227 , 202.666 , 340.298 , 287.304 , 271.127 , 338.435 , 184.235 , 223.826 , 241.842 , 311.231 , 167.313 , 230.202 , 176.415 , 132.18 , 258.825 , 206.479 , 241.153 , 238.575 , 212.964 , 255.476 , 241.287 , 291.082 , 150.745 , 248.993 , 303.375 , 209.557 , 270.068 , 249.695 , 162.689 , 250.837 , 282.977 , 258.856 , 232.17 , 229.77 , 261.702 , 135.852 , 169.226 , 156.265 , 264.184 , 256.415 , 191.196 , 293.862 , 278.172 , 166.99 , 244.199 , 246.478 , 190.234 , 172.055 , 227.721 , 262.327 , 360.734 , 204.837 , 294.271 , 270.111 , 183.482 , 154.532 , 271.55 , 277.31 , 208.504 , 247.257 , 307.021 , 263.199 , 176.243 , 166.16 , 183.014 , 257.242 , 245.544 , 190.226 , 274.499 , 154.836 , 197.709 , 276.026 , 155.962 , 175.622 , 222.06 , 238.111 , 233.112 , 225.213 , 253.384 , 243.24 , 158.166 , 282.639 , 222.405 , 286.12 , 184.192 , 178.597 , 239.464 , 280.544 , 241.079 , 232.482 , 141.132 , 196.434 , 186.192 , 189.78 , 160.872 , 205.662 , 237.279 , 191.8 , 186.042 , 236.739 , 155.097 , 231.808 , 233.445 , 232.865 , 255.481 , 233.949 , 208.9 , 227.339 , 157.612 , 202.362 , 215.219 , 241.61 , 334.796 , 314.884 , 225.402 , 184.132 , 182.35 , 192.165 , 276.676 , 299.302 , 216.349 , 242.748 , 269.166 , 301.56 , 295.894 , 372.036 , 157.875 , 191.305 , 311.622 , 204.036 , 317.492 , 307.782 , 219.427 , 194.123 , 304.372 , 248.171 , 215.158 , 299.67 , 272.939 , 293.161 , 163.065 , 144.873 , 262.916 , 245.713 , 192.223 , 161.208 , 193.752 , 178.201 , 285.817 , 187.017 , 297.669 , 271.925 , 212.008 , 237.089 , 200.797 , 228.765 , 184.623 , 204.957 , 220.719 , 250.14 , 296.386 , 232.834 , 235.654 , 261.221 , 193.611 , 227.393 , 162.61 , 250.541 , 251.051 , 316.107 , 210.736 , 197.289 , 275.714 , 155.52 , 202.442 , 235.452 , 284.755 , 298.002 , 240.455 , 227.924 , 223.832 , 212.307 , 232.593 , 224.532 , 153.887 , 255.607 , 224.995 , 214.204 , 290.013 , 168.44 , 218.385 , 279.471 , 326.334 , 191.433 , 263.043 , 266.35 , 204.694 , 221.08 , 151.539 , 184.827 , 221.707 , 176.672 , 170.556 , 361.417 , 180.708 , 294.128 , 216.09 , 304.26 , 278.446 , 166.403 , 231.952 , 254.478 , 236.988 , 250.958 , 284.35 , 180.006 , 273.247 , 283.37 , 314.916 , 279.444 , 301.889 , 170.927 , 245.382 , 219.305 , 202.76 , 198.398 , 228.167 , 263.584 , 184.155 , 172.636 , 180.712 , 240.346 , 229.654 , 198.042 , 184.509 , 256.167 , 227.706 , 234.479 , 269.798 , 303.522 , 217.608 , 256.826 , 251.356 , 248.941 , 208.126 , 184.158 , 248.463 , 248.247 , 195.929 , 161.894 , 235.93 , 280.815 , 221.154 , 220.665 , 234.347 , 179.013 , 353.08 , 302.018 , 261.322 , 222.976 , 284.387 , 264.365 , 196.267 , 284.484 , 259.79 , 260.916 , 235.768 , 163.682 , 224.62 , 198.816 , 143.988 , 210.52 , 239.071 , 280.047 , 231.656 , 265.677 , 250.326 , 260.469 , 248.825 , 319.585 , 405.003 , 203.777 , 203.895 , 305.585 , 407.446 , 185.789 , 256.52 , 197.828 , 206.761 , 251.172 , 157.546 , 244.32 , 242.389 , 185.025 , 267.165 , 191.945 , 187.127 , 223.673 , 248.342 , 225.491 , 186.641 , 273.601 , 233.877 , 262.02 , 300.416 , 201.333 , 234.282 , 189.48 , 286.062 , 232.233 , 245.651 , 274.598 , 169.086 , 224.487 , 241.598 , 234.4 , 302.401 , 