avg1=[266.63 , 245.755 , 244.524 , 278.681 , 212.736 , 201.79 , 217.373 , 226.26 , 270.662 , 270.224 , 307.133 , 183.139 , 200.093 , 255.445 , 214.476 , 213.09 , 149.37 , 263.391 , 264.962 , 229.725 , 210.272 , 216.214 , 234.708 , 178.373 , 292.432 , 251.22 , 194.829 , 252.725 , 191.968 , 163.546 , 253.812 , 242.082 , 290.942 , 210.778 , 238.945 , 212.608 , 197.169 , 238.992 , 237.557 , 201.367 , 243.943 , 279.498 , 179.954 , 194.047 , 226.672 , 221.769 , 192.925 , 211.823 , 278.047 , 233.785 , 240.641 , 201.897 , 292.333 , 182.353 , 255.826 , 248.816 , 263.029 , 282.64 , 209.121 , 240.672 , 292.492 , 275.558 , 191.976 , 232.897 , 241.019 , 253.485 , 257.837 , 216.486 , 201.441 , 219.114 , 183.03 , 155.42 , 217.437 , 225.956 , 258.125 , 270.807 , 257.16 , 246.766 , 240.975 , 297.372 , 185.243 , 226.022 , 290.275 , 268.647 , 207.592 , 196.207 , 210.376 , 290.434 , 301.307 , 192.269 , 237.963 , 209.122 , 194.052 , 288.536 , 210.246 , 251.603 , 148.142 , 242.439 , 246.086 , 233.534 , 171.388 , 265.24 , 300.645 , 262.972 , 195.726 , 248.965 , 273.596 , 266.01 , 239.946 , 306.617 , 224.718 , 282.677 , 285.826 , 280.151 , 233.936 , 271.571 , 251.524 , 209.162 , 279.027 , 203.681 , 244.137 , 233.448 , 169.949 , 256.811 , 258.018 , 235.266 , 239.231 , 261.309 , 246.598 , 225.082 , 291.882 , 343.293 , 274.428 , 190.499 , 178.214 , 328.888 , 226.405 , 191.047 , 246.258 , 286.262 , 328.659 , 264.179 , 219.309 , 197.158 , 244.076 , 245.428 , 207.731 , 237.008 , 263.508 , 242.673 , 338.982 , 188.189 , 336.151 , 206.31 , 217.901 , 167.808 , 287.878 , 228.399 , 255.517 , 259.139 , 241.385 , 271.934 , 280.564 , 234.062 , 246.659 , 209.317 , 151.944 , 238.45 , 210.216 , 293.26 , 226.437 , 215.727 , 230.971 , 257.492 , 254.144 , 303.367 , 275.697 , 193.437 , 282.538 , 200.057 , 249.462 , 190.996 , 235.759 , 226.856 , 229.9 , 194.497 , 272.171 , 260.432 , 247.538 , 175.268 , 216.711 , 253.937 , 264.879 , 196.021 , 265.045 , 226.31 , 212.392 , 233.507 , 221.401 , 260.028 , 212.843 , 224.111 , 252.415 , 196.222 , 244.42 , 225.976 , 217.375 , 276.801 , 325.096 , 241.222 , 222.781 , 187.351 , 301.251 , 148.369 , 290.345 , 228.502 , 250.261 , 329.065 , 249.684 , 278.74 , 207.696 , 232.862 , 199.682 , 239.812 , 236.129 , 285.695 , 183.881 , 229.335 , 218.204 , 209.546 , 237.66 , 212.845 , 180.581 , 254.475 , 273.808 , 238.161 , 228.589 , 260.23 , 285.046 , 202.581 , 294.618 , 233.026 , 211.759 , 221.454 , 245.757 , 237.383 , 230.712 , 253.018 , 162.225 , 319.304 , 194.226 , 226.184 , 203.924 , 249.807 , 260.783 , 273.039 , 408.439 , 199.767 , 224.715 , 289.63 , 184.188 , 204.943 , 206.156 , 197.864 , 232.17 , 310.856 , 223.212 , 153.561 , 179.176 , 190.91 , 179.855 , 207.671 , 357.26 , 185.857 , 262.011 , 241.651 , 275.539 , 212.078 , 257.366 , 207.387 , 239.365 , 219.963 , 240.25 , 250.025 , 258.138 , 165.159 , 194.336 , 230.403 , 252.393 , 274.302 , 253.849 , 219.529 , 288.049 , 257.574 , 163.303 , 321.349 , 236.857 , 183.436 , 231.924 , 225.16 , 224.546 , 270.427 , 218.759 , 235.815 , 246.393 , 237.471 , 304.889 , 247.688 , 222.37 , 249.4 , 302.647 , 274.834 , 226.332 , 265.005 , 235.509 , 294.965 , 194.291 , 220.059 , 204.208 , 223.888 , 183.912 , 321.705 , 256.597 , 273.106 , 247.602 , 270.444 , 307.906 , 236.429 , 193.536 , 219.643 , 165.88 , 195.327 , 326.909 , 252.195 , 200.394 , 226.647 , 324.613 , 157.395 , 294.145 , 263.609 , 187.483 , 244.861 , 164.482 , 309.606 , 215.211 , 185.74 , 179.168 , 219.283 , 247.76 , 261.352 , 225.088 , 243.294 , 237.365 , 241.572 , 281.655 , 241.945 , 256.463 , 263.412 , 199.203 , 268.645 , 190.683 , 218.71 , 202.91 , 212.967 , 236.572 , 238.81 , 267.087 , 294.782 , 269.764 , 259.58 , 205.688 , 224.392 , 253.04 , 218.879 , 216.834 , 233.628 , 251.406 , 222.387 , 217.504 , 198.357 , 239.945 , 223.557 , 247.498 , 265.922 , 190.453 , 199.887 , 327.32 , 199.094 , 242.68 , 220.235 , 196.376 , 328.212 , 249.297 , 197.058 , 232.074 , 333.507 , 214.197 , 172.443 , 342.936 , 232.313 , 294.545 , 290.545 , 278.082 , 198.079 , 266.904 , 244.457 , 274.089 , 200.564 , 188.537 , 379.314 , 229.808 , 147.201 , 210.734 , 199.79 , 230.313 , 299.74 , 240.083 , 225.305 , 279.93 , 215.838 , 245.553 , 267.185 , 262.686 , 258.405 , 286.394 , 278.31 , 234.666 , 203.231 , 204.467 , 266.817 , 232.542 , 257.126 , 289.263 , 263.783 , 177.688 , 233.834 , 183.333 , 190.427 , 221.093 , 358.003 , 253.041 , 288.133 , 201.498 , 273.531 , 217.464 , 305.625 , 278.098 , 183.227 , 192.451 , 190.176 , 230.581 , 267.464 , 251.79 , 232.017 , 192.834 , 261.316 , 282.818 , 242.356 , 215.3 , 227.31 , 236.073 , 181.22 , 200.374 , 229.206 , 214.778 , 262.951 , 336.76 , 233.603 , 318.993 , 293.915 , 283.759 , 249.828 , 208.408 , 312.608 , 196.306 , 262.164 , 257.234 , 250.177 , 192.122 , 197.014 , 253.359 , 208.86 , 236.878 , 234.184 , 237.119 , 264.087 , 250.948 , 243.202 , 268.713 , 266.682 , 170.757 , 241.842 , 261.948 , 224.604 , 195.033 , 271.328 , 204.666 , 258.858 , 253.181 , 264.43 , 225.097 , 270.997 , 238.527 , 209.877 , 404.416 , 183.44 , 201.093 , 215.963 , 215.347 , 320.077 , 210.527 , 275.118 , 371.003 , 266.542 , 158.003 , 261.749 , 261.577 , 242.863 , 206.942 , 308.528 , 210.577 , 250.773 , 284.94 , 219.046 , 231.654 , 186.125 , 254.151 , 197.226 , 200.271 , 193.227 , 177.996 , 240.403 , 241.633 , 245.559 , 229.525 , 164.877 , 285.573 , 227.017 , 258.597 , 241.689 , 227.352 , 314.391 , 228.172 , 317.174 , 167.013 , 294.039 , 160.44 , 213.287 , 240.417 , 200.209 , 222.452 , 230.832 , 193.01 , 316.636 , 212.356 , 316.194 , 226.489 , 185.895 , 217.086 , 219.905 , 226.996 , 264.663 , 203.137 , 245.871 , 234.814 , 236.758 , 319.756 , 212.71 , 255.144 , 266.02 , 259.768 , 216.265 , 229.755 , 299.838 , 292.307 , 170.078 , 190.01 , 277.758 , 262.523 , 197.466 , 239.545 , 209.543 , 177.246 , 225.108 , 239.137 , 243.252 , 170.225 , 248.228 , 213.951 , 275.736 , 251.55 , 310.267 , 189.494 , 253.142 , 252.171 , 214.936 , 196.399 , 214.711 , 237.211 , 247.938 , 204.04 , 266.334 , 260.454 , 204.77 , 407.857 , 238.026 , 185.079 , 192.198 , 191.562 , 189.765 , 218.537 , 215.39 , 209.646 , 200.075 , 244.092 , 250.656 , 230.008 , 222.461 , 219.971 , 242.086 , 231.787 , 214.36 , 224.98 , 242.163 , 218.8 , 197.978 , 177.746 , 267.894 , 324.608 , 329.787 , 257.168 , 244.788 , 210.607 , 176.801 , 300.437 , 191.189 , 196.762 , 268.157 , 252.053 , 263.076 , 201.555 , 170.314 , 241.69 , 229.438 , 192.332 , 200.556 , 182.669 , 196.101 , 198.489 , 210.602 , 214.823 , 220.659 , 222.595 , 166.836 , 169.248 , 268.303 , 213.658 , 207.016 , 138.205 , 248.256 , 264.667 , 230.785 , 226.119 , 206.346 , 247.432 , 254.042 , 341.561 , 257.212 , 279.453 , 246.234 , 169.591 , 338.569 , 249.107 , 306.69 , 220.422 , 182.502 , 324.154 , 166.717 , 354.374 , 274.68 , 229.515 , 231.22 , 298.365 , 235.482 , 245.92 , 279.89 , 232.586 , 277.983 , 231.309 , 227.706 , 351.782 , 159.963 , 192.149 , 268.871 , 162.09 , 220.024 , 239.305 , 278.752 , 235.09 , 206.238 , 271.265 , 201.784 , 244.214 , 183.343 , 207.973 , 229.17 , 196.493 , 224.537 , 216.281 , 240.08 , 306.022 , 243.465 , 201.571 , 181.64 , 227.573 , 199.024 , 247.117 , 218.847 , 296.985 , 296.824 , 164.577 , 291.377 , 152.663 , 249.499 , 188.878 , 233.57 , 210.11 , 197.751 , 384.896 , 216.585 , 276.79 , 227.348 , 242.621 , 210.629 , 203.789 , 234.016 , 163.207 , 287.17 , 171.753 , 230.119 , 213.191 , 225.387 , 212.36 , 271.297 , 244.527 , 245.8 , 157.309 , 195.14 , 234.732 , 279.09 , 268.085 , 248.467 , 248.125 , 195.12 , 190.995 , 204.148 , 224.954 , 239.953 , 246.495 , 178.854 , 221.45 , 260.492 , 181.972 , 214.541 , 185.155 , 210.858 , 188.003 , 223.367 , 272.431 , 221.619 , 279.839 , 306.303 , 265.014 , 311.443 , 212.053 , 311.289 , 266.751 , 254.741 , 295.527 , 269.237 , 180.483 , 265.26 , 211.972 , 291.957 , 248.198 , 192.92 , 255.885 , 213.657 , 196.75 , 281.279 , 234.544 , 271.833 , 155.814 , 250.425 , 280.188 , 203.657 , 199.493 , 232.535 , 307.655 , 271.27 , 317.983 , 168.098 , 254.919 , 224.927 , 273.499 , 267.285 , 188.566 , 296.811 , 206.214 