avg1=[218.504 , 239.834 , 205.953 , 187.02 , 247.479 , 195.989 , 147.978 , 178.325 , 185.418 , 136.317 , 270.655 , 275.569 , 162.996 , 180.871 , 183.97 , 187.506 , 204.786 , 190.566 , 323.693 , 237.72 , 248.354 , 154.573 , 98.9623 , 198.076 , 337.997 , 216.5 , 197.262 , 179.619 , 242.414 , 145.634 , 243.54 , 245.216 , 391.024 , 216.411 , 313.981 , 284.073 , 232.482 , 187.449 , 151.961 , 223.801 , 262.849 , 371.303 , 234.866 , 110.258 , 188.485 , 123.967 , 184.962 , 352.243 , 286.969 , 127.027 , 262.749 , 175.734 , 200.928 , 213.285 , 193.332 , 226.899 , 172.815 , 300.637 , 145.64 , 145.289 , 414.467 , 239.304 , 237.153 , 204.291 , 297.524 , 181.153 , 226.424 , 304.097 , 157.166 , 338.465 , 164.698 , 209.751 , 255.332 , 291.56 , 252.341 , 280.548 , 211.928 , 244.37 , 196.004 , 243.851 , 172.32 , 202.655 , 253.407 , 171.822 , 407.484 , 242.013 , 180.407 , 252.398 , 195.43 , 226.987 , 246.497 , 200.529 , 203.414 , 237.885 , 185.836 , 295.369 , 232.948 , 215.822 , 270.52 , 221.005 , 195.891 , 318.641 , 280.179 , 248.917 , 465.948 , 277.121 , 358.576 , 272.913 , 176.927 , 330.422 , 169.266 , 240.603 , 206.348 , 262.201 , 250.351 , 284.131 , 191.625 , 245.296 , 189.976 , 297.993 , 177.509 , 187.444 , 211.747 , 152.083 , 178.256 , 296.717 , 149.989 , 125.309 , 234.716 , 227.95 , 148.017 , 201.312 , 271.027 , 377.511 , 347.379 , 184.785 , 211.503 , 211.052 , 258.493 , 202.268 , 132.805 , 230.395 , 292.343 , 154.025 , 255.333 , 344.91 , 286.886 , 160.475 , 246.825 , 171.709 , 166.6 , 373.52 , 217.712 , 278.498 , 201.845 , 216.726 , 232.819 , 136.912 , 177.724 , 245.516 , 293.599 , 261.748 , 239.69 , 151.069 , 189.777 , 309.277 , 250.78 , 186.216 , 236.495 , 202.109 , 203.134 , 186.911 , 188.346 , 211.639 , 211.322 , 219.153 , 227.557 , 210.508 , 298.403 , 258.44 , 195.375 , 240.302 , 177.373 , 156.619 , 135.913 , 225.383 , 225.288 , 178.235 , 193.661 , 201.817 , 191.014 , 169.965 , 255.985 , 287.748 , 207.732 , 225.89 , 175.588 , 215.09 , 143.415 , 239.145 , 177.2 , 231.287 , 236.047 , 225.537 , 180.468 , 168.082 , 239.211 , 234.058 , 207.007 , 246.293 , 164.994 , 182.889 , 243.997 , 191.691 , 260.738 , 240.309 , 172.535 , 276.685 , 165.655 , 198.756 , 199.168 , 197.834 , 243.58 , 215.235 , 249.115 , 241.277 , 185.402 , 181.133 , 226.608 , 291.362 , 189.159 , 332.626 , 220.309 , 167.662 , 241.899 , 237.719 , 148.572 , 392.148 , 240.271 , 160.725 , 346.31 , 290.913 , 233.879 , 169.172 , 219.02 , 257.662 , 170.443 , 238.456 , 178.074 , 312.434 , 308.564 , 124.723 , 170.713 , 288.377 , 247.815 , 215.217 , 490.189 , 244.18 , 183.594 , 274.454 , 302.488 , 166.329 , 206.892 , 156.511 , 166.316 , 219.669 , 244.519 , 277.917 , 201.128 , 231.26 , 265.939 , 293.418 , 257.93 , 235.705 , 204.841 , 172.955 , 263.546 , 198.573 , 205.187 , 209.271 , 228.873 , 247.543 , 179.591 , 186.501 , 231.432 , 136.963 , 192.565 , 200.625 , 216.698 , 313.163 , 333.086 , 319.009 , 227.655 , 342.635 , 220.449 , 227.427 , 341.834 , 226.887 , 226.18 , 335.979 , 168.659 , 309.201 , 153.013 , 187.996 , 186.49 , 261.166 , 156.364 , 166.288 , 196.944 , 165.496 , 257.335 , 296.54 , 236.858 , 206.427 , 212.86 , 179.161 , 197.196 , 216.718 , 140.719 , 206.454 , 212.33 , 276.989 , 272.217 , 235.633 , 213.083 , 247.413 , 241.197 , 196.289 , 239.03 , 215.143 , 205.897 , 262.142 , 159.585 , 300.389 , 143.053 , 305.761 , 218.693 , 220.487 , 294.654 , 310.076 , 238.239 , 248.997 , 161.464 , 182.686 , 208.991 , 147.343 , 254.253 , 187.9 , 169.477 , 266.716 , 183.964 , 326.719 , 244.896 , 170.566 , 302.39 , 244.878 , 282.545 , 167.435 , 266.992 , 220.242 , 350.999 , 267.201 , 206.9 , 252.82 , 183.017 , 203.23 , 230.826 , 246.503 , 266.162 , 400.502 , 242.404 , 190 , 264.617 , 224.91 , 204.518 , 319.344 , 208.922 , 221.128 , 199.329 , 149.718 , 213.295 , 184.078 , 179.203 , 186.711 , 401.184 , 255.992 , 210.71 , 267.234 , 168.604 , 242.586 , 285.699 , 339.14 , 268.177 , 212.617 , 204.185 , 270.432 , 133.003 , 155.035 , 390.551 , 222.748 , 307.632 , 133.165 , 284.524 , 186.427 , 257.546 , 151.332 , 222.489 , 216.2 , 310.893 , 364.3 , 308.983 , 139.926 , 153.315 , 298.037 , 199.768 , 178.144 , 134.46 , 256.383 , 210.068 , 186.228 , 217.441 , 223.662 , 236.689 , 167.175 , 150.519 , 300.948 , 200.496 , 231.535 , 232.416 , 419.171 , 215.585 , 182.503 , 186.854 , 291.653 , 259.09 , 213.433 , 207.658 , 233.369 , 165.527 , 254.119 , 238.498 , 263.809 , 352.459 , 288.563 , 314.348 , 177.611 , 186.646 , 266.817 , 218.758 , 257.275 , 145.078 , 167.081 , 310.867 , 259.666 , 218.117 , 337.025 , 156.538 , 263.222 , 191.762 , 183.75 , 263.327 , 194.909 , 260.66 , 246.558 , 294.002 , 310.733 , 286.743 , 269.478 , 159.307 , 283.806 , 211.895 , 198.932 , 117.793 , 233.818 , 199.532 , 226.512 , 360.168 , 190.063 , 326.894 , 222.27 , 206.575 , 239.656 , 160.94 , 328.086 , 240.449 , 149.287 , 259.534 , 204.528 , 319.144 , 314.369 , 249.236 , 227.189 , 214.152 , 165.855 , 318.629 , 310.521 , 198.573 , 364.677 , 203.431 , 215.359 , 261.607 , 434.98 , 214.273 , 281.737 , 302.636 , 191.548 , 192.499 , 311.631 , 341.46 , 304.278 , 174.802 , 217.344 , 244.226 , 187.094 , 206.378 , 333.075 , 333.142 , 222.616 , 245.152 , 166.468 , 183.144 , 290.876 , 225.323 , 104.105 , 175.595 , 236.157 , 327.243 , 173.923 , 226.419 , 202.942 , 274.253 , 378.589 , 204.411 , 250.573 , 418.852 , 236.478 , 168.827 , 190.088 , 221.496 , 168.237 , 188.628 , 193.153 , 303.166 , 205.212 , 326.596 , 211.449 , 203.447 , 183.051 , 200.898 , 158.491 , 208.731 , 258.022 , 344.403 , 207.365 , 276.091 , 158.433 , 146.492 , 265.412 , 261.84 , 224.725 , 272.176 , 253.824 , 264.489 , 289.101 , 266.033 , 270.745 , 220.149 , 299.4 , 162.789 , 345.405 , 206.955 , 223.207 , 236.09 , 355.699 , 340.23 , 157.578 , 228.799 , 267.909 , 155.72 , 218.79 , 264.464 , 248.181 , 323.668 , 203.262 , 166.286 , 232.904 , 188.364 , 215.723 , 280.972 , 204.078 , 118.724 , 365.619 , 245.007 , 243.819 , 166.48 , 207.965 , 222.166 , 243.87 , 206.246 , 226.686 , 247.706 , 192.449 , 315.453 , 240.099 , 267.15 , 229.869 , 181.909 , 230.299 , 267.237 , 156 , 217.741 , 364.8 , 151.138 , 179.921 , 193.522 , 193.661 , 225.508 , 326.633 , 353.163 , 227.613 , 340.657 , 186.844 , 184.445 , 178.547 , 286.595 , 263.872 , 195.978 , 325.511 , 195.703 , 161.53 , 110.483 , 333.699 , 345.923 , 208.786 , 225.803 , 172.062 , 244.618 , 251.554 , 172.153 , 384.658 , 313.319 , 220.541 , 221.546 , 228.755 , 251.676 , 200.84 , 100.531 , 178.818 , 194.637 , 294.991 , 303.176 , 245.256 , 242.57 , 223.28 , 168.136 , 256.463 , 174.201 , 195.329 , 243.556 , 248.672 , 194.933 , 174.669 , 294.869 , 209.107 , 195.573 , 322.535 , 199.702 , 284.604 , 276.807 , 254.2 , 188.236 , 272.35 , 176.426 , 179.514 , 268.132 , 224.672 , 209.8 , 399.475 , 236.773 , 198.914 , 272.618 , 300.815 , 173.968 , 271.577 , 357.355 , 297.288 , 184.724 , 162.765 , 298.662 , 314.189 , 162.128 , 192.423 , 193.869 , 201.475 , 221.081 , 254.213 , 225.258 , 284.667 , 302.69 , 317.665 , 128.617 , 218.1 , 267.418 , 295.862 , 273 , 179.407 , 250.915 , 253.313 , 160.021 , 414.211 , 217.69 , 265.86 , 194.826 , 290.197 , 312.806 , 204.421 , 229.787 , 440.6 , 212.955 , 212.282 , 206.871 , 125.826 , 142.233 , 409.47 , 336.249 , 299.13 , 158.932 , 144.957 , 290.999 , 165.989 , 225.391 , 240.122 , 271.689 , 348.672 , 223.455 , 236.447 , 282.841 , 215.908 , 302.325 , 233.939 , 168.63 , 248.112 , 187.743 , 195.575 , 259.12 , 235.486 , 268.959 , 171.626 , 183.849 , 177.644 , 275.803 , 302.469 , 278.303 , 156.904 , 208.565 , 281.201 , 215.341 , 271.806 , 191.714 , 188.119 , 295.149 , 311.692 , 146.396 , 224.021 , 156.643 , 244.03 , 253.959 , 285.031 , 389.04 , 225.673 , 328.988 , 289.367 , 236.823 , 280.007 , 276.557 , 311.779 , 320.671 , 385.978 , 346.483 , 230.276 , 313.128 , 145.672 , 287.761 , 193.124 , 214.865 , 229.169 , 195.637 , 257.219 , 199.061 , 196.164 , 247.457 , 162.75 , 350.821 , 356.993 , 278.243 , 277.067 , 281.099 , 211.895 , 370.411 , 271.25 , 271.46 , 253.742 , 216.627 , 113.505 , 204.839 , 184.393 , 340.202 , 174.061 , 217.338 , 274.372 , 