avg1=[271.473 , 221.636 , 216.798 , 212.399 , 252.345 , 221.236 , 187.727 , 224.887 , 292.556 , 249.31 , 364.221 , 280.503 , 203.301 , 270.136 , 211.255 , 194.752 , 190.001 , 291.672 , 206.456 , 227.986 , 155.384 , 133.605 , 235.11 , 288.381 , 272.858 , 261.125 , 241.448 , 190.325 , 285.12 , 169.1 , 307.024 , 288.213 , 325.235 , 272.692 , 222.924 , 182.685 , 95.4627 , 189.841 , 236.585 , 312.872 , 232.087 , 171.615 , 258.512 , 280.531 , 236.065 , 210.952 , 205.952 , 286.937 , 309.775 , 249.087 , 258.748 , 257.267 , 240.71 , 157.023 , 206.794 , 247.308 , 253.198 , 222.714 , 197.446 , 192.643 , 353.459 , 208.323 , 342.829 , 238.461 , 260.591 , 209.272 , 171.152 , 204.19 , 188.897 , 297.945 , 248.366 , 216.322 , 182.898 , 370.993 , 202.438 , 204.37 , 211.3 , 200.347 , 222.52 , 218.844 , 238.542 , 253.601 , 218.892 , 197.889 , 167.359 , 205.385 , 206.844 , 205.531 , 230.182 , 183.822 , 265.11 , 292.254 , 305.207 , 211.881 , 201.005 , 190.658 , 254.007 , 263.918 , 331.915 , 249.291 , 170.76 , 257.848 , 182.248 , 269.023 , 256.414 , 199.137 , 412.235 , 258.07 , 233.951 , 412.746 , 283.175 , 331.369 , 195.917 , 325.734 , 192.32 , 217.593 , 199.549 , 175.521 , 171.201 , 175.737 , 245.937 , 221.194 , 313.321 , 375.023 , 253.772 , 262.594 , 164.591 , 285.676 , 205.272 , 331.808 , 202.525 , 171.699 , 198.766 , 207.203 , 276.873 , 187.751 , 229.188 , 247.371 , 207.925 , 253.034 , 221.611 , 168.835 , 158.658 , 239.013 , 245.7 , 284.612 , 210.396 , 254.417 , 283.263 , 291.24 , 275.905 , 222.507 , 253.02 , 296.169 , 314.046 , 215.913 , 154.382 , 174.119 , 187.194 , 208.765 , 248.897 , 317.664 , 157.329 , 213.51 , 225.504 , 290.659 , 182.744 , 335.606 , 211.097 , 243.281 , 217.212 , 300.618 , 215.906 , 196.316 , 252.085 , 338.761 , 171.139 , 233.317 , 171.636 , 214.115 , 279.014 , 239.761 , 218.103 , 261.469 , 247.289 , 211.484 , 260.193 , 337.8 , 255.749 , 198.408 , 252.513 , 252.506 , 199.448 , 255.109 , 180.978 , 199.428 , 254.487 , 275.615 , 248.338 , 200.773 , 187.131 , 214.352 , 207.359 , 225.844 , 232.83 , 216.863 , 166.537 , 228.468 , 252.721 , 187.949 , 274.02 , 260.101 , 273.376 , 276.483 , 202.212 , 196.463 , 236.326 , 275.78 , 273.641 , 199.465 , 189.869 , 175.28 , 212.497 , 172.032 , 328.181 , 247.013 , 248.574 , 349.936 , 230.657 , 197.054 , 202.155 , 223.648 , 249.405 , 190.491 , 192.522 , 219.588 , 252.462 , 162.442 , 145.116 , 226.282 , 218.465 , 209.254 , 210.89 , 219.843 , 170.585 , 272.938 , 196.055 , 231.13 , 229.464 , 349.92 , 198.075 , 220.555 , 220.84 , 206.415 , 191.137 , 372.17 , 325.554 , 297.596 , 199.3 , 218.605 , 300.472 , 236.184 , 232.671 , 194.204 , 244.224 , 241.576 , 232.78 , 151.91 , 199.564 , 242.96 , 223.161 , 296.335 , 256.761 , 212.948 , 285.271 , 213.967 , 211.116 , 202.685 , 184.607 , 211.636 , 236.734 , 150.945 , 228.663 , 170.576 , 326.851 , 180.333 , 162.351 , 268.221 , 272.488 , 252.178 , 278.337 , 238.588 , 300.942 , 255.229 , 118.524 , 204.596 , 178.573 , 188.577 , 210.841 , 267.411 , 234.304 , 268.053 , 213.637 , 151.403 , 242.772 , 232.311 , 352.548 , 280.676 , 177.091 , 193.678 , 236.865 , 287.275 , 269.203 , 232.389 , 328.08 , 193.88 , 241.322 , 230.384 , 216.14 , 205.342 , 173.375 , 262.483 , 236.796 , 188.401 , 389.423 , 265.063 , 269.01 , 187.821 , 192.304 , 218.606 , 304.526 , 193.118 , 278.831 , 185.857 , 238.498 , 213.225 , 246.595 , 209.016 , 246.881 , 261.33 , 230.454 , 262.762 , 190.069 , 224.68 , 270.791 , 211.403 , 181.679 , 187.896 , 259.091 , 228.358 , 266.31 , 265.645 , 256.689 , 226.006 , 226.402 , 262.131 , 218.152 , 187.788 , 263.911 , 251.279 , 361.921 , 280.374 , 262.647 , 277.39 , 299.402 , 200.007 , 271.847 , 229.095 , 238.207 , 311.708 , 232.248 , 228.046 , 219.565 , 275.202 , 179.299 , 203.871 , 262.956 , 264.742 , 252.44 , 230.439 , 235 , 237.143 , 196.982 , 330.691 , 255.696 , 243.641 , 292.492 , 285.157 , 243.657 , 205.547 , 210.234 , 229.9 , 246.265 , 189.099 , 178.379 , 252.734 , 226.688 , 185.806 , 305.998 , 188.65 , 225.443 , 151.028 , 327.213 , 211.939 , 225.062 , 209.244 , 233.017 , 303.784 , 213.664 , 311.82 , 181.632 , 143.202 , 227.009 , 261.097 , 212.758 , 228.625 , 259.885 , 257.84 , 222.823 , 273.093 , 207.275 , 210.021 , 215.381 , 273.759 , 230.116 , 209.489 , 293.956 , 190.746 , 190.609 , 187.751 , 199.329 , 219.868 , 209.77 , 231.021 , 201.785 , 271.653 , 210.614 , 201.578 , 352.08 , 464.994 , 200.68 , 183.991 , 297.803 , 182.249 , 341.52 , 251.323 , 227.184 , 202.979 , 223.479 , 198.306 , 170.96 , 135.473 , 330.471 , 137.052 , 197.815 , 253.381 , 253.398 , 214.898 , 232.082 , 264.232 , 227.852 , 230.072 , 171.798 , 370.68 , 213.953 , 237.446 , 339.619 , 184.188 , 261.781 , 389.74 , 250.605 , 205.428 , 237.221 , 208.134 , 288.875 , 221.55 , 238.457 , 254.172 , 213.275 , 190.062 , 149.793 , 174.079 , 194.145 , 192.964 , 232.07 , 180.196 , 215.391 , 195.96 , 189.292 , 232.192 , 260.578 , 366.409 , 235.294 , 235.955 , 439.327 , 252.603 , 244.688 , 198.436 , 269.263 , 220.729 , 274.943 , 235.079 , 239.532 , 263.38 , 164.159 , 244.945 , 199.653 , 319.716 , 340.477 , 228.768 , 176.968 , 301.52 , 279.088 , 283.546 , 217.514 , 258.508 , 200.825 , 280.619 , 181.689 , 328.223 , 186.38 , 235.406 , 216.467 , 253.213 , 167.973 , 226.959 , 272.941 , 264.301 , 232.259 , 241.578 , 227.167 , 261.421 , 261.207 , 223.159 , 271.469 , 165.389 , 220.287 , 261.861 , 270.675 , 290.961 , 261.291 , 224.145 , 310.129 , 393.892 , 162.082 , 302.184 , 223.682 , 225.281 , 281.319 , 209.151 , 175.188 , 211.848 , 180.62 , 226.235 , 225.995 , 256.243 , 199.893 , 260.91 , 261.922 , 197.56 , 217.568 , 325.279 , 209.404 , 130.825 , 209.11 , 230.061 , 226.782 , 203.02 , 224.235 , 191.943 , 237.733 , 294.403 , 214.145 , 273.229 , 227.194 , 131.565 , 240.549 , 257.586 , 239.988 , 229.221 , 212.046 , 186.816 , 198.585 , 154.693 , 226.543 , 236.306 , 221.32 , 186.15 , 352.149 , 219.933 , 187.889 , 158.731 , 242.583 , 274.877 , 161.832 , 305.241 , 175.52 , 180.132 , 206.16 , 261.889 , 157.187 , 281.847 , 335.656 , 248.798 , 306.832 , 277.999 , 262.925 , 274.288 , 202.875 , 203.081 , 205.938 , 296.681 , 213.962 , 223.442 , 258.258 , 287.617 , 306.191 , 264.42 , 355.592 , 251.654 , 242.769 , 261.99 , 227.244 , 191.262 , 311.041 , 268.981 , 164.459 , 281.074 , 287.71 , 313.24 , 208.829 , 196.037 , 196.17 , 239.261 , 251.267 , 342.487 , 294.027 , 281.106 , 213.665 , 245.557 , 223.782 , 236.236 , 217.97 , 330.732 , 227.871 , 295.872 , 249.015 , 179.207 , 229.565 , 254.873 , 205.025 , 263.53 , 187.337 , 219.945 , 215.056 , 217.712 , 285.164 , 280.073 , 191.061 , 262.815 , 251.234 , 254.273 , 203.824 , 328.818 , 206.985 , 257.919 , 265.072 , 175.597 , 285.953 , 216.267 , 182.76 , 238.857 , 175.701 , 360.876 , 218.414 , 227.539 , 254.324 , 205.469 , 307.916 , 202.758 , 211.078 , 298.631 , 218.181 , 279.093 , 197.978 , 191.175 , 290.459 , 216.024 , 243.952 , 199.155 , 254.535 , 173.546 , 238.276 , 199.577 , 132.141 , 330.67 , 320.464 , 182.333 , 184.174 , 243.271 , 187.583 , 213.239 , 256.423 , 184.4 , 177.321 , 212.12 , 317.842 , 211.334 , 245.887 , 137.592 , 234.673 , 190.074 , 269.197 , 187.726 , 247.091 , 208.309 , 190.343 , 255.859 , 204.458 , 207.213 , 215.777 , 377.502 , 199.146 , 193.335 , 289.468 , 230.655 , 327.612 , 230.785 , 225.172 , 230.634 , 167.352 , 337.725 , 207.743 , 134.616 , 211.623 , 223.017 , 189.806 , 241.28 , 203.167 , 306.258 , 195.594 , 160.573 , 258.13 , 229.614 , 215.925 , 305.593 , 352.577 , 173.097 , 160.706 , 219.092 , 228.771 , 240.376 , 272.022 , 181.545 , 257.724 , 206.598 , 259.719 , 202.308 , 221.911 , 204.603 , 308.595 , 281.093 , 175.943 , 221.911 , 205.056 , 368.623 , 201.15 , 277.061 , 174.336 , 202.092 , 311.226 , 224.092 , 255.819 , 256.081 , 247.375 , 242.829 , 188.755 , 181.408 , 228.504 , 240.204 , 179.623 , 240.331 , 204.678 , 236.753 , 239.674 , 184.401 , 237.51 , 263.543 , 201.553 , 350.205 , 267.482 , 170.561 , 222.375 , 272.139 , 168.153 , 255.189 , 288.155 , 226.287 , 252.214 , 251.195 , 276.197 , 212.681 , 166.863 , 150.478 , 236.375 , 228.686 , 203.277 , 195.509 , 