avg1=[202.461 , 228.164 , 293.783 , 191.944 , 222.401 , 190.864 , 283.784 , 185.449 , 163.705 , 190.662 , 288.129 , 272.246 , 163.424 , 308.319 , 232.057 , 168.956 , 262.929 , 253.493 , 213.646 , 172.604 , 245.363 , 193.972 , 191.495 , 270.912 , 268.764 , 238.475 , 247.95 , 170.48 , 242.589 , 144.404 , 192.852 , 227.886 , 271.362 , 263.247 , 227.429 , 264.004 , 231.901 , 252.435 , 224.294 , 208.84 , 280.119 , 163.289 , 262.408 , 219.338 , 207.829 , 248.817 , 209.342 , 183.214 , 245.451 , 201.122 , 211.324 , 259.113 , 195.673 , 211.131 , 265.202 , 236.155 , 386.045 , 227.518 , 231.745 , 238.853 , 303.706 , 229.121 , 283.922 , 236.382 , 202.422 , 220.203 , 218.605 , 231.594 , 226.727 , 222.541 , 211.822 , 257.797 , 234.082 , 266.593 , 282.841 , 250.331 , 253.421 , 208.538 , 221.763 , 141.184 , 338.166 , 207.448 , 273.543 , 226.629 , 259.615 , 264.973 , 224.301 , 249.755 , 238.493 , 271.9 , 249.194 , 182.565 , 240.431 , 246.941 , 171.013 , 228.446 , 242.524 , 215.308 , 249.708 , 208.382 , 287.376 , 229.592 , 257.107 , 195.014 , 208.595 , 174.852 , 382.887 , 271.641 , 201.388 , 277.058 , 201.044 , 277.876 , 233.945 , 307.505 , 201.548 , 225.396 , 167.805 , 149.013 , 224.642 , 243.601 , 245.358 , 286.884 , 240.782 , 250.98 , 222.251 , 218.018 , 237.964 , 204.193 , 220.191 , 193.225 , 216.651 , 137.218 , 251.575 , 309.331 , 277.452 , 301.539 , 223.073 , 274.94 , 376.634 , 263.643 , 297.292 , 285.133 , 281.839 , 293.179 , 239.424 , 187.77 , 154.398 , 197.694 , 233.197 , 242.166 , 241.286 , 272.346 , 292.28 , 231.003 , 304.492 , 230.516 , 304.425 , 198.127 , 215.802 , 233.575 , 137.308 , 243.837 , 179.38 , 210.302 , 283.929 , 284.025 , 224.421 , 213.445 , 238.304 , 203.02 , 217.628 , 287.981 , 257.623 , 254.99 , 246.066 , 283.052 , 225.583 , 261.087 , 243.918 , 295.03 , 239.516 , 252.365 , 258.046 , 203.417 , 262.894 , 246.002 , 240.835 , 212.011 , 218.806 , 173.296 , 255.686 , 269.638 , 240.229 , 289.211 , 222.417 , 281.298 , 240.713 , 184.647 , 234.44 , 335.453 , 260.42 , 229.753 , 262.926 , 226.325 , 182.3 , 211.904 , 223.066 , 287.189 , 174.482 , 202 , 343.424 , 182.709 , 217.6 , 219.501 , 245.065 , 263.669 , 237.531 , 318.722 , 188.466 , 254.572 , 182.297 , 253.278 , 231.94 , 152.754 , 242.858 , 268.277 , 219.026 , 153.072 , 208.366 , 178.964 , 296.897 , 249.333 , 221.011 , 240.189 , 263.064 , 228.648 , 183.878 , 173.87 , 167.289 , 388.607 , 278.427 , 245.553 , 256.201 , 235.629 , 309.516 , 207.058 , 208.517 , 184.086 , 209.914 , 292.915 , 222.633 , 277.07 , 179.811 , 241.92 , 299.062 , 220.489 , 442.983 , 187.998 , 212.515 , 203.982 , 214.026 , 255.406 , 185.065 , 249.552 , 250.365 , 308.324 , 274.866 , 209.101 , 229.731 , 247.125 , 180.193 , 225.276 , 269.613 , 182.789 , 353.141 , 201.737 , 173.656 , 174.883 , 214.663 , 245.72 , 184.301 , 242.475 , 200.713 , 258.255 , 248.838 , 283.303 , 253.056 , 180.751 , 254.349 , 195.253 , 177.156 , 192.577 , 169.662 , 209.738 , 346.437 , 269.591 , 188.385 , 204.818 , 157.366 , 177.421 , 232.292 , 311.69 , 170.317 , 181.88 , 213.205 , 201.207 , 238.971 , 234.892 , 240.662 , 308.309 , 237.264 , 199.967 , 226.231 , 235.296 , 247.787 , 175.986 , 234.832 , 142.939 , 252.333 , 253.305 , 182.278 , 269.301 , 293.776 , 322.78 , 215.907 , 222.718 , 264.9 , 189.101 , 174.016 , 208.724 , 230.915 , 203.283 , 205.284 , 183.023 , 261.317 , 193.808 , 240.834 , 214.595 , 263.322 , 194.033 , 176.312 , 219.789 , 198.162 , 221.348 , 196.96 , 249.28 , 231.05 , 271.149 , 263.884 , 239.779 , 285.425 , 256.482 , 203.004 , 205.082 , 239.621 , 329.94 , 229.389 , 239.527 , 201.962 , 281.852 , 227.046 , 274.312 , 257.357 , 239.485 , 258.783 , 330.079 , 301.24 , 223.466 , 263.13 , 258.922 , 185.758 , 259.742 , 209.451 , 185.463 , 245.405 , 246.964 , 272.847 , 180.293 , 169.626 , 339.811 , 227.531 , 300.818 , 170.682 , 327.183 , 281.689 , 218.932 , 252.995 , 192.245 , 186.416 , 271.921 , 248.741 , 184.929 , 219.601 , 144.999 , 192.403 , 213.194 , 269.476 , 214.455 , 240.155 , 189.742 , 348.672 , 243.608 , 224.235 , 213.964 , 292.461 , 210.587 , 275.433 , 234.332 , 193.257 , 283.479 , 167.335 , 186.628 , 189.774 , 176.425 , 280.477 , 195.403 , 346.396 , 230.225 , 261.827 , 359.001 , 244.772 , 206.847 , 208.489 , 181.196 , 286.296 , 180.146 , 291.888 , 211.605 , 247.716 , 224.715 , 311.959 , 233.836 , 319.075 , 217.366 , 260.764 , 225.256 , 246.042 , 257.257 , 283.378 , 311.043 , 255.823 , 277.216 , 320.246 , 183.471 , 222.277 , 210.827 , 236.592 , 201.559 , 321.407 , 205.133 , 231.532 , 236.776 , 268.647 , 162.045 , 272.381 , 230.428 , 199.526 , 219.701 , 245.587 , 236.34 , 197.787 , 167.65 , 175.309 , 261.46 , 243.288 , 329.774 , 247.236 , 154.401 , 186.295 , 301.707 , 233.486 , 287.69 , 337.284 , 295.578 , 262.829 , 199.453 , 284.949 , 281.102 , 245.272 , 208.403 , 252.334 , 190.553 , 309.909 , 222.193 , 212.562 , 208.729 , 206.212 , 189.827 , 278.807 , 295.094 , 202.116 , 193.065 , 169.718 , 152.09 , 208.681 , 295.446 , 217.169 , 196.828 , 249.24 , 233.393 , 175.002 , 199.272 , 182.592 , 291.546 , 250.556 , 234.983 , 269.086 , 287.691 , 234.247 , 233.957 , 198.663 , 243.877 , 262.403 , 245.695 , 261.747 , 268.226 , 327.154 , 267.114 , 179.336 , 226.139 , 233.332 , 239.35 , 264.952 , 226.744 , 240.1 , 277.449 , 280.779 , 251.788 , 226.143 , 276.197 , 223.381 , 160.468 , 322.534 , 227.321 , 292.042 , 174.514 , 328.331 , 303.116 , 274.832 , 190.357 , 244.643 , 295.498 , 287.127 , 269.738 , 212.361 , 276.189 , 134.542 , 156.784 , 302.413 , 221.858 , 210.677 , 241.577 , 286.541 , 209.031 , 306.228 , 311.558 , 267.45 , 223.422 , 221.85 , 179.328 , 258.876 , 205.6 , 207.483 , 243.687 , 225.366 , 221.27 , 295.003 , 251.801 , 272.813 , 243.063 , 174.227 , 251.995 , 205.65 , 369.935 , 224.389 , 263.916 , 197.347 , 230.025 , 251.169 , 152.56 , 240.344 , 207.591 , 184.868 , 156.499 , 245.673 , 205.344 , 190.578 , 224.347 , 269.167 , 234.728 , 256.461 , 181.848 , 202.33 , 213.55 , 207.497 , 190.654 , 191.553 , 156.288 , 259.841 , 164.778 , 193.892 , 226.354 , 274.262 , 227.82 , 252.669 , 190.918 , 226.961 , 199.403 , 190.802 , 205.139 , 263.261 , 177.335 , 198.106 , 262.204 , 294.955 , 198.486 , 205.292 , 196.167 , 218.995 , 231.538 , 314.33 , 244.86 , 215.341 , 250.233 , 329.692 , 232.013 , 220.642 , 263.021 , 268.217 , 300.506 , 191.055 , 264.488 , 275.942 , 164.288 , 258.421 , 188.317 , 267.949 , 160.63 , 330.845 , 259.44 , 239.014 , 230.146 , 219.705 , 254.838 , 264.213 , 238.809 , 273.833 , 204.773 , 179.552 , 258.057 , 140.536 , 229.567 , 234.667 , 206.099 , 281.108 , 241.795 , 178.338 , 276.28 , 169.235 , 170.982 , 278.701 , 244.213 , 188.846 , 236.919 , 169.461 , 217.037 , 173.036 , 290.088 , 233.159 , 180.999 , 199.876 , 234.659 , 214.938 , 207.283 , 213.565 , 220.374 , 153.302 , 182.432 , 359.605 , 334.137 , 205.949 , 174.003 , 239.61 , 158.974 , 245.303 , 184.011 , 253.785 , 240.677 , 275.744 , 250.543 , 244.342 , 254.231 , 230.521 , 182.593 , 168.609 , 198.074 , 225.381 , 295.496 , 160.239 , 272.979 , 288.336 , 229.106 , 293.498 , 207.071 , 212.744 , 271.906 , 212.249 , 143.964 , 211.783 , 287.434 , 380.807 , 233.804 , 242.728 , 195.615 , 216.46 , 241.832 , 276.627 , 240.488 , 238.689 , 203.064 , 193.677 , 189.105 , 172.45 , 242.31 , 218.505 , 189.047 , 295.831 , 153.27 , 227.433 , 175.45 , 214.597 , 256.238 , 244.436 , 199.105 , 253.213 , 161.2 , 201.339 , 234.095 , 184.621 , 303.37 , 219.663 , 274.013 , 210.284 , 204.06 , 157.277 , 220.625 , 216.207 , 190.189 , 268.867 , 203.461 , 229.747 , 210.74 , 290.122 , 201.682 , 186.911 , 294.717 , 254.939 , 254.718 , 255.162 , 141.823 , 197.415 , 224.199 , 214.077 , 223.764 , 231.935 , 217.712 , 184.034 , 214.856 , 244.045 , 253.556 , 182.379 , 280.383 , 258.721 , 229.116 , 164.748 , 272.874 , 219.161 , 153.984 , 197.874 , 243.997 , 205.172 , 236.729 , 225.769 , 231.972 , 315.043 , 164.627 , 204.19 , 259.446 , 220.738 , 254.338 , 231.402 , 251.575 , 212.183 , 200.145 , 239.664 , 213.536 , 247.375 , 349.074 , 272.503 , 206.507 , 231.811 , 176.222 , 190.775 , 228.281 , 238.051 , 168.076 , 227.334 ,