avg1=[251.794 , 275.19 , 173.681 , 169.72 , 243.015 , 194.905 , 201.998 , 253.101 , 284.967 , 290.482 , 141.059 , 292.449 , 273.361 , 167.873 , 215.324 , 153.187 , 258.738 , 225.67 , 203.272 , 179.303 , 258.453 , 234.798 , 210.985 , 256.976 , 274.876 , 220.937 , 243.188 , 284.037 , 245.673 , 163.381 , 210.961 , 260.162 , 276.331 , 232.919 , 229.507 , 293.321 , 197.27 , 215.911 , 256.841 , 350.954 , 213.538 , 192.369 , 231.766 , 251.127 , 259.557 , 216.399 , 211.719 , 190.169 , 319.991 , 264.189 , 196.251 , 216.695 , 205.97 , 214.828 , 187.724 , 255.539 , 239.406 , 250.494 , 216.751 , 188.417 , 212.496 , 218.916 , 294.786 , 226.584 , 268.809 , 243.481 , 322.953 , 226.457 , 242.928 , 250.143 , 248.33 , 198.349 , 248.875 , 197.566 , 243.208 , 294.916 , 292.954 , 342.954 , 253.82 , 260.793 , 245.69 , 314.599 , 167.933 , 226.214 , 264.12 , 232.088 , 308.562 , 193.859 , 225.825 , 241.412 , 296.51 , 317.02 , 279.608 , 246.626 , 181.316 , 273.72 , 207.052 , 308.096 , 207.469 , 179.348 , 207.411 , 280.102 , 215.091 , 288.473 , 272.01 , 241.464 , 338.549 , 256.074 , 201.383 , 264.575 , 254.713 , 330.817 , 149.992 , 302.16 , 217.371 , 222.085 , 272.091 , 195.554 , 200.588 , 289.184 , 261.017 , 237.352 , 204.837 , 226.126 , 190.82 , 220.183 , 222.174 , 297.377 , 289.469 , 244.82 , 269.228 , 177.505 , 225.393 , 190.906 , 236.868 , 214.341 , 269.414 , 309.945 , 198.036 , 268.013 , 202.373 , 234.028 , 261.797 , 227.575 , 257.55 , 202.688 , 296.34 , 236.944 , 269.407 , 291.883 , 227.886 , 282.964 , 260.041 , 201.087 , 306.725 , 280.377 , 333.654 , 150.569 , 160.943 , 226.713 , 213.006 , 260.565 , 155.422 , 230.92 , 354.577 , 207.895 , 204.07 , 266.742 , 265.603 , 189.2 , 223.229 , 186.095 , 270.402 , 308.229 , 197.273 , 149.754 , 203.32 , 221.223 , 174.642 , 319.197 , 214.764 , 328.385 , 211.364 , 169.796 , 229.845 , 159.354 , 287.284 , 254.95 , 193.555 , 205.161 , 267.729 , 262.348 , 358.36 , 306.282 , 166.227 , 201.438 , 213.05 , 182.434 , 220.317 , 230.208 , 189.908 , 240.76 , 250.464 , 246.121 , 176.792 , 208.13 , 298.734 , 237.489 , 179.098 , 190.095 , 248.882 , 202.121 , 301.243 , 237.839 , 258.655 , 254.304 , 312.982 , 292.014 , 190.051 , 203.225 , 234.511 , 201.891 , 253.499 , 235.893 , 183.744 , 272.286 , 260.401 , 243.177 , 187.608 , 185.556 , 300.482 , 256.667 , 237.045 , 239.782 , 185.618 , 177.168 , 205.4 , 260.081 , 167.485 , 185.777 , 272.101 , 218.883 , 217.382 , 276.96 , 225.937 , 203.649 , 190.384 , 196.056 , 231.249 , 254.369 , 191.75 , 211.968 , 215.596 , 197.106 , 203.354 , 201.463 , 339.558 , 229.229 , 239.217 , 195.07 , 226.056 , 209.368 , 246.146 , 280.059 , 256.939 , 296.024 , 311.436 , 178.083 , 253.9 , 249.261 , 220.84 , 210.774 , 162.105 , 226.145 , 286.166 , 242.947 , 170.323 , 218.107 , 251.088 , 255.256 , 287.05 , 186.995 , 250.808 , 241.681 , 318.956 , 178.966 , 208.843 , 240.503 , 170.711 , 209.503 , 163.014 , 249.741 , 236.404 , 287.364 , 179.282 , 328.63 , 152.826 , 194.594 , 262.703 , 155.102 , 216.13 , 255.369 , 190.722 , 164.343 , 194.592 , 253.205 , 306.416 , 225.562 , 274.972 , 221.178 , 266.443 , 296.38 , 183.049 , 211.406 , 226.109 , 192.047 , 195.826 , 220.806 , 236.518 , 209.992 , 204.245 , 321.098 , 305.491 , 201.17 , 308.422 , 245.955 , 214.406 , 252.341 , 253.562 , 269.158 , 132.063 , 201.545 , 234.586 , 150.155 , 187.174 , 163.819 , 284.079 , 186.176 , 218.515 , 175.505 , 188.278 , 284.131 , 277.28 , 311.215 , 144.074 , 182.487 , 228.963 , 237.469 , 309.594 , 191.372 , 338.215 , 185.971 , 237.55 , 233.281 , 268.306 , 217.859 , 197.996 , 228.182 , 363.925 , 252.94 , 242.326 , 233.387 , 266.434 , 290.61 , 261.827 , 254.149 , 211.734 , 254.221 , 214.619 , 176.396 , 204.38 , 246.395 , 215.196 , 153.185 , 189.187 , 206.281 , 210.714 , 173.825 , 200.547 , 214.559 , 241.822 , 208.031 , 206.125 , 229.426 , 350.59 , 190.196 , 281.647 , 284.686 , 204.92 , 238.74 , 200.839 , 190.526 , 260.478 , 224.147 , 204.252 , 163.238 , 164.853 , 178.223 , 268.348 , 246.622 , 260.734 , 192.308 , 278.332 , 275.369 , 281.706 , 290.181 , 213.61 , 281.848 , 186.227 , 335.605 , 205.751 , 214.227 , 183.119 , 220.83 , 259.7 , 211.585 , 270.369 , 219.248 , 188.064 , 169.514 , 198.005 , 257.372 , 188.011 , 206.819 , 233.895 , 313.974 , 167.013 , 193.262 , 176.71 , 245.957 , 280.707 , 274.747 , 337.865 , 245.726 , 204.156 , 210.606 , 259.599 , 199.717 , 212.695 , 274.969 , 226.641 , 293.021 , 307.259 , 217.174 , 214.122 , 237.421 , 240.039 , 219.007 , 263.034 , 191.247 , 149.204 , 289.885 , 323.282 , 152.349 , 243.204 , 211.774 , 205.704 , 222.781 , 225.154 , 277.48 , 162.405 , 190.117 , 191.02 , 239.719 , 279.848 , 212.272 , 283.214 , 257.251 , 209.011 , 366.861 , 220.802 , 146.384 , 289.49 , 200.662 , 227.131 , 230.82 , 172.456 , 261.366 , 297.716 , 226.076 , 262.537 , 258.44 , 212.85 , 249.731 , 177.106 , 277.91 , 258.408 , 225.4 , 184.786 , 310.276 , 172.157 , 258.782 , 255.066 , 233.776 , 286.599 , 317.368 , 153.616 , 206.514 , 278.454 , 276.98 , 291.19 , 201.914 , 203.651 , 220.776 , 211.948 , 207.173 , 202.023 , 374.908 , 170.292 , 381.919 , 277.928 , 218.887 , 291.361 , 284.569 , 202.324 , 271.391 , 216.937 , 208.489 , 200.842 , 232.894 , 243.851 , 218.872 , 257.378 , 270.598 , 232.838 , 195.486 , 243.976 , 180.893 , 190.344 , 254.036 , 204.255 , 234.159 , 208.071 , 238.379 , 280.299 , 253.518 , 264.871 , 264.886 , 268.67 , 238.152 , 234.575 , 272.142 , 298.767 , 261.012 , 178.367 , 305.95 , 162.802 , 184.006 , 264.278 , 170.888 , 269.639 , 247.65 , 270.428 , 313.49 , 228.958 , 208.76 , 231.086 , 240.175 , 217.575 , 257.13 , 222.378 , 193.588 , 233.827 , 194.843 , 220.672 , 262.678 , 254.419 , 200.281 , 199.216 , 252.552 , 233.731 , 244.012 , 188.117 , 263.171 , 222.111 , 192.443 , 250.553 , 266.453 , 230.368 , 175.996 , 346.59 , 162.352 , 288.473 , 183.401 , 279.735 , 151.855 , 269.764 , 299.401 , 259.441 , 208.206 , 282.364 , 201.996 , 227.176 , 183.626 , 266.193 , 220.557 , 258.654 , 219.456 , 179.094 , 237.429 , 242.446 , 222.185 , 309.13 , 365.304 , 220.914 , 283.901 , 220.243 , 218.735 , 182.998 , 194.848 , 242.538 , 258.921 , 167.869 , 235.375 , 198.078 , 276.607 , 242.227 , 235.459 , 328.048 , 152.062 , 353.222 , 285.634 , 248.968 , 254.441 , 221.989 , 198.512 , 302.748 , 273.019 , 299.135 , 305.043 , 270.031 , 265.986 , 229.431 , 182.403 , 293.577 , 180.981 , 234.532 , 245.098 , 172.871 , 315.829 , 182.433 , 253.641 , 179.522 , 219.034 , 171.049 , 213.968 , 216.307 , 164.852 , 213.88 , 227.923 , 186.496 , 277.91 , 267.098 , 211.496 , 234.183 , 246.865 , 276.023 , 205.009 , 172.312 , 193.043 , 183.207 , 220.188 , 179.353 , 265.431 , 188.418 , 183.949 , 323.423 , 212.751 , 207.621 , 261.271 , 270.804 , 265.771 , 239.36 , 221.568 , 241.557 , 297.645 , 233.904 , 198.299 , 431.998 , 267.231 , 204.404 , 207.993 , 256.891 , 239.721 , 250.634 , 207.233 , 265.752 , 243.701 , 191.779 , 249.989 , 229.084 , 230.239 , 182.457 , 228.188 , 188.293 , 130.552 , 245.949 , 209.844 , 182.211 , 163.313 , 214.337 , 158.987 , 301.91 , 206.362 , 207.582 , 289.092 , 188.564 , 239.733 , 207.276 , 261.868 , 235.131 , 209.857 , 277.584 , 163.991 , 303.536 , 271.094 , 187.138 , 273.075 , 231.075 , 252.437 , 194.891 , 165.629 , 192.454 , 218.866 , 269.49 , 202.509 , 248.133 , 184.915 , 255.521 , 306.806 , 306.127 , 246.887 , 248.138 , 199.081 , 245.915 , 204.599 , 289.265 , 257.904 , 170.456 , 295.119 , 258.864 , 212.791 , 186.916 , 237.875 , 218.976 , 269.301 , 212.708 , 302.102 , 200.845 , 279.704 , 234.158 , 285.779 , 277.879 , 259.507 , 198.287 , 304.269 , 255.218 , 223.438 , 250.003 , 219.275 , 302.779 , 353.297 , 203.089 , 252.988 , 176.337 , 300.373 , 235.811 , 239.244 , 320.332 , 234.017 , 275.968 , 275.861 , 360.057 , 183.446 , 160.862 , 224.863 , 278.767 , 228.04 , 216.682 , 360.72 , 152.854 , 223.135 , 211.219 , 257.725 , 253.264 , 211.259 , 181.397 , 254.453 , 227.477 , 204.111 , 185.649 , 263.76 , 171.946 , 241.025 , 258.108 , 213.534 , 185.18 , 248.867 , 216.303 , 180.473 , 274.3 , 208.841 , 216.256 , 256.13 , 185.094 , 241.056 , 270.117 , 273.055 ,