avg1=[207.446 , 183.343 , 240.252 , 295.978 , 304 , 227.642 , 235.616 , 202.998 , 199.998 , 191.977 , 199.485 , 224.377 , 212.243 , 245.892 , 124.484 , 146.77 , 282.612 , 345.762 , 234.913 , 163.89 , 287.97 , 214.158 , 154.144 , 186.885 , 178.157 , 332.434 , 163.768 , 283.854 , 171.555 , 196.927 , 166.371 , 208.586 , 266.737 , 242.42 , 401.179 , 217.443 , 293.314 , 209.386 , 151.978 , 331.536 , 343.008 , 278.81 , 245.039 , 213.63 , 119.528 , 190.812 , 135.973 , 307.73 , 166.502 , 140.896 , 299.641 , 87.987 , 268.843 , 249.444 , 191.247 , 420.723 , 203.478 , 362.648 , 152.826 , 133.66 , 203.905 , 210.358 , 216.285 , 259.201 , 173.641 , 190.827 , 262.125 , 397.708 , 131.553 , 242.827 , 111.043 , 404.95 , 212.899 , 193.896 , 176.604 , 258.437 , 195.821 , 276.996 , 155.606 , 196.443 , 415.686 , 255.061 , 203.682 , 105.282 , 434.164 , 240.89 , 203.693 , 219.431 , 244.504 , 266.014 , 251.034 , 443.993 , 280.846 , 315.558 , 202.703 , 250.077 , 259.396 , 238.525 , 203.158 , 219.556 , 190.685 , 183.721 , 291.906 , 210.549 , 343.721 , 208.663 , 202.838 , 183.953 , 214.089 , 218.082 , 150.434 , 329.064 , 322.89 , 218.725 , 173.373 , 219.801 , 155.391 , 208.546 , 126.035 , 229.255 , 215.286 , 218.418 , 155.184 , 221.662 , 139.538 , 298.113 , 328.875 , 132.865 , 216.032 , 105.769 , 162.723 , 143.488 , 265.392 , 228.882 , 362.623 , 329.663 , 164.218 , 213.187 , 279.416 , 202.763 , 143.889 , 253.871 , 99.1237 , 139.904 , 395.656 , 245.702 , 204.54 , 164.834 , 225.348 , 171.449 , 161.927 , 353.088 , 373.635 , 196.716 , 157.298 , 203.998 , 172.153 , 214.726 , 169.933 , 206.699 , 298.023 , 186.387 , 139.354 , 220.516 , 79.0713 , 121.067 , 228.198 , 198.524 , 236.274 , 155.787 , 133.42 , 290.93 , 199.029 , 207.796 , 115.878 , 205.97 , 145.498 , 262.422 , 91.54 , 271.649 , 253.737 , 178.721 , 210.18 , 234.092 , 157.995 , 401.632 , 125.006 , 254.528 , 164.69 , 226.216 , 203.559 , 138.348 , 356.665 , 148.14 , 314.879 , 230.792 , 288.131 , 151.993 , 231.281 , 256.225 , 205.929 , 245.666 , 193.545 , 220.646 , 320 , 226.342 , 156.523 , 198.575 , 177.362 , 268.734 , 205.834 , 157.648 , 181.27 , 198.609 , 282.152 , 132.582 , 176.519 , 312.181 , 304.454 , 181.331 , 355.01 , 279.12 , 182.147 , 364.948 , 194.838 , 357.511 , 228.697 , 239.383 , 251.862 , 131.11 , 189.522 , 243.572 , 185.246 , 153.354 , 212.967 , 280.333 , 439.895 , 215.043 , 192.511 , 148.05 , 406.766 , 333.509 , 394.918 , 240.262 , 181.894 , 312.478 , 270.884 , 246.961 , 227.834 , 237.803 , 287.363 , 220.288 , 186.921 , 203.425 , 171.272 , 326.063 , 359.877 , 174.052 , 226.793 , 291.653 , 218.83 , 639.163 , 214.957 , 129.562 , 259.198 , 251.375 , 228.471 , 452.87 , 362.485 , 128.585 , 188.582 , 313.719 , 221.145 , 190.23 , 227.618 , 385.834 , 162.296 , 197.281 , 230.294 , 284.422 , 260.959 , 187.96 , 156.155 , 195.07 , 199.115 , 132.86 , 169.623 , 171.253 , 212.485 , 215.71 , 235.089 , 204.027 , 183.106 , 207.306 , 158.46 , 221.865 , 265.83 , 67.565 , 158.38 , 165.784 , 125.486 , 91.4213 , 399.65 , 206.243 , 246.876 , 237.657 , 210.617 , 199.245 , 222.245 , 279.898 , 176.948 , 214.194 , 123.451 , 144.778 , 235.568 , 200.53 , 220.3 , 217.374 , 276.412 , 169.126 , 237.825 , 309.259 , 238.668 , 99.765 , 172.233 , 181.218 , 190.706 , 269.118 , 318.268 , 214.827 , 213.704 , 233.038 , 250.281 , 196.759 , 245.394 , 206.796 , 222.53 , 262.045 , 220.147 , 227.941 , 185.547 , 270.867 , 278.897 , 202.997 , 330.679 , 280.233 , 178.357 , 219.284 , 244.111 , 178.898 , 501.143 , 139.336 , 277.753 , 206.795 , 228.241 , 271.147 , 180.653 , 243.446 , 178.655 , 301.165 , 203.296 , 259.854 , 232.201 , 300.855 , 169.275 , 195.579 , 168.083 , 404.998 , 338.826 , 233.419 , 204.89 , 169.306 , 330.227 , 180.986 , 194.955 , 209.658 , 118.667 , 166.483 , 339.368 , 113.12 , 213.651 , 118.179 , 71.265 , 312.691 , 240.577 , 379.403 , 270.4 , 319.51 , 186.827 , 260.762 , 182.008 , 278.68 , 326.102 , 226.214 , 192.218 , 141.718 , 121.058 , 110.32 , 355.13 , 178.922 , 246.64 , 274.491 , 303.591 , 271.061 , 264.644 , 219.556 , 294.164 , 210.419 , 231.05 , 256.351 , 176.243 , 216.262 , 180.694 , 244.662 , 228.56 , 245.987 , 186.479 , 234.144 , 196.053 , 245.678 , 279.352 , 152.856 , 258.418 , 248.487 , 155.029 , 139.909 , 303.962 , 193.769 , 171.673 , 224.942 , 218.653 , 128.81 , 239.268 , 209.176 , 158.875 , 187.636 , 189.279 , 263.354 , 307.447 , 261.176 , 245.503 , 258.108 , 221.927 , 225.657 , 186.131 , 199.409 , 288.847 , 288.991 , 320.821 , 245.156 , 132.989 , 290.763 , 233.085 , 183.809 , 154.408 , 305.089 , 247.358 , 313.26 , 240.662 , 368.09 , 263.732 , 136.439 , 195.184 , 230.976 , 121.614 , 196.154 , 212.537 , 369.215 , 262.552 , 423.3 , 400.112 , 310.286 , 116.391 , 293.645 , 239.399 , 300.677 , 267.159 , 58.3587 , 279.138 , 155.674 , 185.913 , 186.109 , 251.964 , 283.348 , 181.639 , 190.693 , 215.391 , 167.598 , 222.141 , 152.779 , 161.003 , 187.703 , 172.163 , 234.168 , 337.453 , 414.491 , 265.974 , 236.418 , 355.201 , 124.698 , 141.088 , 144.704 , 215.925 , 200.01 , 309.75 , 172.036 , 278.275 , 416.096 , 47.3257 , 335.974 , 227.51 , 196.432 , 224.165 , 225.198 , 234.754 , 401.733 , 476.224 , 228.271 , 260.44 , 170.179 , 200.113 , 236.732 , 305.056 , 198.336 , 252.999 , 222.895 , 231.311 , 171.382 , 298.586 , 141.678 , 396.934 , 294.591 , 220.211 , 206.688 , 519.371 , 158.52 , 186.629 , 208.25 , 148.915 , 198.789 , 185.398 , 252.716 , 112.546 , 279.886 , 302.181 , 332.989 , 123.769 , 169.922 , 384.706 , 156.317 , 256.24 , 245.417 , 144.752 , 180.219 , 204.343 , 215.886 , 192.989 , 219.113 , 308.223 , 160.545 , 142.873 , 216.23 , 189.417 , 223.556 , 186.314 , 92.368 , 205.866 , 240.697 , 137.506 , 273.582 , 211.628 , 200.26 , 199.955 , 318.067 , 299.451 , 190.046 , 272.443 , 193.316 , 127.489 , 270.816 , 138.398 , 189.208 , 144.059 , 190.121 , 243.239 , 226.389 , 318.192 , 140.936 , 203.948 , 232.929 , 350.964 , 197.672 , 245.029 , 190.469 , 181.52 , 298.175 , 287.071 , 246.201 , 262.839 , 229.465 , 130.323 , 347.18 , 199.121 , 220.395 , 374.675 , 128.155 , 141.343 , 192.362 , 177.345 , 139.552 , 211.943 , 114.312 , 190.319 , 180.973 , 226.43 , 359.149 , 187.418 , 303.698 , 310.62 , 195.36 , 402.336 , 449.945 , 240.941 , 158.48 , 201.416 , 242.908 , 390.659 , 193.401 , 177.512 , 198.331 , 199.237 , 220.419 , 149.143 , 178.032 , 272.601 , 302.489 , 212.703 , 322.181 , 273.542 , 190.411 , 316.182 , 194.993 , 192.858 , 157.106 , 196.621 , 115.423 , 197.918 , 335.517 , 192.993 , 267.701 , 261.002 , 179.838 , 125.803 , 148.38 , 178.803 , 356.947 , 173.34 , 192.697 , 207.74 , 114.577 , 95.622 , 376.888 , 235.314 , 193.308 , 169.356 , 215.727 , 541.148 , 226.637 , 408.562 , 148.74 , 215.675 , 211.175 , 126.899 , 220.388 , 278.716 , 219.271 , 326.591 , 186.828 , 358.063 , 172.095 , 171.687 , 214.008 , 153.302 , 210.525 , 205.483 , 409.138 , 242.97 , 203.334 , 244.617 , 229.13 , 185.792 , 79.139 , 214.586 , 180.145 , 244.422 , 199.891 , 273.057 , 275.195 , 289.241 , 142.375 , 79.846 , 212.352 , 280.19 , 257.85 , 198.281 , 284.729 , 194.568 , 244.018 , 359.212 , 356.5 , 188.678 , 229.352 , 89.249 , 214.502 , 132.088 , 202.416 , 264.652 , 369.188 , 329.632 , 211.616 , 275.279 , 232.294 , 206.792 , 221.203 , 189.254 , 132.831 , 97.063 , 379.204 , 203.545 , 208.149 , 268.501 , 314.976 , 253.496 , 126.284 , 212.452 , 307.945 , 277.834 , 245.985 , 618.376 , 237.732 , 172.199 , 284.335 , 258.065 , 111.486 , 267.99 , 206.616 , 395.37 , 120.1 , 277.836 , 149.402 , 190.116 , 226.839 , 344.435 , 164.144 , 147.956 , 239.219 , 188.821 , 240.796 , 221.229 , 251.514 , 247.754 , 351.289 , 126.233 , 226.104 , 159.251 , 344.76 , 124.188 , 191.365 , 254.904 , 308.824 , 237.406 , 227.134 , 181.015 , 159.09 , 238.375 , 382.619 , 334.136 , 296.642 , 268.113 , 228.152 , 216.77 , 191.304 , 281.028 , 298.501 , 150.643 , 356.616 , 233.435 , 369.545 , 201.305 , 256.221 , 155.11 , 248.564 , 312.839 , 271.777 , 243.34 , 378.985 , 249.28 , 187.331 , 231.107 , 245.531 , 133.167 , 126.413 , 271.517 , 302.468 , 242.732 , 166.711 , 218.82 , 158.255 , 100.308 , 260.736 , 