avg1=[396.548 , 233.783 , 251.259 , 210.169 , 212.257 , 207.569 , 223.584 , 204.348 , 185.149 , 216.344 , 193.18 , 273.236 , 215.462 , 195.231 , 202.512 , 226.195 , 213.068 , 288.978 , 228.748 , 141.638 , 282.707 , 194.773 , 217.112 , 229.718 , 310.845 , 396.097 , 252.434 , 281.007 , 189.283 , 230.773 , 169.579 , 316.026 , 229.061 , 228.9 , 205.089 , 287.947 , 167.986 , 235.422 , 192.819 , 281.441 , 197.352 , 277.17 , 205.991 , 220.279 , 140.847 , 272.122 , 202.103 , 224.645 , 200.671 , 246.303 , 180.779 , 257.276 , 215.714 , 166.353 , 190.999 , 291.541 , 295.406 , 272.211 , 254.037 , 275.918 , 273.471 , 191.434 , 156.799 , 229.601 , 305.143 , 256.268 , 242.105 , 168.899 , 193.483 , 308.94 , 212.623 , 212.427 , 227.552 , 241.611 , 212.823 , 287.302 , 283.206 , 272.282 , 223.957 , 295.936 , 261.741 , 257.085 , 234.462 , 291.369 , 192.105 , 281.989 , 135.857 , 232.094 , 297.138 , 247.559 , 264.553 , 198.551 , 317.28 , 300.655 , 220.541 , 291.675 , 247.746 , 249.708 , 272.41 , 224.114 , 137.522 , 232.055 , 244.417 , 206.129 , 306.645 , 215.934 , 244.489 , 192.608 , 198.893 , 272.189 , 279.025 , 217.663 , 302.66 , 239.056 , 236.86 , 287.576 , 261.692 , 212.865 , 210.062 , 257.373 , 266.926 , 200.558 , 254.102 , 216.913 , 273.296 , 212.794 , 194.865 , 233.546 , 217.468 , 207.568 , 234.651 , 192.091 , 237.617 , 253.128 , 219.143 , 295.69 , 270.34 , 265.714 , 237.358 , 232.825 , 288.456 , 203.917 , 250.5 , 312.22 , 274.451 , 233.887 , 237.598 , 167.26 , 242.07 , 261.562 , 258.084 , 244.282 , 245.404 , 360.607 , 253.189 , 325.257 , 311.828 , 233.431 , 244.67 , 178.927 , 215.095 , 296.493 , 160.434 , 150.249 , 244.881 , 200.82 , 220.501 , 289.414 , 222.53 , 229.211 , 213.39 , 220.94 , 193.361 , 180.364 , 190.438 , 231.622 , 219.894 , 250.843 , 235.266 , 276.46 , 241.089 , 220.31 , 220.402 , 244.64 , 230.631 , 198.379 , 288.064 , 288.264 , 274.828 , 243.494 , 355.937 , 263.391 , 204.886 , 282.05 , 198.221 , 256.395 , 185.086 , 199.469 , 271.092 , 277.887 , 261.658 , 208.405 , 317.068 , 261.454 , 235.396 , 180.761 , 290.033 , 324.174 , 207.258 , 200.105 , 259.724 , 182.547 , 207.919 , 220.225 , 264.713 , 145.826 , 263.349 , 337.046 , 199.138 , 242.992 , 268.424 , 274.867 , 234.074 , 134.931 , 243.685 , 244.032 , 282.647 , 170.647 , 219.251 , 323.221 , 213.172 , 240.998 , 225.701 , 263.296 , 211.666 , 244.873 , 220.106 , 265.257 , 261.701 , 214.114 , 250.383 , 239.063 , 206.659 , 293.71 , 218.68 , 214.31 , 250.538 , 265.6 , 201.511 , 258.089 , 170.844 , 192.243 , 221.021 , 266.353 , 228.788 , 243.146 , 409.518 , 223.235 , 161.44 , 279.36 , 240.875 , 251.152 , 231.084 , 165.762 , 206.865 , 253.016 , 239.907 , 133.872 , 310.299 , 193.173 , 221.821 , 187.436 , 238.169 , 220.733 , 283.934 , 301.415 , 198.956 , 187.577 , 242.032 , 165.083 , 216.03 , 203.84 , 258.759 , 208.839 , 209.971 , 202.743 , 201.601 , 170.306 , 304.79 , 250.179 , 261.389 , 207.224 , 254.498 , 205.794 , 213.095 , 221.921 , 180.434 , 213.219 , 207.585 , 211.599 , 267.172 , 238.894 , 200.626 , 206.107 , 196.487 , 226.67 , 200.004 , 218.347 , 218.774 , 294.526 , 296.309 , 255.44 , 165.587 , 185.051 , 256.668 , 200.226 , 168.095 , 188.078 , 240.189 , 207.852 , 222.003 , 241.979 , 238.69 , 203.372 , 221.171 , 260.378 , 205.041 , 217.952 , 247.597 , 270.205 , 174.546 , 230.507 , 283.482 , 241.614 , 214.418 , 210.552 , 239.871 , 153.206 , 302.754 , 189.506 , 222.992 , 229.017 , 216.53 , 241.977 , 178.523 , 262.516 , 262.423 , 220.215 , 225.746 , 235.325 , 252.124 , 256.463 , 205.402 , 227.927 , 205.152 , 229.107 , 175.394 , 245.76 , 257.226 , 259.516 , 228.119 , 217.255 , 222.662 , 204.725 , 241.473 , 240.889 , 268.541 , 172.338 , 247.889 , 311.339 , 206.553 , 182.741 , 153.133 , 308.155 , 244.902 , 276.381 , 226.854 , 254.964 , 184.398 , 231.301 , 226.526 , 245.87 , 235.06 , 339.972 , 233.56 , 215.613 , 284.709 , 310.444 , 196.166 , 212.536 , 274.879 , 259.517 , 259.726 , 209.27 , 201.082 , 253.366 , 226.662 , 213.262 , 316.762 , 246.243 , 248.756 , 207.457 , 299.918 , 208.79 , 218.32 , 219.043 , 204.149 , 227.163 , 234.85 , 183.283 , 158.206 , 180.957 , 194.542 , 265.914 , 171.32 , 170.059 , 270.859 , 205.205 , 274.044 , 221.912 , 152.418 , 256.376 , 194.05 , 208.305 , 238.52 , 240.631 , 227.364 , 255.827 , 187.754 , 227.243 , 303.48 , 268.741 , 204.023 , 273.412 , 258.098 , 240.423 , 196.157 , 196.019 , 256.608 , 249.83 , 241.222 , 301.787 , 226.503 , 261.879 , 312.66 , 223.069 , 300.364 , 250.166 , 223.747 , 264.182 , 239.554 , 272.006 , 313.614 , 239.688 , 167.778 , 192.349 , 225.866 , 180.183 , 292.057 , 218.477 , 316.715 , 214.013 , 208.022 , 179.977 , 199.177 , 266.231 , 236.076 , 182.732 , 179.974 , 338.645 , 251.509 , 195.555 , 229.692 , 323.688 , 233.597 , 233.56 , 190.571 , 212.636 , 279.346 , 185.349 , 264.732 , 257.426 , 199.696 , 206.418 , 198.969 , 204.567 , 241.148 , 239.933 , 193.423 , 262.245 , 177.109 , 148.65 , 197.23 , 357.101 , 252.097 , 301.378 , 180.482 , 199.914 , 201.003 , 263.973 , 202.26 , 254.619 , 222.032 , 260.104 , 233.029 , 185.935 , 297.83 , 266.773 , 214.367 , 338.311 , 239.317 , 233.915 , 327.233 , 241.36 , 242.139 , 328.302 , 219.902 , 219.735 , 174.037 , 231.054 , 203.339 , 234.562 , 203.522 , 209.732 , 248.028 , 222.149 , 250.622 , 231.499 , 217.974 , 131.203 , 174.106 , 339.563 , 232.723 , 230.294 , 321.404 , 170.522 , 334.803 , 217.132 , 213.135 , 188.392 , 219.68 , 177.294 , 195.322 , 203.477 , 239.744 , 294.277 , 230.323 , 169.043 , 219.698 , 247.594 , 228.807 , 228.936 , 195.148 , 239.792 , 269.731 , 217.288 , 276.968 , 204.831 , 243.041 , 275.242 , 200.534 , 170.992 , 231.224 , 208.181 , 269.56 , 217.775 , 198.472 , 221.212 , 259.915 , 253.6 , 192.509 , 228.302 , 210.932 , 241.494 , 221.332 , 205.076 , 215.868 , 239.099 , 224.126 , 177.126 , 205.389 , 234.81 , 259.235 , 217.614 , 249.231 , 217.176 , 283.742 , 196.007 , 283.645 , 245.065 , 173.894 , 266.692 , 164.8 , 235.589 , 219.157 , 238.224 , 237.7 , 188.729 , 206.895 , 211.85 , 213.745 , 264.162 , 340.816 , 179.102 , 252.977 , 263.562 , 196.498 , 203.599 , 203.608 , 160.565 , 168.332 , 211.3 , 285.334 , 183.964 , 237.761 , 260.887 , 221.811 , 177.685 , 263.938 , 163.754 , 255.141 , 273.757 , 223.193 , 286.292 , 246.372 , 163.163 , 208.342 , 253.762 , 166.835 , 321.319 , 213.521 , 313.623 , 213.62 , 167.242 , 268.74 , 212.649 , 181.611 , 199.381 , 185.702 , 224.333 , 154.934 , 199.755 , 245.01 , 236.187 , 200.827 , 226.766 , 187.862 , 228.741 , 296.133 , 282.307 , 173.914 , 219.015 , 227.339 , 249.628 , 161.711 , 262.657 , 207.147 , 170.977 , 213.518 , 181.732 , 187.984 , 261.948 , 262.29 , 150.925 , 215.16 , 218.124 , 259.496 , 211.154 , 260.091 , 177.936 , 222.873 , 216.129 , 215.865 , 308.162 , 273.317 , 205.014 , 301.185 , 230.645 , 264.742 , 307.698 , 326.929 , 235.814 , 247.563 , 204.867 , 203.078 , 206.62 , 182.747 , 268.124 , 258.817 , 199.41 , 201.907 , 202.512 , 221.262 , 246.092 , 137.367 , 290.661 , 181.47 , 304.058 , 279.882 , 217.006 , 263.956 , 195.46 , 308.103 , 195.479 , 232.336 , 319.758 , 265.391 , 237.74 , 307.458 , 219.748 , 230.747 , 226.448 , 204.865 , 212.963 , 319.254 , 190.348 , 221.405 , 237.123 , 227.151 , 232.172 , 195.417 , 265.414 , 200.539 , 262.154 , 226.485 , 213.963 , 212.874 , 252.803 , 252.014 , 265.646 , 262.991 , 222.96 , 275.565 , 175.385 , 264.319 , 208.178 , 199.896 , 164.677 , 238.767 , 260.979 , 216.952 , 235.387 , 206.43 , 214.994 , 211.344 , 195.019 , 160.825 , 245.56 , 205.437 , 223.813 , 253.357 , 245.831 , 230.571 , 227.07 , 219.026 , 192.326 , 258.734 , 234.077 , 263.847 , 282.484 , 266.633 , 237.443 , 244.363 , 230.915 , 226.386 , 248.4 , 171.689 , 195.285 , 228.323 , 259.197 , 298.705 , 275.11 , 273.387 , 216.729 , 182.394 , 243.219 , 211.953 , 179.623 , 231.206 , 275.978 , 259.925 , 281.924 , 216.33 , 202.973 , 261.412 , 271.785 , 214.795 , 232.094 , 229.634 , 199.984 , 188.068 , 186.794 , 177.05 , 211.569 , 227.658 , 296.092 , 223.875 , 262.464 , 192.328 , 168.122 , 243.165 , 255.117 , 204.604 , 324.526 , 247.917 , 234.631 , 220.712 , 266.685 , 