avg1=[246.1 , 287.081 , 319.157 , 166.099 , 171.312 , 178.3 , 289.491 , 223.461 , 180.85 , 352.439 , 191.227 , 257.111 , 123.408 , 251.842 , 220.733 , 155.679 , 182.37 , 324.456 , 290.457 , 222.004 , 202.582 , 232.127 , 289.662 , 149.136 , 326.245 , 255.502 , 117.915 , 275.062 , 226.454 , 165.232 , 194.653 , 228.152 , 110.191 , 274.647 , 227.808 , 262.882 , 173.287 , 336.846 , 186.306 , 270.857 , 262.361 , 236.484 , 249.127 , 194.438 , 266.368 , 191.793 , 245.204 , 180.162 , 198 , 205.45 , 179.399 , 185.956 , 270.333 , 256.86 , 275.534 , 137.527 , 193.848 , 181.042 , 203.894 , 128.013 , 212.918 , 260.991 , 188.455 , 298.973 , 287.954 , 165.942 , 201.848 , 255.198 , 260.585 , 185.239 , 173.057 , 320.198 , 273.225 , 163.063 , 228.923 , 240.095 , 197.757 , 213.523 , 212.813 , 136.277 , 231.569 , 256.569 , 214.455 , 243.708 , 245.569 , 339.511 , 233.172 , 137.962 , 154.52 , 201.347 , 276.351 , 278.91 , 240.547 , 249.747 , 232.66 , 272.889 , 177.357 , 255.162 , 220.312 , 166.728 , 226.938 , 248.445 , 175.459 , 164.96 , 196.616 , 213.247 , 283.174 , 328.599 , 158.006 , 290.641 , 155.841 , 296.333 , 189.048 , 231.937 , 209.48 , 207.859 , 226.015 , 166.074 , 164.374 , 282.155 , 139.125 , 194.879 , 344.475 , 255.836 , 173.35 , 243.733 , 196.586 , 162.823 , 296.484 , 213.869 , 143.305 , 232.333 , 333.641 , 138.212 , 243.96 , 263.232 , 354.136 , 199.674 , 191.828 , 180.003 , 241.513 , 274.944 , 244.294 , 183.939 , 268.443 , 304.623 , 186.829 , 351.52 , 136.044 , 166.084 , 188.422 , 448.76 , 204.971 , 218.145 , 271.942 , 228.924 , 222.186 , 242.173 , 257.056 , 228.462 , 208.033 , 166.781 , 133.924 , 195.651 , 232.873 , 214.37 , 223.186 , 298.206 , 232.522 , 220.852 , 239.415 , 209.264 , 220.093 , 207.541 , 158.126 , 250.271 , 337.344 , 200.57 , 236.268 , 213.458 , 203.333 , 282.499 , 219.722 , 159.078 , 189.733 , 298.983 , 239.877 , 250.371 , 322.77 , 238.014 , 237.216 , 303.834 , 203.016 , 205.408 , 261.256 , 182.022 , 232.902 , 253.075 , 259.155 , 392.532 , 197.917 , 227.108 , 225.463 , 258.851 , 190.867 , 190.494 , 137.49 , 203.279 , 184.586 , 123.178 , 280.875 , 172.522 , 280.679 , 210.263 , 293.268 , 299.214 , 361.039 , 330.025 , 245.259 , 336.469 , 177.343 , 181.52 , 274.154 , 245.785 , 200.85 , 251.976 , 309.847 , 273.254 , 206.376 , 152.445 , 404.785 , 200.623 , 265.24 , 283.831 , 192.212 , 247.812 , 252.928 , 157.028 , 196.726 , 207.243 , 207.652 , 274.532 , 217.799 , 195.692 , 248.897 , 257.505 , 306.913 , 205.179 , 164.054 , 229.498 , 193.742 , 202.136 , 145.152 , 165.064 , 299.077 , 242.457 , 301.473 , 225.214 , 282.298 , 195.968 , 242.969 , 305.055 , 346.098 , 157.487 , 219.464 , 326.078 , 257.354 , 265.481 , 270.58 , 175.613 , 189.101 , 236.889 , 248.556 , 136.192 , 239.278 , 289.205 , 149.378 , 280.639 , 275.936 , 315.488 , 163.898 , 176.32 , 193.288 , 306.729 , 294.992 , 152.792 , 250.562 , 302.067 , 310.683 , 226.876 , 242.49 , 218.573 , 113.084 , 283.167 , 239.379 , 384.922 , 199.89 , 227.459 , 327.516 , 193.188 , 177.752 , 236.452 , 228.306 , 248.235 , 178.187 , 240.181 , 246.083 , 182.672 , 247.166 , 190.896 , 224.039 , 180.178 , 135.772 , 202.266 , 176.437 , 194.269 , 238.157 , 253.544 , 191.662 , 179.343 , 180.956 , 250.014 , 195.214 , 198.265 , 164.533 , 190.429 , 206.06 , 175.643 , 223.657 , 281.531 , 365.656 , 219.356 , 240.319 , 267.957 , 169.655 , 132.911 , 218.326 , 238.054 , 383.114 , 143.273 , 184.344 , 150.924 , 266.732 , 134.507 , 292.837 , 152.046 , 392.9 , 232.541 , 197.013 , 226.672 , 277.849 , 235.257 , 227.61 , 215.071 , 305.122 , 254.586 , 155.937 , 162.075 , 198.89 , 349.261 , 308.465 , 225.77 , 289.003 , 153.538 , 341.681 , 256.333 , 260.341 , 223.224 , 331.029 , 283.798 , 327.077 , 287.514 , 113.745 , 198.141 , 250.134 , 193.494 , 277.84 , 217.935 , 194.773 , 190.513 , 302.706 , 191.665 , 261.008 , 243.779 , 331.211 , 208.288 , 141.411 , 228.202 , 239.623 , 255.267 , 314.647 , 323.004 , 231.744 , 198.507 , 288.588 , 201.621 , 222.139 , 166.096 , 405.788 , 195.384 , 255.136 , 252.155 , 194.417 , 222.171 , 246.585 , 207.312 , 242.329 , 334.928 , 250.232 , 290.921 , 281.171 , 134.355 , 274.67 , 281.693 , 181.587 , 144.307 , 343.857 , 261.186 , 195.734 , 252.045 , 280.915 , 250.995 , 321.982 , 350.862 , 228.85 , 191.223 , 213.968 , 171.528 , 309.218 , 194.571 , 299.505 , 212.064 , 147.126 , 241.984 , 258.273 , 193.045 , 253.442 , 252.537 , 427.672 , 288.754 , 153.386 , 185.202 , 291.954 , 262.815 , 195.69 , 172.656 , 235.823 , 177.36 , 310.506 , 180.457 , 192.187 , 200.81 , 340.399 , 172.285 , 169.561 , 186.101 , 221.411 , 208.005 , 236.051 , 214.536 , 149.43 , 210.273 , 243.764 , 186.76 , 133.128 , 260.665 , 310.252 , 226.787 , 181.012 , 216.149 , 169.202 , 305.659 , 205.406 , 374.661 , 308.638 , 184.8 , 233.839 , 248.499 , 311.89 , 191.995 , 259.019 , 143.518 , 287.686 , 277.519 , 294.385 , 131.485 , 219.202 , 221.681 , 208.957 , 219.966 , 198.348 , 215.396 , 258.044 , 236.069 , 289.788 , 269.897 , 278.585 , 217.041 , 391.647 , 198.735 , 137.289 , 344.084 , 257.491 , 344.495 , 147.027 , 133.02 , 189.039 , 234.374 , 332.506 , 173.988 , 176.784 , 296.812 , 376.207 , 239.3 , 206.49 , 166.391 , 291.818 , 176.964 , 182.357 , 181.872 , 190.092 , 248.482 , 291.321 , 145.808 , 323.365 , 255.228 , 307.76 , 179.08 , 162.235 , 305.748 , 213.97 , 220.738 , 282.499 , 208.002 , 273.048 , 209.96 , 275.001 , 321.253 , 162.834 , 188.306 , 190.075 , 188.034 , 279.126 , 220.373 , 255.622 , 245.422 , 166.827 , 179.833 , 130.159 , 278.149 , 233.501 , 202.605 , 299.772 , 219.768 , 228.606 , 298.254 , 319.435 , 270.542 , 242.088 , 142.924 , 111.434 , 181.059 , 372.185 , 228.687 , 171.056 , 257.369 , 186.464 , 194.962 , 211.103 , 365.072 , 217.364 , 229.027 , 193.803 , 205.481 , 212.642 , 190.64 , 273.154 , 241.758 , 254.151 , 267.225 , 323.975 , 235.416 , 215.301 , 215.263 , 243.224 , 205.554 , 255.761 , 194.863 , 289.517 , 234.058 , 141.907 , 311.541 , 237.352 , 205.92 , 187.842 , 165.055 , 295.078 , 171.452 , 200.663 , 162.313 , 181.692 , 275.681 , 291.804 , 272.463 , 274.022 , 215.003 , 255.804 , 236.37 , 194.136 , 139.399 , 313.748 , 182.31 , 238.81 , 157.664 , 150.913 , 228.259 , 190.533 , 352.707 , 220.456 , 201.325 , 218.785 , 184.181 , 167.287 , 272.327 , 302.326 , 277.604 , 148.748 , 256.67 , 198.451 , 273.716 , 178.702 , 198.695 , 194.823 , 200.57 , 265.151 , 144.447 , 200.683 , 181.736 , 271.784 , 275.256 , 325.403 , 185.706 , 468.812 , 215.836 , 206.751 , 191.453 , 134.658 , 194.274 , 224.099 , 255.22 , 268.837 , 255.604 , 278.78 , 272.57 , 236.199 , 369.384 , 220.646 , 299.264 , 266.487 , 263.764 , 337.86 , 208.392 , 242.953 , 187.679 , 235.524 , 134.934 , 297.384 , 181.155 , 225.117 , 287.748 , 357.724 , 257.575 , 306.424 , 224.124 , 293.654 , 162.918 , 290.79 , 208.425 , 342.062 , 276.35 , 230.168 , 245.379 , 164.436 , 234.502 , 230.508 , 341.254 , 213.164 , 143.253 , 269.024 , 161.489 , 200.227 , 208.753 , 305.201 , 327.016 , 232.071 , 165.756 , 182.181 , 231.575 , 143.538 , 177.713 , 329.651 , 267.637 , 389.994 , 176.739 , 126.342 , 321.524 , 305.466 , 133.321 , 176.548 , 160.69 , 360.533 , 369.557 , 214.687 , 173.756 , 299.646 , 278.368 , 302.239 , 161.716 , 229.341 , 191.332 , 234.293 , 136.319 , 275.45 , 133.525 , 228.863 , 285.545 , 284.62 , 153.521 , 266.731 , 290.286 , 226.35 , 344.621 , 217.389 , 255.504 , 195.408 , 210.019 , 232.786 , 269.762 , 270.291 , 375.866 , 261.544 , 288.097 , 220.46 , 150.968 , 187.26 , 194.652 , 390.355 , 243.841 , 445.08 , 266.338 , 241.526 , 169.377 , 209.497 , 225.011 , 172.872 , 199.535 , 244.623 , 186.786 , 258.53 , 202.215 , 231.326 , 160.384 , 246.428 , 188.732 , 275.4 , 252.831 , 213.069 , 289.749 , 206.41 , 230.082 , 160.621 , 184.98 , 155.948 , 258.67 , 443.093 , 242.39 , 206.871 , 241.287 , 152.479 , 128.427 , 166.049 , 345.001 , 338.777 , 150.214 , 202.401 , 225.192 , 164.469 , 254.76 , 312.096 , 151.251 , 146.096 , 168.256 , 159.031 , 283.437 , 217.582 , 300.284 , 252.227 , 250.097 , 233.331 , 247.761 , 216.48 , 186.404 , 270.065 , 294.315 , 221.588 , 179.264 , 119.312 , 387.775 , 