avg1=[289.408 , 231.051 , 183.382 , 143.914 , 273.923 , 275.807 , 231.196 , 170.114 , 252.992 , 204.619 , 222.682 , 252.379 , 346.603 , 371.776 , 262.243 , 194.618 , 244.683 , 311.853 , 208.541 , 167.238 , 233.462 , 160.127 , 242.167 , 276.201 , 271.395 , 265.32 , 216.193 , 262.561 , 210.012 , 184.893 , 178.771 , 205.327 , 316.246 , 190.626 , 179.052 , 255.38 , 270.469 , 218.517 , 193.7 , 321.037 , 259.504 , 250.558 , 221.938 , 222.741 , 217.586 , 183.975 , 188.23 , 145.604 , 194.619 , 228.429 , 213.533 , 172.827 , 264.448 , 216.808 , 220.407 , 276.588 , 330.777 , 211.164 , 208.178 , 232.706 , 193.639 , 205.663 , 194.174 , 254.71 , 197.851 , 219.571 , 183.679 , 183.221 , 148.745 , 210.124 , 222.103 , 201.173 , 172.872 , 151.172 , 253.051 , 234.794 , 259.624 , 281.719 , 203.998 , 236.467 , 192.072 , 249.822 , 257.053 , 200.744 , 268.041 , 240.623 , 225.319 , 239.962 , 325.023 , 358.299 , 204.945 , 235.051 , 228.217 , 229.528 , 223.045 , 200.344 , 221.164 , 266.716 , 384.766 , 204.137 , 254.944 , 175.692 , 239.27 , 177.693 , 240.081 , 304.351 , 294.672 , 283.015 , 181.949 , 218.734 , 234.709 , 202.785 , 211.883 , 218.426 , 262.631 , 248.386 , 251.39 , 134.605 , 237.842 , 148.98 , 102.708 , 195.677 , 180.79 , 255.067 , 201.792 , 195.586 , 161.761 , 215.125 , 239.957 , 283.341 , 199.716 , 182.449 , 302.526 , 213.666 , 191.705 , 199.226 , 256.55 , 273.454 , 235.427 , 219.979 , 173.703 , 197.442 , 187.308 , 253.645 , 254.161 , 239.688 , 226.623 , 235.754 , 364.848 , 211.425 , 272.512 , 268.881 , 267.293 , 233.803 , 283.103 , 179.998 , 404.538 , 203.019 , 346.063 , 196.918 , 253.468 , 270.984 , 162.34 , 207.65 , 373.972 , 224.869 , 342.752 , 239.338 , 230.246 , 289.466 , 207.536 , 197.776 , 242.693 , 321.327 , 215.534 , 210.917 , 239.828 , 228.336 , 246.937 , 296.543 , 236.702 , 170.766 , 107.003 , 199.223 , 314.942 , 205.623 , 286.674 , 319.39 , 246.155 , 295.292 , 199.445 , 228.381 , 161.833 , 249.528 , 168.233 , 226.049 , 213.844 , 278.569 , 227.227 , 258.402 , 223.617 , 197.915 , 288.709 , 198.021 , 202.723 , 205.97 , 190.678 , 233.814 , 203.407 , 175.965 , 234.273 , 271.817 , 270.997 , 218.347 , 245.888 , 229.345 , 260.221 , 258.498 , 195.155 , 294.782 , 163.598 , 238.465 , 204.909 , 217.389 , 351.725 , 186.517 , 234.346 , 233.104 , 215.917 , 275.025 , 259.698 , 190.727 , 143.777 , 232.095 , 233.506 , 174.416 , 185.988 , 234.503 , 257.702 , 231.894 , 284.116 , 230.244 , 192.818 , 199.181 , 250.492 , 213.227 , 292.325 , 285.159 , 181.204 , 347.118 , 261.114 , 168.553 , 203.479 , 307.94 , 207.282 , 189.863 , 243.968 , 202.667 , 202.332 , 198.784 , 233.479 , 258.611 , 238.918 , 174.287 , 263.574 , 263.709 , 237.461 , 222.023 , 259.311 , 152.807 , 169.869 , 165.926 , 316.546 , 205.722 , 198.44 , 255.904 , 235.028 , 222.143 , 246.905 , 163.344 , 294.148 , 201.422 , 246.572 , 188.098 , 242.651 , 218.386 , 195.467 , 191.161 , 289.65 , 172.631 , 297.322 , 260.231 , 182.695 , 328.191 , 237.847 , 311.423 , 178.566 , 311.6 , 224.43 , 361.24 , 261.4 , 224.904 , 268.679 , 148.785 , 228.635 , 173.455 , 321.533 , 218.08 , 307.02 , 257.319 , 269.94 , 306.809 , 265.67 , 207.618 , 247.417 , 269.01 , 175.721 , 254.873 , 212.443 , 194.612 , 225.003 , 210.575 , 269.212 , 188.953 , 240.371 , 275.848 , 160.569 , 178.913 , 265.488 , 190.279 , 238.483 , 185.183 , 217.925 , 173.021 , 157.317 , 173.845 , 265.148 , 179.008 , 316.68 , 196.676 , 249.769 , 246.466 , 190.722 , 248.005 , 187.74 , 195.794 , 177.562 , 231.309 , 272.361 , 201.586 , 189.061 , 249.186 , 189.567 , 285.706 , 212.953 , 299.064 , 208.708 , 347.559 , 250.124 , 190.089 , 212.313 , 322.766 , 216.98 , 184.848 , 222.488 , 183.997 , 203.226 , 353.389 , 204.218 , 182.461 , 271.013 , 270.685 , 272.524 , 181.335 , 282.505 , 236.806 , 174.175 , 311.524 , 241.869 , 210.393 , 294.14 , 248.447 , 149.978 , 251.785 , 358.766 , 266.871 , 228.09 , 305.601 , 194.811 , 208.21 , 204.766 , 276.677 , 227.155 , 308.102 , 246.742 , 239.197 , 356.63 , 183.057 , 309.585 , 244.72 , 198.991 , 279.529 , 229.153 , 232.274 , 279.649 , 273.063 , 241.208 , 266.358 , 199.646 , 315.777 , 228.032 , 222.531 , 186.385 , 335.103 , 238.163 , 142.182 , 252.957 , 248.382 , 285.079 , 185.833 , 211.583 , 234.821 , 225.023 , 169.261 , 249.484 , 294.344 , 220.359 , 174.202 , 244.837 , 170.96 , 154.286 , 259.022 , 338.78 , 294.617 , 252.592 , 323.572 , 290.756 , 197.373 , 251.958 , 392.893 , 243.778 , 148.885 , 207.081 , 236.486 , 257.861 , 191.34 , 224.758 , 240.102 , 165.08 , 233.191 , 147.322 , 209.618 , 201.496 , 145.816 , 247.614 , 231.192 , 272.176 , 222.38 , 280.186 , 248.439 , 173.206 , 192.013 , 207.82 , 228.57 , 203.288 , 284.672 , 274.056 , 181.38 , 208.305 , 336.856 , 163.268 , 224.91 , 316.246 , 312.663 , 340.972 , 246.809 , 332.729 , 152.326 , 220.989 , 322.026 , 232.649 , 232.206 , 308.025 , 292.07 , 295.064 , 312.233 , 231.077 , 221.966 , 200.445 , 260.938 , 271.385 , 176.833 , 201.979 , 237.009 , 279.76 , 244.77 , 208.436 , 249.745 , 305.562 , 276.423 , 270.392 , 292.761 , 147.258 , 277.009 , 223.936 , 207.866 , 221.963 , 200.617 , 157.263 , 296.306 , 275.662 , 284.941 , 329.66 , 267.074 , 179.059 , 281.166 , 259.542 , 336.405 , 239.941 , 308.573 , 261.63 , 144.832 , 250.888 , 175.262 , 245.824 , 230.142 , 259.139 , 205.257 , 224.439 , 186.626 , 324.105 , 226.462 , 190.601 , 205.535 , 246.039 , 169.248 , 334.746 , 291.309 , 173.085 , 242.422 , 265.461 , 265.006 , 269.726 , 328.098 , 184.963 , 203.429 , 188.407 , 225.336 , 184.466 , 140.536 , 209.286 , 264.82 , 204.179 , 175.801 , 193.272 , 211.987 , 229.295 , 229.493 , 261.221 , 303.126 , 186.281 , 262.695 , 195.087 , 155.829 , 238.018 , 220.068 , 274.623 , 222.172 , 212.076 , 171.161 , 188.441 , 265.698 , 216.662 , 210.658 , 193.662 , 231.909 , 202.113 , 153.345 , 207.285 , 199.654 , 412.723 , 198.485 , 251.164 , 208.78 , 174.861 , 142.53 , 162.593 , 176.769 , 269.92 , 254.084 , 267.849 , 193.567 , 258.857 , 191.13 , 280.418 , 186.256 , 246.625 , 195.819 , 299.204 , 219.109 , 195.407 , 202.793 , 317.404 , 219.399 , 292.317 , 262.061 , 205.456 , 276.82 , 171.934 , 164.59 , 195.304 , 215.146 , 218.27 , 220.726 , 208.54 , 367.979 , 268.618 , 222.546 , 162.353 , 211.365 , 333.571 , 286.811 , 364.94 , 207.748 , 270.991 , 297.209 , 251.053 , 218.341 , 202.012 , 231.729 , 238.583 , 217.454 , 293.254 , 201.485 , 302.209 , 192.305 , 221.643 , 202.75 , 205.327 , 200.53 , 292.967 , 263.338 , 289.863 , 213.832 , 261.416 , 193.438 , 245.848 , 219.376 , 186.906 , 197.983 , 255.908 , 168.628 , 270.986 , 246.174 , 259.432 , 243.881 , 270.629 , 257.947 , 226.096 , 206.119 , 342.227 , 123.117 , 288.812 , 190.866 , 221.27 , 190.701 , 289.667 , 344.338 , 286.429 , 221.739 , 201.891 , 227.743 , 144.796 , 199.631 , 206.94 , 195.269 , 392.663 , 217.997 , 277.408 , 267.571 , 290.739 , 150.267 , 174.944 , 238.079 , 278.412 , 264.579 , 284.519 , 271.897 , 216.23 , 326.019 , 174.758 , 262.566 , 172.83 , 239.603 , 197.353 , 196.019 , 200.462 , 229.518 , 267.794 , 246.456 , 304.35 , 157.829 , 284.11 , 223.807 , 195.654 , 191.869 , 213.498 , 212.765 , 287.509 , 236.257 , 262.902 , 249.465 , 279.1 , 196.21 , 262.841 , 273.069 , 188 , 277.913 , 237.123 , 212.566 , 223.893 , 141.058 , 134.735 , 200.431 , 327.138 , 285.381 , 225.77 , 181.875 , 290.643 , 258.454 , 190.174 , 243.97 , 266.087 , 264.204 , 272.571 , 229.474 , 241.319 , 186.254 , 211.245 , 328.289 , 246.777 , 225.216 , 249.638 , 210.011 , 199.639 , 253.761 , 204.883 , 160.481 , 272.578 , 255.034 , 280.385 , 267.258 , 285.477 , 245.262 , 234.515 , 242.265 , 250.396 , 163.535 , 212.069 , 201.563 , 256.222 , 259.836 , 205.114 , 265.512 , 179.632 , 271.044 , 195.919 , 212.253 , 309.864 , 230.657 , 264.047 , 322.34 , 278.827 , 220.981 , 183.049 , 231.858 , 197.294 , 206.842 , 269.499 , 188.699 , 155.012 , 211.913 , 218.613 , 269.551 , 208.743 , 231.26 , 287.541 , 205.785 , 192.626 , 225.725 , 203.409 , 239.444 , 160.31 , 209.34 , 277.94 , 234.177 , 224.6 , 240.569 , 284.913 , 232.304 , 258.777 , 363.391 , 167.011 , 265.053 , 260.703 , 310.965 , 229.203 , 219.828 ,