avg1=[1.00285 , 1.09417 , 1.22488 , 0.999893 , 1.16829 , 0.628453 , 0.859581 , 0.640132 , 0.65182 , 1.17484 , 0.934423 , 1.11273 , 1.00101 , 0.702577 , 0.958336 , 0.884587 , 1.35292 , 1.76568 , 1.23264 , 0.601062 , 0.891496 , 0.622081 , 0.769083 , 0.914118 , 1.58 , 2.3844 , 0.942675 , 1.16158 , 0.93742 , 0.915943 , 0.65274 , 1.41511 , 0.998371 , 0.782274 , 0.886579 , 1.242 , 0.757617 , 1.25652 , 0.738724 , 1.1299 , 0.822507 , 0.958379 , 1.00741 , 0.932212 , 0.716197 , 1.07604 , 0.916127 , 0.827474 , 0.902142 , 1.01998 , 1.2941 , 0.958465 , 0.732922 , 0.803897 , 0.783431 , 1.36308 , 1.31831 , 1.47617 , 1.07406 , 1.07357 , 1.42604 , 0.808356 , 0.692223 , 1.08956 , 1.21245 , 0.958442 , 0.736966 , 0.718434 , 1.02772 , 1.36913 , 1.00499 , 1.0119 , 0.822895 , 1.52662 , 1.02102 , 0.965603 , 1.30685 , 1.491 , 1.02232 , 1.16605 , 1.19581 , 0.93052 , 1.27717 , 1.61855 , 0.859164 , 0.796292 , 0.401011 , 0.8444 , 1.45481 , 0.944298 , 1.53693 , 0.908232 , 1.11757 , 1.04953 , 1.04441 , 1.37848 , 1.14998 , 1.11618 , 0.943464 , 1.06646 , 0.650751 , 1.36484 , 1.13521 , 0.768499 , 1.41473 , 1.06541 , 1.13426 , 0.884941 , 1.21331 , 1.20951 , 1.11551 , 0.843985 , 1.21927 , 1.19961 , 0.854655 , 1.21534 , 0.994136 , 0.787815 , 0.794775 , 1.20751 , 1.48284 , 0.828923 , 0.906151 , 0.888275 , 0.963351 , 0.618953 , 0.746845 , 1.45594 , 0.655618 , 0.653356 , 0.97158 , 0.697389 , 0.896182 , 1.46487 , 0.939203 , 2.17706 , 0.84046 , 1.14771 , 0.902506 , 1.0851 , 1.22212 , 0.924197 , 0.901844 , 1.36 , 1.49578 , 1.07806 , 1.12249 , 0.647043 , 0.721951 , 1.74759 , 1.67633 , 1.02405 , 1.15678 , 1.76378 , 1.3942 , 1.54872 , 1.91217 , 1.10553 , 1.5018 , 0.703184 , 0.631941 , 1.57221 , 1.08534 , 0.657086 , 1.26459 , 0.907877 , 0.994154 , 1.25431 , 0.837974 , 0.971884 , 0.99769 , 0.823124 , 0.993131 , 0.708418 , 0.851731 , 1.2564 , 1.05377 , 1.20457 , 0.909456 , 1.36297 , 0.861444 , 1.0355 , 1.19651 , 0.98791 , 0.844478 , 1.27383 , 1.32492 , 1.42631 , 1.21014 , 0.711616 , 1.58439 , 1.20259 , 0.820046 , 1.48962 , 0.700112 , 1.68544 , 0.950334 , 1.10385 , 1.17398 , 1.26062 , 1.28495 , 0.882937 , 1.26493 , 0.932155 , 1.01667 , 0.664084 , 1.55863 , 1.11167 , 1.20789 , 0.853661 , 1.65019 , 0.68226 , 0.972596 , 0.952352 , 1.2237 , 0.553477 , 0.92062 , 1.36652 , 0.865626 , 0.939433 , 1.25629 , 1.08609 , 0.921689 , 0.570929 , 1.41178 , 1.21662 , 1.26604 , 0.726738 , 0.711724 , 1.6113 , 1.19963 , 0.794155 , 0.905259 , 1.55031 , 0.872566 , 0.808716 , 1.30358 , 0.920813 , 1.0753 , 0.851954 , 1.08467 , 0.828644 , 0.551081 , 1.13078 , 0.699464 , 0.895319 , 0.987152 , 1.23826 , 0.826968 , 1.39342 , 0.802485 , 0.894892 , 0.637542 , 0.986058 , 0.967693 , 1.42111 , 1.48607 , 0.873491 , 0.69427 , 1.60298 , 0.820886 , 0.845779 , 1.19061 , 0.496893 , 0.930977 , 1.27336 , 1.36692 , 0.497399 , 1.35465 , 0.83278 , 0.920122 , 0.664983 , 1.10401 , 0.76275 , 1.50752 , 0.927549 , 0.868862 , 0.86446 , 1.42452 , 1.05311 , 0.599254 , 0.955438 , 0.880297 , 0.657451 , 1.42132 , 0.702348 , 0.906047 , 0.723305 , 1.3579 , 0.993788 , 1.128 , 1.07714 , 0.996171 , 0.764718 , 0.594155 , 1.01377 , 0.858147 , 1.04108 , 0.863507 , 1.12439 , 1.25521 , 0.948483 , 0.81144 , 0.715135 , 0.890329 , 0.959024 , 1.03338 , 0.73938 , 1.14857 , 1.04535 , 1.19475 , 1.0372 , 0.79926 , 0.823927 , 1.22533 , 0.806965 , 0.691681 , 0.803265 , 0.989804 , 0.784506 , 1.16759 , 0.934407 , 1.14713 , 0.654099 , 0.945482 , 1.13291 , 0.681561 , 0.731448 , 0.952765 , 1.38695 , 0.588873 , 0.984446 , 1.52696 , 1.09665 , 0.877993 , 0.624986 , 1.26217 , 0.486407 , 1.19471 , 0.950659 , 1.24117 , 0.971092 , 0.79811 , 1.04533 , 0.846396 , 1.64792 , 1.11165 , 0.931978 , 0.996662 , 1.09433 , 0.998453 , 1.0209 , 0.816644 , 1.35879 , 0.950017 , 1.17218 , 0.804699 , 1.30009 , 1.09101 , 1.08644 , 1.07769 , 1.08827 , 1.06573 , 0.959346 , 1.02035 , 1.36479 , 1.4502 , 0.957343 , 1.05563 , 1.37458 , 1.02604 , 0.712159 , 0.486683 , 1.07444 , 1.23084 , 1.11607 , 0.982388 , 1.00089 , 1.08402 , 1.3361 , 1.47976 , 1.42924 , 1.09148 , 1.80101 , 1.37529 , 0.646302 , 1.11481 , 1.37389 , 0.611388 , 0.897785 , 0.83823 , 1.21437 , 0.912083 , 1.10479 , 0.82562 , 0.996234 , 0.783963 , 1.1223 , 1.93625 , 0.725093 , 1.30171 , 0.854976 , 1.283 , 1.12477 , 1.01586 , 0.908245 , 0.984595 , 0.795587 , 1.09381 , 0.749255 , 0.907371 , 0.685502 , 0.695398 , 1.08474 , 0.63899 , 0.735995 , 1.15782 , 1.0469 , 1.28097 , 0.742727 , 0.489267 , 1.31929 , 0.73055 , 0.761474 , 1.37246 , 1.20087 , 1.02572 , 0.979188 , 0.717605 , 1.10207 , 1.59402 , 1.36027 , 1.26587 , 2.05197 , 1.03724 , 0.912851 , 1.17894 , 0.944283 , 1.22346 , 1.31466 , 0.906635 , 1.45259 , 1.22092 , 1.06603 , 1.49573 , 0.972665 , 1.57968 , 0.826339 , 0.801279 , 1.09545 , 0.647457 , 1.25791 , 1.30082 , 1.27486 , 0.759916 , 0.688118 , 0.827057 , 0.805088 , 0.81952 , 1.01699 , 1.13905 , 1.0273 , 0.879929 , 0.879598 , 1.07157 , 1.41734 , 1.0232 , 0.976973 , 0.766003 , 1.54518 , 1.39502 , 0.919991 , 1.23093 , 1.65614 , 0.821786 , 1.04646 , 0.755456 , 1.09147 , 1.26027 , 0.705693 , 1.06471 , 0.899628 , 0.855308 , 1.06303 , 0.808167 , 1.11489 , 1.21505 , 1.17987 , 1.00062 , 1.3462 , 0.603339 , 0.704208 , 0.812487 , 1.59031 , 0.998884 , 1.38941 , 0.645139 , 0.732068 , 0.830601 , 0.938719 , 1.06506 , 1.02018 , 0.778262 , 1.17822 , 1.3695 , 0.968362 , 1.03849 , 1.10612 , 0.532408 , 1.69013 , 1.03842 , 0.981897 , 0.987841 , 1.32507 , 1.2749 , 1.0623 , 1.03191 , 1.17738 , 0.842828 , 0.873524 , 1.1136 , 1.08093 , 0.867256 , 0.939933 , 0.877655 , 1.00219 , 1.07943 , 0.796474 , 1.06652 , 0.54972 , 0.720649 , 1.49214 , 0.874687 , 0.935759 , 1.33741 , 0.675659 , 1.51199 , 1.04206 , 0.819016 , 1.10865 , 0.802509 , 0.8205 , 0.749277 , 0.920395 , 0.754662 , 1.01905 , 0.635323 , 0.776476 , 0.811305 , 1.54744 , 0.690143 , 0.952238 , 0.797442 , 0.871566 , 0.907369 , 1.24277 , 1.25751 , 0.72201 , 0.970802 , 0.909384 , 0.71795 , 0.684128 , 0.844318 , 0.858194 , 1.30942 , 0.887596 , 0.776697 , 0.728651 , 1.14995 , 1.02406 , 0.959772 , 1.13639 , 0.94749 , 0.795097 , 1.16401 , 0.956338 , 1.29271 , 0.965527 , 1.13113 , 0.878424 , 1.04392 , 0.934466 , 0.935228 , 1.11585 , 1.25454 , 1.0118 , 1.17108 , 1.07407 , 1.38793 , 1.1608 , 0.88147 , 1.0389 , 0.634987 , 0.920084 , 0.812381 , 0.844094 , 1.25706 , 0.940535 , 1.03927 , 0.859295 , 0.893582 , 1.25689 , 1.61251 , 0.910531 , 1.4208 , 1.27845 , 0.8666 , 0.780919 , 0.80367 , 0.7104 , 0.854117 , 0.799283 , 1.16029 , 0.882521 , 1.21776 , 1.29382 , 0.889861 , 0.845477 , 1.6581 , 0.855576 , 1.53119 , 1.41869 , 0.950235 , 1.679 , 1.68971 , 0.617271 , 0.870957 , 1.28536 , 0.6145 , 1.9496 , 0.639438 , 0.852545 , 1.26643 , 0.632414 , 0.994746 , 0.788623 , 1.01308 , 0.658318 , 0.76334 , 0.928144 , 0.576877 , 0.789041 , 1.34787 , 0.797484 , 0.633007 , 0.677797 , 0.729688 , 0.90418 , 1.44041 , 1.30841 , 1.09977 , 1.13637 , 0.893122 , 0.955793 , 0.518801 , 1.18555 , 0.99621 , 0.931334 , 0.870415 , 0.881566 , 0.957019 , 1.05621 , 0.991433 , 0.653103 , 0.986143 , 0.764788 , 1.37936 , 1.05171 , 1.14147 , 0.677847 , 0.921994 , 1.13094 , 1.21204 , 1.00054 , 0.953689 , 0.78007 , 1.14291 , 0.797472 , 1.31521 , 1.28294 , 1.15929 , 1.32185 , 0.95327 , 0.645372 , 0.833336 , 0.82483 , 0.842594 , 1.28902 , 1.0775 , 1.00836 , 1.2266 , 0.901732 , 0.67482 , 0.976856 , 0.548026 , 1.44278 , 0.761676 , 1.3651 , 0.864863 , 0.835161 , 1.16686 , 0.770236 , 0.948238 , 0.72828 , 0.923848 , 1.81061 , 1.41782 , 0.898594 , 1.63279 , 0.80875 , 1.04314 , 0.918979 , 1.12071 , 0.755547 , 1.47506 , 0.814257 , 0.919488 , 1.17821 , 1.17752 , 1.50376 , 0.747612 , 1.34891 , 0.862924 , 1.55731 , 0.940568 , 0.948437 , 0.924075 , 0.825349 , 1.12938 , 1.37425 , 1.02273 , 0.767696 , 1.37024 , 0.795577 , 1.01513 , 1.03319 , 0.976388 , 0.670085 , 1.0105 , 1.34563 , 1.31327 , 0.878361 , 1.21571 , 0.883882 , 1.10251 , 0.855841 , 0.596617 , 0.968757 , 1.01845 , 0.831065 , 1.01759 , 1.19554 , 0.805922 , 1.00189 , 1.16102 , 0.92273 , 1.15371 , 0.714146 , 1.26254 , 1.44458 , 1.01686 , 1.24784 , 1.21687 , 0.778342 , 0.860588 , 1.23206 , 0.6422 , 0.823815 , 0.867102 , 1.17565 ,