avg1=[1.10413 , 0.703076 , 1.42527 , 0.903798 , 1.79797 , 0.399375 , 0.842039 , 0.807311 , 0.830398 , 0.749471 , 1.4005 , 0.91718 , 1.03473 , 0.991824 , 0.85077 , 0.887113 , 0.856909 , 1.16155 , 0.896286 , 0.757235 , 1.59448 , 0.608013 , 0.737309 , 0.760456 , 1.71448 , 0.857797 , 0.960242 , 1.53744 , 1.64923 , 0.593429 , 1.02701 , 1.43422 , 1.04937 , 0.898076 , 0.994768 , 1.21001 , 0.996379 , 0.769459 , 0.998369 , 1.22243 , 0.85486 , 0.824067 , 1.4533 , 0.929224 , 1.12373 , 1.04096 , 0.871004 , 1.26458 , 1.16158 , 1.01875 , 1.05644 , 0.632417 , 0.616037 , 0.574834 , 1.29706 , 1.15605 , 1.25788 , 1.26639 , 1.09419 , 0.840584 , 1.65703 , 0.773258 , 0.999478 , 1.05684 , 1.32225 , 0.846982 , 1.24867 , 1.31293 , 0.696944 , 1.29357 , 0.819727 , 1.05324 , 1.08867 , 0.989698 , 0.83931 , 1.15175 , 1.21543 , 1.45419 , 1.19878 , 0.831695 , 1.65449 , 1.57668 , 0.859594 , 0.978299 , 1.0953 , 1.2463 , 0.528053 , 0.813639 , 1.57776 , 0.674437 , 0.852758 , 0.709388 , 0.66576 , 1.37958 , 0.918207 , 1.41448 , 0.934082 , 1.47796 , 0.666049 , 1.07408 , 0.510952 , 0.838652 , 1.17676 , 1.36444 , 0.770143 , 1.26509 , 1.08003 , 1.17204 , 0.908291 , 1.48914 , 0.942427 , 1.11498 , 0.829248 , 1.3905 , 1.10333 , 1.23497 , 0.892037 , 0.763967 , 0.84244 , 0.990832 , 1.58546 , 1.35375 , 1.09493 , 1.08741 , 0.902976 , 0.885025 , 1.27751 , 0.990725 , 0.58881 , 0.755172 , 0.951531 , 0.61504 , 0.99828 , 0.910995 , 0.752557 , 1.21962 , 0.959945 , 0.933987 , 1.03156 , 0.905496 , 0.690105 , 0.854194 , 0.951842 , 1.19273 , 1.18247 , 0.795827 , 1.24346 , 0.906163 , 0.996024 , 1.18127 , 1.19561 , 1.21687 , 1.61592 , 1.16936 , 0.926736 , 0.638443 , 1.95917 , 0.926995 , 1.80464 , 0.877464 , 0.909495 , 1.48448 , 0.78675 , 0.593147 , 1.06343 , 0.960328 , 1.30031 , 1.07644 , 0.829715 , 1.177 , 0.946136 , 1.09594 , 1.05565 , 0.988874 , 0.963604 , 1.08856 , 1.73288 , 1.80757 , 0.634786 , 1.12573 , 1.19653 , 1.21981 , 0.744583 , 1.43669 , 0.815606 , 0.744476 , 1.12997 , 1.07825 , 1.84236 , 0.823764 , 1.65088 , 1.3516 , 0.879642 , 1.22125 , 0.473825 , 1.48093 , 1.2726 , 0.768609 , 1.18033 , 1.02947 , 1.02048 , 0.671088 , 1.19706 , 0.628402 , 1.27868 , 0.726674 , 0.964085 , 1.06906 , 1.22615 , 0.692676 , 1.05311 , 0.909226 , 1.36628 , 1.03612 , 1.46026 , 0.932948 , 1.01648 , 1.14717 , 0.942902 , 1.25608 , 0.869042 , 0.847917 , 0.729597 , 0.892243 , 0.687528 , 1.08911 , 0.788667 , 0.903237 , 0.717143 , 1.1131 , 0.91393 , 0.835522 , 0.938951 , 1.05851 , 0.905209 , 0.871325 , 1.25313 , 1.54971 , 1.08873 , 1.02429 , 1.52537 , 1.01697 , 0.936115 , 1.10311 , 0.672247 , 1.32629 , 1.10984 , 1.10367 , 0.844789 , 0.916805 , 1.11028 , 0.700073 , 0.724975 , 1.1406 , 1.17066 , 0.830476 , 1.07772 , 1.05497 , 0.852394 , 1.39905 , 1.01 , 0.979595 , 0.966809 , 0.425449 , 0.928183 , 1.43571 , 1.03305 , 0.584321 , 1.56449 , 0.732129 , 1.48302 , 0.718702 , 1.06091 , 0.873504 , 1.05015 , 0.892979 , 1.22856 , 1.19401 , 1.19334 , 0.858033 , 1.12483 , 1.32963 , 0.94635 , 1.03205 , 1.33735 , 0.599653 , 0.900513 , 1.35956 , 1.38623 , 1.66738 , 1.19913 , 1.09527 , 1.34076 , 0.799973 , 1.07748 , 0.634481 , 0.967103 , 0.810339 , 1.52467 , 0.491321 , 1.26969 , 0.843267 , 0.902198 , 0.842668 , 1.26912 , 1.27289 , 1.62451 , 0.573272 , 1.31732 , 1.21144 , 1.17078 , 1.26326 , 0.878191 , 0.955004 , 1.39168 , 0.879436 , 0.785439 , 0.687499 , 1.03151 , 1.14318 , 0.766739 , 1.78795 , 1.81078 , 1.359 , 1.26146 , 1.37017 , 1.23374 , 1.03478 , 1.02341 , 0.540496 , 0.826859 , 1.08728 , 0.966433 , 0.88909 , 1.22671 , 0.617959 , 1.53782 , 0.798004 , 1.23769 , 0.639524 , 1.19999 , 1.22281 , 0.586187 , 1.1422 , 0.900631 , 0.70185 , 1.08285 , 1.24664 , 1.1315 , 1.09862 , 1.49592 , 1.11932 , 1.21161 , 1.78515 , 0.636606 , 2.14771 , 0.943036 , 0.722855 , 1.01377 , 1.32032 , 0.88334 , 1.44443 , 1.60034 , 0.960539 , 1.12698 , 0.777139 , 1.5569 , 0.752503 , 1.12052 , 0.674862 , 0.800114 , 0.646896 , 0.812865 , 1.25766 , 0.91707 , 0.752918 , 0.894122 , 0.906815 , 1.10706 , 1.39566 , 1.18463 , 1.49437 , 1.42574 , 1.5118 , 0.747059 , 0.551216 , 0.682956 , 0.830507 , 1.12473 , 0.916059 , 0.799931 , 1.316 , 1.3253 , 0.840466 , 1.78888 , 0.82628 , 0.953824 , 0.705322 , 1.20838 , 0.560287 , 1.35603 , 0.757564 , 0.465346 , 1.55739 , 0.810798 , 1.1067 , 0.862342 , 1.17386 , 0.607582 , 1.47014 , 1.16677 , 0.583779 , 0.68774 , 0.719061 , 1.10268 , 0.798819 , 1.27435 , 1.26882 , 1.47491 , 0.612019 , 0.560005 , 0.560798 , 0.839348 , 1.49548 , 1.66048 , 0.974634 , 1.20168 , 0.821863 , 0.892708 , 1.18832 , 2.12335 , 1.39348 , 1.14648 , 1.27551 , 0.697789 , 1.08346 , 1.47862 , 0.714368 , 0.885311 , 1.28811 , 1.19839 , 0.749868 , 1.08769 , 0.807253 , 1.26955 , 1.15217 , 1.23152 , 0.85975 , 0.600075 , 0.749926 , 0.626137 , 2.039 , 1.0587 , 0.872316 , 0.882718 , 1.21039 , 1.57005 , 1.11912 , 1.16307 , 1.11858 , 0.799342 , 0.709344 , 1.02397 , 0.988514 , 0.968234 , 1.68177 , 0.659071 , 0.839089 , 1.14822 , 2.02971 , 1.42527 , 1.08529 , 1.39176 , 1.10949 , 1.30056 , 0.876176 , 1.24862 , 0.819241 , 1.06433 , 0.984187 , 1.21893 , 0.974005 , 0.980087 , 0.617377 , 0.695267 , 0.8417 , 1.13473 , 1.12429 , 0.934518 , 1.06552 , 0.652216 , 0.749223 , 1.18244 , 0.863108 , 1.423 , 1.15815 , 0.81385 , 0.522078 , 0.904186 , 1.50963 , 0.971787 , 1.7948 , 0.876904 , 1.1372 , 1.14471 , 0.725359 , 0.734854 , 1.28996 , 0.514079 , 1.16916 , 0.802276 , 1.22831 , 1.37443 , 0.895636 , 0.930434 , 1.29993 , 1.38775 , 2.02538 , 0.747481 , 1.29201 , 0.753561 , 0.98425 , 1.08756 , 1.48495 , 0.998973 , 0.815001 , 1.31063 , 0.714525 , 0.970404 , 0.82768 , 0.81683 , 0.814732 , 0.545296 , 1.23036 , 0.925134 , 0.738918 , 1.36286 , 1.027 , 1.20208 , 0.801034 , 1.00372 , 0.875358 , 1.23526 , 0.958333 , 0.560713 , 1.42487 , 0.50256 , 0.99026 , 1.04534 , 0.974352 , 1.09962 , 0.911473 , 1.02304 , 1.02414 , 0.76983 , 1.17168 , 1.61291 , 0.648732 , 0.637432 , 0.999751 , 0.867531 , 1.07885 , 1.13769 , 0.852557 , 0.866428 , 0.898026 , 0.755874 , 1.03471 , 0.833834 , 0.831024 , 0.799101 , 1.67338 , 0.951068 , 1.40097 , 0.931529 , 1.24568 , 0.796341 , 1.66389 , 0.98228 , 0.888531 , 1.17966 , 0.858575 , 1.11835 , 0.596082 , 1.26574 , 1.01317 , 1.03572 , 1.2207 , 0.864275 , 1.18363 , 1.33557 , 1.2336 , 0.688008 , 1.17542 , 1.01552 , 0.890485 , 1.10991 , 0.862759 , 0.896618 , 0.81146 , 1.34177 , 1.07712 , 1.62665 , 1.06852 , 1.04085 , 1.61895 , 0.942037 , 1.09512 , 0.996052 , 1.01355 , 1.1722 , 0.653376 , 0.831473 , 0.882954 , 0.814374 , 1.97332 , 1.43948 , 1.73946 , 0.844559 , 0.965175 , 1.7686 , 0.806073 , 1.2939 , 0.777753 , 1.20398 , 0.729079 , 0.85172 , 0.815074 , 1.3418 , 0.830507 , 0.803219 , 0.861536 , 1.27808 , 0.541193 , 1.71261 , 1.11781 , 1.1028 , 0.97405 , 0.881194 , 1.08109 , 1.12692 , 1.00403 , 1.19366 , 1.46163 , 0.862654 , 0.987201 , 1.35932 , 1.13636 , 1.54124 , 0.77339 , 1.14302 , 0.743882 , 1.22855 , 0.852452 , 0.850371 , 0.976468 , 1.30376 , 0.814862 , 0.936193 , 1.09097 , 1.02659 , 0.764202 , 0.946697 , 0.980727 , 1.05342 , 0.896026 , 0.567047 , 1.14834 , 1.02069 , 0.553456 , 0.874097 , 1.27742 , 0.730488 , 0.86833 , 1.05774 , 1.04949 , 0.941993 , 0.628716 , 1.067 , 1.13292 , 0.982665 , 0.840542 , 1.11252 , 1.20549 , 1.28824 , 1.20812 , 1.17578 , 1.25563 , 1.45082 , 1.27937 , 1.72226 , 1.06462 , 0.687591 , 0.897738 , 0.937268 , 1.06562 , 1.15153 , 0.729017 , 0.733763 , 0.712835 , 1.35696 , 0.675921 , 1.12884 , 0.781539 , 0.671608 , 1.08978 , 1.52539 , 0.795696 , 0.789883 , 1.08147 , 1.34253 , 1.03542 , 0.70913 , 0.987802 , 0.976203 , 0.712788 , 0.849679 , 1.1045 , 1.49519 , 1.26879 , 0.714238 , 1.48602 , 0.872095 , 1.06708 , 0.795902 , 0.770042 , 1.10514 , 0.671874 , 0.993176 , 1.36395 , 1.26363 , 0.992502 , 1.10167 , 0.922637 , 0.689286 , 1.02173 , 0.990335 , 0.633143 , 1.04361 , 0.700035 , 0.933543 , 0.987355 , 1.92682 , 0.796381 , 0.954437 , 1.16088 , 0.69691 , 0.6549 , 1.00366 , 0.845315 , 0.824496 , 0.851285 , 0.937318 , 0.674344 , 0.954161 , 0.973322 , 1.01278 , 1.15996 , 1.46095 , 0.868887 , 1.01707 , 1.20466 , 0.972615 , 0.839835 , 1.09382 , 1.2418 , 0.858336 , 1.88675 , 0.872675 , 