avg1=[0.743121 , 0.838521 , 0.854807 , 0.423027 , 1.94273 , 1.65538 , 1.86916 , 0.478258 , 0.820099 , 1.40358 , 1.20894 , 0.882795 , 1.26238 , 1.06762 , 1.07564 , 1.69633 , 0.574975 , 1.54559 , 0.981793 , 0.726465 , 1.68259 , 0.707818 , 1.01629 , 1.33437 , 2.21142 , 1.29068 , 1.64767 , 0.665177 , 1.64128 , 0.936922 , 1.0948 , 1.06877 , 3.13168 , 0.984838 , 0.801449 , 1.36392 , 0.410021 , 0.818969 , 0.626248 , 2.1465 , 1.23045 , 1.01205 , 1.51117 , 1.02925 , 1.66233 , 0.564421 , 0.907671 , 0.957287 , 1.64967 , 0.922715 , 0.857728 , 0.549254 , 0.621384 , 1.13018 , 0.732899 , 1.26352 , 1.1315 , 1.44875 , 1.30012 , 0.671082 , 0.858514 , 1.72397 , 1.12512 , 0.659579 , 1.6619 , 0.703247 , 1.73492 , 1.34292 , 1.33445 , 0.815546 , 1.08848 , 1.13482 , 1.38757 , 1.01608 , 0.643803 , 0.709372 , 0.720648 , 0.62445 , 1.00854 , 1.20732 , 1.6471 , 1.6775 , 0.9645 , 1.60557 , 0.575768 , 1.0964 , 0.942886 , 1.82778 , 1.40899 , 0.845059 , 0.739478 , 1.29889 , 0.851702 , 0.742653 , 0.831351 , 1.8731 , 0.851197 , 1.96977 , 1.97631 , 1.04315 , 0.51471 , 0.941037 , 1.4408 , 1.66846 , 3.09144 , 1.59094 , 0.872733 , 0.71826 , 0.56909 , 1.48226 , 1.84375 , 1.12035 , 1.88941 , 0.951334 , 1.34278 , 1.39871 , 0.768795 , 1.70423 , 0.765379 , 0.731238 , 1.24663 , 0.814626 , 1.73837 , 1.2269 , 0.978729 , 1.38925 , 1.26132 , 0.671289 , 0.906311 , 0.753608 , 0.677208 , 1.02551 , 0.794976 , 0.935423 , 2.0244 , 1.27563 , 1.09683 , 0.879442 , 0.480131 , 0.808039 , 1.35152 , 1.42246 , 1.29548 , 0.74081 , 0.823201 , 0.89496 , 2.65961 , 1.8703 , 0.945686 , 1.47899 , 1.67554 , 0.899326 , 1.1559 , 1.16447 , 0.82157 , 0.478789 , 1.49539 , 0.980476 , 1.5399 , 0.794457 , 0.570415 , 1.23947 , 0.718719 , 0.976087 , 0.464068 , 0.924808 , 1.51876 , 0.880768 , 1.27877 , 0.707227 , 0.551948 , 1.41933 , 1.59268 , 1.62342 , 0.894065 , 1.18379 , 0.669573 , 1.83405 , 1.60887 , 1.89356 , 1.68424 , 0.841157 , 0.716125 , 1.07064 , 0.89125 , 1.32294 , 1.40979 , 1.49646 , 0.646196 , 0.819254 , 1.11393 , 1.11135 , 0.730809 , 1.44279 , 0.524653 , 0.765285 , 0.868733 , 0.808559 , 1.0941 , 1.45021 , 0.404612 , 1.04209 , 0.791829 , 0.44629 , 0.773003 , 0.789608 , 0.595749 , 1.65001 , 1.17959 , 2.67124 , 0.95739 , 1.04986 , 1.27929 , 0.852334 , 0.697917 , 1.25716 , 0.696967 , 1.05029 , 0.896599 , 0.75176 , 1.62686 , 0.89315 , 1.46805 , 0.708378 , 1.48912 , 1.52849 , 0.393219 , 0.837918 , 1.11479 , 1.18134 , 0.860713 , 1.07994 , 0.64635 , 1.38634 , 1.1843 , 0.500763 , 0.967231 , 1.24644 , 0.963783 , 1.12983 , 1.64538 , 0.950908 , 0.664214 , 1.54037 , 1.15751 , 1.01306 , 0.783971 , 0.670938 , 1.51919 , 1.30044 , 0.752768 , 1.8606 , 0.981258 , 0.879416 , 1.10432 , 1.03389 , 1.40906 , 0.682009 , 1.37913 , 0.66439 , 1.02612 , 1.42231 , 1.34186 , 0.424701 , 1.16477 , 1.77493 , 1.66141 , 1.42775 , 1.572 , 1.21857 , 0.799851 , 0.904095 , 1.65598 , 1.01487 , 1.50273 , 1.28702 , 1.07175 , 1.18289 , 1.1625 , 0.963317 , 0.7375 , 0.75582 , 0.996167 , 0.60952 , 2.25461 , 1.26584 , 1.07367 , 1.12904 , 0.394015 , 2.07341 , 1.01814 , 0.991453 , 0.676892 , 0.86076 , 0.870103 , 1.26612 , 0.539605 , 0.719072 , 0.519648 , 1.36465 , 1.02617 , 0.912361 , 1.46193 , 0.937513 , 0.899561 , 0.447341 , 1.77845 , 1.19578 , 1.23985 , 0.819358 , 2.61078 , 0.998341 , 1.63267 , 1.40996 , 1.51263 , 1.01489 , 0.623352 , 0.909539 , 1.04385 , 1.45147 , 1.06415 , 1.37533 , 0.904792 , 0.628283 , 0.926623 , 1.36768 , 1.83185 , 1.00028 , 0.675725 , 1.71966 , 1.16062 , 0.987171 , 0.953221 , 0.659153 , 0.68934 , 0.368813 , 1.34988 , 1.20202 , 1.0431 , 1.20712 , 0.480885 , 1.36703 , 1.29235 , 0.808562 , 0.836332 , 1.09064 , 1.77253 , 0.793834 , 0.869201 , 1.24182 , 0.861664 , 0.931905 , 0.58773 , 1.05084 , 0.889535 , 0.561056 , 0.479576 , 1.16188 , 1.08733 , 1.10364 , 0.552308 , 0.696506 , 0.659025 , 0.638162 , 1.33666 , 1.15609 , 1.20602 , 0.888307 , 0.896556 , 1.16522 , 0.93619 , 0.828722 , 0.996565 , 1.34805 , 0.787431 , 1.51219 , 0.474121 , 1.20246 , 0.607789 , 1.46089 , 0.853008 , 1.10856 , 1.08957 , 0.817584 , 1.26449 , 0.669253 , 1.46187 , 1.04502 , 1.0069 , 1.03643 , 1.02962 , 1.23044 , 0.98271 , 0.723542 , 0.690691 , 0.441213 , 2.39806 , 0.629881 , 1.56869 , 0.732112 , 0.934258 , 2.87815 , 0.807974 , 1.16439 , 0.590765 , 0.834409 , 1.86634 , 1.25537 , 0.85735 , 1.0852 , 1.42551 , 0.478635 , 0.628479 , 1.24531 , 1.24036 , 0.488566 , 1.81509 , 0.941076 , 1.32574 , 0.735246 , 0.836662 , 2.03222 , 1.07404 , 0.642438 , 1.23713 , 0.714992 , 0.421752 , 0.777443 , 0.581583 , 0.434218 , 1.22576 , 1.11377 , 1.09538 , 1.29506 , 1.19494 , 0.982623 , 1.53706 , 1.37364 , 1.38039 , 2.23774 , 0.830111 , 0.819786 , 1.14664 , 1.06723 , 0.543007 , 0.772778 , 0.932908 , 0.877831 , 0.320525 , 1.41415 , 0.930149 , 0.988376 , 1.65421 , 0.552453 , 1.3196 , 1.06658 , 1.58449 , 0.771662 , 1.16646 , 0.63916 , 0.425486 , 0.949211 , 1.30932 , 1.27489 , 0.613163 , 0.995914 , 1.44182 , 0.717424 , 1.16027 , 1.61439 , 1.13061 , 0.783486 , 0.8349 , 1.46312 , 1.37787 , 0.501663 , 1.6493 , 0.542256 , 1.61479 , 0.684018 , 1.01444 , 1.25375 , 1.00403 , 1.40965 , 1.07025 , 0.831721 , 0.818559 , 0.744411 , 1.31138 , 1.26666 , 0.952067 , 1.1818 , 1.34846 , 1.5534 , 0.794166 , 1.00805 , 0.706317 , 0.841423 , 0.916114 , 0.603154 , 1.67157 , 1.0807 , 0.656992 , 0.662162 , 0.876196 , 0.63993 , 0.517777 , 1.15222 , 0.690999 , 1.10313 , 0.838744 , 0.981313 , 0.93788 , 1.13825 , 0.929905 , 1.01814 , 1.87526 , 1.23005 , 1.07933 , 1.14376 , 0.741494 , 0.838568 , 0.713207 , 1.53642 , 1.06451 , 0.896195 , 0.912227 , 0.572824 , 0.874116 , 0.565618 , 1.24362 , 2.52391 , 1.12314 , 1.09916 , 0.788366 , 1.35079 , 1.1197 , 1.01355 , 2.47581 , 0.965625 , 0.753355 , 0.454898 , 2.40135 , 0.683162 , 0.597438 , 0.908048 , 0.862858 , 1.08245 , 1.13575 , 0.767865 , 0.798704 , 1.31236 , 0.764377 , 1.08697 , 1.01226 , 1.86622 , 1.39727 , 1.94449 , 1.95225 , 0.442295 , 1.0444 , 1.76915 , 1.14343 , 0.387465 , 1.31804 , 0.784158 , 1.09074 , 0.529243 , 0.565621 , 0.905482 , 0.767392 , 1.54676 , 1.04743 , 0.82819 , 2.00755 , 1.10133 , 1.36082 , 1.6258 , 1.0359 , 1.23283 , 0.659527 , 1.03943 , 1.03703 , 0.561033 , 0.967957 , 1.44589 , 0.717234 , 0.694522 , 0.583107 , 0.760454 , 1.37168 , 1.19822 , 0.7807 , 1.55821 , 0.572388 , 1.41981 , 1.08432 , 0.859849 , 0.564724 , 0.729888 , 0.695994 , 1.20467 , 1.27362 , 0.728912 , 1.85999 , 0.866686 , 0.935808 , 0.788283 , 1.32323 , 1.24976 , 1.36591 , 0.370742 , 0.853312 , 1.15142 , 0.683565 , 1.16055 , 0.830509 , 0.966225 , 0.585616 , 0.525671 , 1.90129 , 1.04812 , 1.09216 , 0.923826 , 0.681867 , 1.41142 , 2.35768 , 0.665648 , 1.1167 , 1.9847 , 0.588036 , 0.807487 , 0.957485 , 1.03953 , 2.34573 , 0.69552 , 1.2457 , 1.38926 , 1.71171 , 1.37544 , 3.1556 , 0.731608 , 0.615213 , 1.51045 , 2.49343 , 0.339078 , 1.10023 , 1.0977 , 1.87301 , 1.0589 , 1.46895 , 0.808709 , 0.478629 , 1.23243 , 0.95956 , 1.17917 , 1.0725 , 1.17696 , 0.551708 , 0.722284 , 0.580407 , 1.43249 , 1.3609 , 1.04501 , 1.56117 , 0.914794 , 1.80879 , 0.61778 , 1.08866 , 0.721971 , 0.744899 , 0.600591 , 1.13654 , 1.32687 , 1.4656 , 1.40696 , 1.35339 , 0.730838 , 0.928614 , 0.991385 , 0.758683 , 1.35969 , 1.13594 , 0.977875 , 1.08976 , 0.842732 , 1.0615 , 1.07611 , 0.985592 , 0.651122 , 1.52541 , 0.962754 , 0.727279 , 1.76909 , 0.841109 , 0.729068 , 0.951568 , 1.13959 , 0.723999 , 1.4333 , 0.774122 , 1.10386 , 0.934337 , 1.07956 , 0.817513 , 1.7073 , 1.80671 , 0.789814 , 0.830332 , 1.26702 , 1.53402 , 0.659581 , 0.66352 , 0.964554 , 0.724706 , 1.69764 , 1.42266 , 0.901572 , 1.15774 , 2.24031 , 1.23735 , 1.20987 , 0.767649 , 0.397166 , 0.529118 , 0.845416 , 2.01833 , 0.645898 , 1.46699 , 0.851696 , 0.741139 , 1.27475 , 0.795672 , 0.559461 , 1.00647 , 0.780963 , 0.971974 , 1.17802 , 0.962015 , 2.40235 , 1.20772 , 1.17697 , 1.14305 , 1.12485 , 1.06888 , 0.80678 , 0.82436 , 0.760427 , 0.734289 , 1.01682 , 1.06286 , 1.58915 , 1.79333 , 1.09958 , 1.01461 , 1.15099 , 0.849726 , 0.783723 , 1.59426 , 1.01971 , 0.917927 , 1.69664 , 0.917946 , 1.25939 , 0.692815 , 1.01402 , 0.851332 , 0.982221 , 0.769505 , 0.967934 , 1.5529 , 