avg1=[0.979895 , 0.886662 , 1.17778 , 0.823676 , 0.705651 , 0.828086 , 1.01706 , 0.762168 , 1.11655 , 1.18588 , 1.25427 , 1.47071 , 0.764304 , 0.807518 , 0.887757 , 0.745858 , 1.12399 , 1.38477 , 1.3182 , 1.05328 , 1.31099 , 0.721624 , 1.11572 , 0.939444 , 2.05929 , 0.944602 , 1.41737 , 1.35013 , 1.43542 , 0.761801 , 0.877984 , 0.878502 , 1.78862 , 1.29198 , 1.15528 , 1.1319 , 0.563792 , 0.77088 , 1.14998 , 1.62503 , 0.759507 , 0.780645 , 1.32754 , 0.964801 , 0.616044 , 1.23755 , 0.946814 , 0.859051 , 0.869967 , 1.14862 , 1.38076 , 1.3917 , 0.728124 , 0.752552 , 0.641269 , 1.60129 , 1.21147 , 1.16383 , 0.78662 , 0.530051 , 1.21336 , 1.0618 , 0.949015 , 1.12062 , 1.12805 , 1.30578 , 0.732557 , 1.30579 , 1.16304 , 0.851112 , 1.20609 , 0.994004 , 1.25829 , 1.47064 , 0.799991 , 1.40442 , 1.19035 , 1.18986 , 0.943112 , 0.952831 , 1.11932 , 1.02546 , 0.758877 , 1.23058 , 1.86846 , 0.815563 , 0.709936 , 1.55392 , 1.42554 , 0.975929 , 1.08129 , 0.780133 , 0.816304 , 1.33746 , 0.899021 , 1.64866 , 0.818498 , 1.44961 , 1.19432 , 0.817984 , 0.868735 , 1.18548 , 1.20661 , 1.33574 , 0.952431 , 1.22804 , 1.25647 , 0.95148 , 0.812094 , 1.37061 , 1.21999 , 1.33536 , 0.720953 , 1.35827 , 1.16339 , 1.54273 , 0.851176 , 1.15246 , 0.895033 , 1.04641 , 1.1149 , 0.87325 , 0.89331 , 0.999655 , 0.843426 , 0.729694 , 0.947984 , 0.751526 , 0.831121 , 1.07869 , 1.02959 , 0.828413 , 0.969091 , 1.13515 , 1.06983 , 1.31609 , 1.04486 , 1.27007 , 1.25481 , 1.36268 , 1.29401 , 1.02236 , 0.994601 , 1.47407 , 1.00995 , 0.620835 , 1.44743 , 0.984803 , 1.07552 , 1.04894 , 1.49836 , 1.18348 , 1.27263 , 0.837512 , 1.65311 , 0.786526 , 1.37761 , 1.11827 , 1.40395 , 0.813389 , 1.09323 , 0.804799 , 1.01314 , 1.0493 , 1.24073 , 0.894991 , 1.03248 , 0.981537 , 0.88784 , 1.20747 , 1.0045 , 0.859458 , 0.999789 , 0.88756 , 0.861299 , 1.5188 , 0.674085 , 1.24292 , 0.677721 , 1.17801 , 1.15173 , 1.2071 , 0.623072 , 0.763864 , 1.18184 , 1.19991 , 1.08209 , 0.877126 , 1.52772 , 0.932873 , 1.28223 , 1.35755 , 0.804759 , 1.12071 , 1.15525 , 1.20811 , 1.02037 , 0.999919 , 1.27292 , 1.35563 , 0.802971 , 0.90849 , 1.14811 , 1.10095 , 0.708419 , 0.959707 , 0.937743 , 1.38501 , 1.45342 , 0.54928 , 0.806386 , 1.16431 , 0.649643 , 1.08322 , 1.2592 , 1.18782 , 1.44535 , 0.938224 , 0.703185 , 1.27563 , 0.746835 , 1.19009 , 1.22466 , 0.831409 , 1.01978 , 1.45601 , 0.870118 , 0.772354 , 0.888202 , 0.717315 , 1.31024 , 0.783148 , 0.914309 , 0.986742 , 1.11891 , 1.3682 , 1.59718 , 1.36518 , 1.47543 , 0.860047 , 1.69132 , 1.19647 , 1.04878 , 1.2576 , 0.68905 , 1.02998 , 1.67799 , 1.42248 , 1.01261 , 1.42107 , 0.959468 , 0.944017 , 0.855049 , 0.699976 , 1.15385 , 0.91725 , 1.22752 , 0.873771 , 0.688575 , 1.27112 , 1.11067 , 1.14646 , 1.05369 , 0.760211 , 0.903657 , 1.22076 , 0.972377 , 0.865425 , 1.09275 , 0.988111 , 1.1782 , 0.807534 , 0.997404 , 1.06014 , 1.05367 , 1.15543 , 1.08189 , 0.875715 , 1.17721 , 1.07464 , 0.563814 , 1.01212 , 0.791638 , 1.18056 , 1.73825 , 0.887614 , 0.761801 , 1.13895 , 1.09273 , 0.881592 , 1.42971 , 0.89309 , 1.02432 , 1.12118 , 1.10884 , 1.05215 , 0.518352 , 0.759377 , 0.896956 , 0.543204 , 1.75742 , 1.75104 , 0.728571 , 0.963326 , 1.06448 , 1.2791 , 1.17465 , 0.796723 , 0.992174 , 1.16758 , 1.16734 , 0.838225 , 0.851364 , 0.939698 , 1.0739 , 0.8869 , 1.00082 , 0.980169 , 1.16222 , 1.01558 , 0.660946 , 1.15648 , 1.31025 , 1.21 , 0.915695 , 1.65283 , 0.894003 , 1.02606 , 0.813493 , 0.8838 , 1.11175 , 0.912223 , 0.967323 , 0.94493 , 0.872482 , 0.624329 , 1.04788 , 0.548957 , 1.03988 , 1.3195 , 1.2406 , 1.01827 , 1.32767 , 0.853071 , 0.839284 , 0.802374 , 1.40542 , 1.45226 , 1.02157 , 1.18002 , 1.27657 , 0.883271 , 0.574572 , 1.20085 , 0.964771 , 1.0487 , 1.203 , 1.0298 , 1.21551 , 0.744978 , 0.757161 , 1.07241 , 1.1306 , 0.823242 , 1.33602 , 0.76179 , 1.29526 , 0.867622 , 1.2364 , 1.13622 , 0.918276 , 0.814376 , 0.948678 , 1.42381 , 1.16423 , 0.947404 , 0.980602 , 0.771896 , 0.751171 , 1.02986 , 1.0603 , 0.900401 , 1.482 , 1.59746 , 1.32619 , 0.973768 , 0.867581 , 1.21817 , 0.908648 , 1.13954 , 0.927713 , 0.925532 , 0.934296 , 0.704665 , 1.47189 , 1.28613 , 1.51085 , 0.793435 , 1.08765 , 0.811269 , 0.826206 , 0.986146 , 1.16389 , 1.45262 , 0.882003 , 0.843103 , 1.00658 , 1.21898 , 0.824422 , 1.19481 , 0.753699 , 0.816072 , 1.69967 , 0.623109 , 0.433597 , 0.937733 , 1.12707 , 1.00062 , 1.11231 , 0.696826 , 0.877101 , 0.753416 , 0.826582 , 0.73626 , 1.05487 , 1.14805 , 1.07661 , 0.657096 , 0.731635 , 1.32987 , 1.48633 , 1.02634 , 1.11164 , 1.21309 , 0.819215 , 0.902266 , 1.04188 , 1.10107 , 1.62798 , 2.44167 , 1.10323 , 1.09412 , 0.818937 , 1.0294 , 0.807898 , 1.52236 , 1.10338 , 0.966983 , 0.558439 , 0.61212 , 0.791931 , 1.20551 , 1.02551 , 1.62463 , 1.08453 , 0.90582 , 0.774574 , 0.984226 , 1.47132 , 2.05269 , 0.943926 , 0.84218 , 0.872162 , 1.12261 , 1.09759 , 1.51364 , 0.959969 , 0.882052 , 1.12199 , 1.44741 , 1.01328 , 0.810816 , 0.93467 , 1.16271 , 1.23511 , 0.699225 , 1.024 , 1.21618 , 1.18976 , 0.741462 , 1.20062 , 1.01668 , 0.589729 , 0.69712 , 0.852011 , 0.764416 , 0.707446 , 0.869552 , 0.993189 , 1.19035 , 0.779374 , 0.945353 , 0.711671 , 0.887087 , 0.852253 , 1.33811 , 0.553903 , 1.27176 , 1.18871 , 0.967768 , 0.835804 , 0.940048 , 0.820143 , 1.07612 , 1.16263 , 0.573004 , 1.30159 , 1.03283 , 0.874564 , 1.80191 , 1.05764 , 0.882644 , 0.841703 , 0.926578 , 0.986266 , 1.24375 , 0.78152 , 1.07213 , 1.05497 , 0.834586 , 1.02323 , 0.910668 , 0.792796 , 0.862998 , 0.999858 , 1.06925 , 0.887386 , 0.759694 , 0.9672 , 1.00639 , 0.889934 , 1.18254 , 1.09393 , 1.06253 , 1.77151 , 0.576836 , 1.13331 , 0.626353 , 1.4388 , 0.859273 , 0.924169 , 0.560765 , 1.0599 , 0.956435 , 0.973758 , 1.39345 , 0.77563 , 0.781442 , 0.9211 , 1.12007 , 0.742151 , 0.761806 , 0.825746 , 1.02267 , 1.5167 , 1.40191 , 1.1116 , 0.997278 , 0.84963 , 0.909525 , 1.16232 , 0.910773 , 0.961576 , 0.96651 , 1.0891 , 0.787982 , 0.963586 , 1.08551 , 0.871088 , 1.20499 , 1.17694 , 1.55234 , 1.24428 , 1.33389 , 0.910194 , 0.707816 , 1.04641 , 0.719272 , 0.863279 , 1.09424 , 1.32552 , 0.667984 , 0.684116 , 0.625454 , 1.74664 , 0.749991 , 0.952763 , 0.913813 , 0.922737 , 0.922504 , 0.92074 , 0.589965 , 0.763699 , 0.78438 , 0.866338 , 0.908524 , 1.12641 , 0.695768 , 1.06695 , 0.771813 , 0.786961 , 0.905255 , 0.93904 , 0.828936 , 1.21731 , 1.16984 , 0.94364 , 1.27084 , 0.730161 , 0.874291 , 1.29998 , 0.940859 , 0.799863 , 1.07836 , 0.964202 , 0.597902 , 0.825692 , 0.763068 , 0.996891 , 0.754821 , 1.56554 , 1.39116 , 0.912735 , 0.687142 , 1.06893 , 0.762486 , 0.477296 , 0.88297 , 1.18999 , 1.09321 , 0.814954 , 1.10315 , 1.1237 , 0.535713 , 1.45985 , 0.942307 , 1.51942 , 1.10198 , 0.922768 , 1.17771 , 0.868157 , 1.04185 , 1.07205 , 1.06758 , 0.980253 , 1.05389 , 1.22623 , 1.25683 , 0.806856 , 1.36557 , 0.947661 , 1.04325 , 0.947572 , 1.14516 , 0.676222 , 0.774167 , 1.03982 , 1.21472 , 1.07867 , 0.833954 , 1.48634 , 1.13545 , 0.912803 , 0.953285 , 0.932268 , 0.96839 , 1.28595 , 1.02202 , 1.66941 , 0.830712 , 0.944643 , 1.15567 , 0.878617 , 0.81074 , 0.704773 , 0.620238 , 1.22904 , 0.705972 , 1.0792 , 1.1174 , 0.959078 , 1.32252 , 1.19319 , 1.00745 , 1.26998 , 1.0394 , 0.601189 , 1.31935 , 1.14706 , 0.899321 , 1.34812 , 0.719805 , 0.582302 , 0.749519 , 0.578624 , 0.910109 , 1.12963 , 0.665075 , 1.13747 , 0.858191 , 1.27428 , 1.04925 , 1.03025 , 0.893221 , 0.856305 , 1.28781 , 1.17147 , 1.13319 , 1.4256 , 1.14679 , 1.35263 , 0.795083 , 0.98618 , 1.0539 , 1.40978 , 1.09694 , 0.685615 , 1.05075 , 1.2654 , 0.911664 , 0.802304 , 1.30587 , 0.814573 , 1.95877 , 0.958639 , 0.99808 , 0.890832 , 0.672757 , 1.01265 , 2.11458 , 1.0705 , 1.02042 , 1.2658 , 0.98964 , 0.942611 , 1.49103 , 0.823686 , 1.01608 , 0.744534 , 1.09951 , 0.975461 , 0.794581 , 1.22802 , 0.972168 , 1.15734 , 1.09344 , 1.24391 , 0.927604 , 0.909839 , 1.03819 , 1.08098 , 0.948328 , 1.24949 , 1.03652 , 1.12306 , 0.928358 , 1.38687 , 0.923391 , 1.54799 , 0.85715 , 0.947618 , 1.38866 , 0.876417 , 0.994359 , 1.04964 , 1.04785 , 0.978972 , 1.01639 , 0.898386 , 1.57573 , 1.35141 ,