avg1=[1.01383 , 0.998168 , 1.48898 , 0.953317 , 1.50273 , 0.555293 , 0.919688 , 1.10595 , 0.802131 , 1.7458 , 1.31154 , 1.4024 , 0.612336 , 0.947916 , 0.869853 , 1.71637 , 0.955842 , 1.42925 , 0.956 , 1.29309 , 1.04139 , 0.845817 , 0.621535 , 0.835345 , 1.98627 , 1.18329 , 1.20718 , 0.914918 , 1.10269 , 0.775494 , 0.938841 , 0.966367 , 1.18312 , 0.954737 , 1.42538 , 1.25663 , 0.745446 , 1.11492 , 0.97553 , 1.35861 , 1.61736 , 0.900555 , 1.17672 , 0.948794 , 0.798171 , 0.681765 , 1.0881 , 1.07655 , 1.20974 , 1.38563 , 0.979687 , 0.767944 , 1.04643 , 0.858828 , 0.983446 , 1.25224 , 1.24361 , 1.29656 , 0.917442 , 0.666424 , 1.09553 , 1.24588 , 1.15044 , 1.01306 , 1.31445 , 1.17976 , 0.825415 , 0.777389 , 0.948753 , 1.08438 , 1.42385 , 0.769296 , 1.3668 , 1.71969 , 0.776013 , 0.743679 , 1.07336 , 1.53189 , 0.812275 , 1.04826 , 0.909049 , 0.851588 , 0.994538 , 1.16446 , 1.46174 , 1.0901 , 1.16196 , 1.22073 , 1.08879 , 1.51486 , 1.174 , 0.805455 , 0.680978 , 1.13712 , 1.18224 , 1.81317 , 0.693447 , 1.08593 , 1.24999 , 1.43905 , 0.754268 , 0.757325 , 1.2032 , 0.970353 , 1.41212 , 0.929997 , 1.5322 , 1.30343 , 1.18804 , 1.25477 , 1.01347 , 1.71767 , 0.774503 , 1.113 , 0.65872 , 1.29917 , 0.87138 , 1.0384 , 0.917991 , 1.06466 , 0.886146 , 1.17828 , 0.782733 , 1.69259 , 0.73769 , 0.953442 , 0.850668 , 1.48072 , 0.655454 , 0.814612 , 0.88952 , 0.643774 , 1.16083 , 0.9338 , 1.49879 , 1.31762 , 0.829323 , 1.10756 , 1.36456 , 1.49827 , 0.821342 , 1.17876 , 0.901433 , 1.76695 , 0.938929 , 1.01038 , 1.57461 , 0.686055 , 1.1139 , 1.18098 , 1.46593 , 1.31779 , 1.43088 , 0.955136 , 1.30311 , 0.712161 , 1.73747 , 0.785136 , 1.00484 , 1.06118 , 1.28144 , 0.984532 , 0.999868 , 0.788827 , 0.600127 , 1.08489 , 0.893243 , 1.21613 , 0.751231 , 1.23358 , 1.02203 , 1.0938 , 1.32982 , 0.824519 , 1.14421 , 1.18817 , 0.918848 , 1.01173 , 1.03604 , 1.76484 , 1.73039 , 1.05397 , 0.847058 , 1.00071 , 0.930747 , 1.37613 , 0.95744 , 1.67438 , 1.23629 , 0.941548 , 1.38359 , 1.32124 , 1.04575 , 0.980012 , 0.818454 , 1.47025 , 0.965319 , 1.13335 , 1.1478 , 1.20614 , 0.849756 , 0.9594 , 0.816223 , 0.816674 , 0.712824 , 0.764306 , 0.712947 , 1.34638 , 1.64888 , 0.772445 , 1.93986 , 0.763023 , 1.23658 , 1.01454 , 1.24915 , 1.12081 , 1.19748 , 1.40623 , 0.946434 , 1.37165 , 1.12588 , 1.07227 , 0.958272 , 0.765416 , 0.870257 , 1.07696 , 0.968383 , 1.0641 , 0.863261 , 0.959037 , 1.19845 , 0.709745 , 1.01246 , 1.67403 , 1.09905 , 0.966665 , 1.39559 , 1.02901 , 1.31379 , 0.846325 , 1.63382 , 1.11463 , 0.826897 , 1.3765 , 0.634131 , 1.53944 , 1.46234 , 1.46151 , 0.898912 , 1.2433 , 0.726644 , 0.865287 , 1.0302 , 0.854564 , 0.979808 , 1.05335 , 1.55415 , 1.10684 , 0.984835 , 1.49954 , 0.989726 , 0.881913 , 1.49734 , 0.782799 , 1.00625 , 0.978936 , 1.11322 , 0.667761 , 0.916001 , 1.21607 , 0.828575 , 1.10014 , 1.2515 , 0.918393 , 1.08075 , 1.1124 , 1.32289 , 1.29205 , 1.42065 , 0.963402 , 0.623724 , 1.08102 , 0.976128 , 1.04692 , 1.11945 , 0.960248 , 0.902432 , 1.08729 , 1.02692 , 1.1064 , 1.11189 , 1.08362 , 1.14955 , 1.1876 , 0.950373 , 0.969159 , 0.726187 , 0.96619 , 0.935599 , 0.76199 , 0.935609 , 1.35465 , 0.703578 , 1.20617 , 0.908131 , 0.94211 , 1.02314 , 1.08955 , 1.06981 , 1.23173 , 1.37371 , 1.06391 , 0.847966 , 0.884914 , 0.815154 , 0.781478 , 1.02075 , 1.07701 , 0.71268 , 0.919234 , 0.985225 , 1.6282 , 1.12028 , 1.00178 , 1.11346 , 0.961528 , 1.02497 , 0.852306 , 0.946184 , 1.2202 , 0.707681 , 1.10263 , 1.06294 , 0.718221 , 0.783068 , 0.465618 , 1.24669 , 0.664991 , 1.09528 , 0.82012 , 0.998839 , 0.922243 , 0.981466 , 1.00923 , 0.785713 , 0.747445 , 0.663852 , 0.827209 , 0.803569 , 1.02404 , 1.33475 , 0.742564 , 0.71704 , 1.15704 , 0.892546 , 1.18626 , 0.914653 , 1.21107 , 1.10277 , 1.14654 , 0.7807 , 1.46319 , 0.991342 , 0.655236 , 1.38326 , 0.700034 , 1.57501 , 0.930867 , 0.838568 , 1.12248 , 1.18174 , 0.863239 , 0.868619 , 0.723412 , 1.1769 , 0.854222 , 0.707814 , 0.854685 , 1.06332 , 0.822888 , 1.23958 , 1.40789 , 0.831471 , 1.44042 , 1.44071 , 1.00491 , 0.760766 , 1.31479 , 0.879365 , 0.71925 , 1.07847 , 1.20005 , 1.3489 , 1.17859 , 1.09916 , 1.20771 , 0.675623 , 0.726971 , 1.09055 , 0.678014 , 0.929815 , 0.894982 , 0.963885 , 1.14756 , 1.58958 , 0.899447 , 1.11226 , 1.21527 , 0.664557 , 1.09734 , 0.990267 , 0.642878 , 0.882833 , 1.07055 , 1.08577 , 0.928212 , 0.986034 , 1.00439 , 1.19845 , 1.12549 , 0.836143 , 0.852414 , 0.751521 , 1.14239 , 1.52219 , 0.611293 , 0.822246 , 0.731944 , 0.71076 , 1.39539 , 1.74322 , 0.895392 , 1.09131 , 1.22079 , 0.915972 , 0.825887 , 1.10023 , 0.97067 , 0.987333 , 2.0544 , 0.926677 , 1.13819 , 0.996628 , 0.795569 , 1.01849 , 1.03954 , 1.05516 , 0.855466 , 0.707054 , 1.1294 , 0.898059 , 1.28662 , 0.991614 , 0.960096 , 0.832247 , 1.24211 , 0.757185 , 0.890776 , 0.840929 , 1.13165 , 0.698256 , 0.870427 , 0.901146 , 0.674258 , 0.932018 , 1.16665 , 1.48493 , 0.713235 , 0.820427 , 1.20809 , 1.37136 , 0.867446 , 1.07141 , 1.15593 , 0.93263 , 1.0936 , 0.81251 , 0.789893 , 1.51503 , 0.585694 , 1.35851 , 0.80891 , 0.674232 , 1.46235 , 0.835668 , 0.845184 , 0.97586 , 0.766617 , 1.04564 , 1.13765 , 0.82508 , 0.782236 , 0.84773 , 1.24026 , 1.09487 , 1.13221 , 0.799003 , 1.14439 , 1.14524 , 0.957078 , 1.05336 , 0.880612 , 0.66276 , 1.03744 , 1.50377 , 0.666717 , 1.1074 , 1.13139 , 0.636251 , 1.81633 , 1.27024 , 1.1603 , 1.03622 , 1.16327 , 0.946655 , 1.35508 , 1.19414 , 0.750224 , 1.08811 , 1.23635 , 1.35893 , 0.788872 , 0.986714 , 0.892802 , 0.756235 , 0.845165 , 1.10865 , 0.96779 , 0.901791 , 0.62996 , 0.575544 , 1.00409 , 1.25347 , 1.30257 , 1.05976 , 0.790966 , 1.12011 , 1.0464 , 1.32145 , 0.648154 , 0.931973 , 0.923507 , 1.21757 , 1.26595 , 0.654538 , 1.37281 , 0.446271 , 0.736968 , 0.991975 , 0.833487 , 0.968433 , 0.865691 , 0.83977 , 0.768456 , 0.785711 , 1.27147 , 1.15832 , 1.17947 , 0.63986 , 0.676096 , 0.837768 , 1.15872 , 0.851314 , 1.13325 , 0.943857 , 0.696453 , 0.792217 , 0.697222 , 1.3205 , 0.834895 , 1.01931 , 1.11054 , 1.29072 , 1.56722 , 1.08905 , 0.729602 , 1.01258 , 0.96247 , 1.15961 , 0.981916 , 0.612875 , 0.714733 , 1.84543 , 0.595348 , 0.845508 , 0.970973 , 0.816347 , 1.22045 , 1.16698 , 0.932708 , 1.09919 , 0.867713 , 0.728052 , 0.866091 , 1.23342 , 1.19996 , 1.21401 , 0.775873 , 1.0199 , 1.1035 , 0.835329 , 1.46907 , 1.05294 , 0.871065 , 1.6599 , 1.47253 , 1.13301 , 0.988204 , 0.670335 , 0.9548 , 1.2609 , 0.946214 , 0.864217 , 0.870575 , 1.07567 , 1.42836 , 0.889351 , 1.24603 , 0.958663 , 0.611335 , 1.35385 , 1.12021 , 1.33585 , 1.15763 , 1.20443 , 0.886001 , 0.891183 , 1.316 , 2.06097 , 0.915392 , 0.877032 , 1.09442 , 1.51449 , 0.945391 , 1.11872 , 0.962877 , 1.05058 , 0.90038 , 1.15616 , 1.22485 , 0.756229 , 0.774028 , 0.967983 , 0.857864 , 0.98887 , 1.20901 , 1.11317 , 1.14589 , 0.957501 , 0.997146 , 0.587821 , 1.03646 , 0.833213 , 0.9565 , 0.60765 , 1.65665 , 1.05057 , 0.808753 , 0.801954 , 0.829022 , 1.3594 , 2.22384 , 0.854795 , 0.852114 , 0.704035 , 0.679709 , 1.46354 , 1.15063 , 1.18809 , 1.15247 , 0.761759 , 1.25528 , 1.15486 , 1.06004 , 0.970472 , 1.03045 , 1.08775 , 0.968465 , 0.938107 , 1.34539 , 1.21221 , 1.1213 , 0.761794 , 0.8583 , 1.0606 , 0.938465 , 0.943119 , 1.41264 , 1.07486 , 0.921597 , 0.790351 , 1.03299 , 0.654707 , 0.991354 , 0.761533 , 0.754757 , 1.09898 , 0.964676 , 1.08665 , 1.10284 , 0.969319 , 0.835512 , 1.17249 , 0.808885 , 0.904077 , 0.990529 , 1.24447 , 0.950674 , 1.02505 , 1.23825 , 1.47661 , 1.31744 , 0.872656 , 1.13384 , 1.03931 , 0.880685 , 0.704954 , 1.24532 , 0.989631 , 0.997172 , 0.854008 , 1.10536 , 1.21754 , 1.02869 , 1.23559 , 1.19356 , 1.02238 , 0.639696 , 1.13944 , 1.47724 , 0.89532 , 1.38767 , 0.925688 , 1.05767 , 1.09758 , 0.638853 , 0.618976 , 0.702119 , 0.72994 , 1.23033 , 1.25146 , 1.01814 , 1.10341 , 1.05519 , 1.34413 , 1.5817 , 0.960073 , 0.637406 , 1.02774 , 1.13419 , 1.13282 , 1.41868 , 1.10402 , 1.13402 , 0.771371 , 1.48248 , 1.36103 , 0.915741 , 1.3083 , 0.912916 , 0.765621 , 1.23398 , 0.67441 , 1.01586 , 0.635115 , 0.830791 , 0.750953 , 1.02423 , 0.873514 , 1.12102 , 1.02804 , 