avg1=[0.778808 , 1.03271 , 0.978976 , 1.01093 , 1.09549 , 0.921344 , 0.820695 , 0.869203 , 1.06467 , 0.854539 , 1.36423 , 1.29646 , 0.783116 , 1.3594 , 0.879223 , 0.803134 , 1.50008 , 1.02681 , 1.13595 , 0.842576 , 1.1156 , 0.609193 , 1.12809 , 0.852188 , 1.64962 , 1.07056 , 1.12319 , 1.13551 , 0.953521 , 0.704671 , 1.00461 , 0.997288 , 1.47419 , 0.741385 , 1.32378 , 1.22367 , 0.796443 , 1.00259 , 0.769626 , 1.26586 , 0.770217 , 1.05257 , 1.10657 , 0.990444 , 1.00111 , 0.958966 , 1.02261 , 1.01201 , 1.03302 , 1.28437 , 0.90948 , 0.957187 , 0.928182 , 0.854809 , 1.07352 , 0.994494 , 1.1407 , 1.04054 , 0.811263 , 1.4224 , 1.07199 , 1.22042 , 1.1556 , 0.939274 , 0.956018 , 0.795246 , 0.929296 , 0.463909 , 0.98257 , 1.22856 , 1.80581 , 0.826528 , 2.15069 , 1.96734 , 0.742598 , 1.11973 , 1.12077 , 1.27261 , 1.0641 , 1.29361 , 0.862878 , 1.18173 , 0.80965 , 1.34293 , 0.926051 , 1.03 , 0.774887 , 1.07564 , 1.56411 , 0.643764 , 0.855653 , 0.646438 , 0.747755 , 1.25711 , 0.713724 , 1.28549 , 1.21615 , 1.25583 , 0.7622 , 1.26767 , 1.13527 , 1.1388 , 0.981534 , 1.39327 , 2.17163 , 1.06915 , 0.944559 , 0.729171 , 0.973495 , 1.43683 , 1.08684 , 0.884089 , 1.13326 , 1.3552 , 0.967632 , 1.09442 , 0.681225 , 0.868179 , 0.743101 , 0.879182 , 1.32421 , 1.01807 , 0.87578 , 0.980236 , 0.792008 , 1.04689 , 0.942134 , 1.15339 , 0.603549 , 1.45923 , 0.782299 , 0.611728 , 0.750937 , 1.05869 , 1.03963 , 0.926109 , 1.20007 , 1.15427 , 1.05735 , 1.28331 , 1.3052 , 0.977061 , 0.746418 , 1.74736 , 1.14567 , 0.846536 , 1.11451 , 1.12449 , 1.22775 , 1.34109 , 0.975508 , 1.16297 , 1.96939 , 0.8478 , 1.26513 , 1.04456 , 1.43359 , 1.01309 , 1.85731 , 1.39204 , 0.764271 , 1.03091 , 1.08696 , 0.860561 , 1.07315 , 1.01362 , 1.13429 , 1.20459 , 0.770003 , 0.638989 , 1.09622 , 0.951952 , 1.13332 , 1.0438 , 0.975586 , 1.21978 , 1.05822 , 0.975592 , 0.755363 , 1.10314 , 1.06627 , 1.25792 , 0.911348 , 0.922067 , 0.999269 , 0.716929 , 0.86468 , 1.605 , 1.47738 , 1.00493 , 1.22716 , 0.93181 , 0.924317 , 0.973768 , 1.34965 , 1.50353 , 1.26471 , 1.12005 , 0.958618 , 1.43792 , 1.04363 , 0.85985 , 1.1946 , 0.728873 , 0.752147 , 0.815887 , 1.03797 , 1.01303 , 1.05654 , 1.0242 , 1.37904 , 0.793246 , 0.663522 , 1.07836 , 1.101 , 0.954469 , 1.07486 , 0.935206 , 0.675207 , 0.78104 , 0.623317 , 0.765764 , 1.04926 , 1.12327 , 0.793321 , 1.57039 , 0.880929 , 0.992324 , 1.33088 , 0.845186 , 1.07626 , 0.827306 , 0.983618 , 1.19496 , 1.02771 , 0.586905 , 1.33481 , 0.917662 , 1.29043 , 0.892935 , 1.21835 , 1.09247 , 0.569332 , 1.09408 , 0.790947 , 1.10619 , 1.2438 , 0.997365 , 0.953456 , 1.08296 , 1.62695 , 0.775523 , 1.07019 , 1.59934 , 1.19501 , 0.882268 , 0.939341 , 1.075 , 0.808766 , 1.62132 , 1.10152 , 1.13112 , 1.10505 , 0.558143 , 0.988414 , 1.21304 , 1.20809 , 0.657595 , 1.16575 , 0.866581 , 0.67149 , 0.832513 , 0.776228 , 0.703905 , 1.09948 , 1.11078 , 1.07649 , 1.29469 , 1.0231 , 1.24484 , 0.620835 , 0.687257 , 0.714869 , 0.941179 , 0.83213 , 0.594791 , 0.710827 , 1.08524 , 1.57992 , 0.943038 , 1.75403 , 0.922021 , 0.6589 , 0.873378 , 1.02994 , 0.751062 , 0.976877 , 1.21489 , 0.735226 , 0.55692 , 1.57277 , 1.31346 , 0.826138 , 1.35035 , 0.956433 , 0.884521 , 1.13866 , 0.889519 , 0.839719 , 1.03469 , 1.43661 , 0.758512 , 0.97683 , 1.09467 , 1.09943 , 1.25328 , 0.940352 , 0.991757 , 0.864396 , 1.39772 , 0.683414 , 1.52038 , 1.17778 , 0.993592 , 1.11891 , 1.16105 , 1.24917 , 0.768495 , 0.950493 , 1.07969 , 0.756184 , 1.00725 , 1.39451 , 0.878064 , 0.785264 , 0.773503 , 1.3081 , 1.04571 , 1.25318 , 1.16046 , 0.986904 , 0.941086 , 1.31962 , 1.21943 , 1.02063 , 1.09667 , 0.875197 , 0.761819 , 0.793289 , 0.880574 , 0.958454 , 1.14142 , 0.794953 , 1.60536 , 0.573247 , 1.05941 , 0.784725 , 0.721003 , 1.16591 , 1.10162 , 1.13333 , 0.9303 , 0.697245 , 0.865088 , 0.884934 , 0.867336 , 1.46146 , 0.850205 , 1.08019 , 1.03412 , 0.918137 , 0.7273 , 1.02911 , 1.03805 , 1.20643 , 0.960353 , 0.889658 , 0.770986 , 0.833874 , 1.0721 , 0.927673 , 0.919459 , 1.2844 , 1.385 , 0.859463 , 0.880814 , 1.00673 , 0.970884 , 1.11577 , 1.05934 , 1.21457 , 0.983789 , 1.09825 , 0.772342 , 1.35619 , 1.08165 , 1.07674 , 0.90278 , 1.42685 , 0.700538 , 1.37856 , 1.34425 , 1.01232 , 0.894515 , 1.20401 , 0.832273 , 0.947606 , 0.966829 , 0.93134 , 1.47672 , 1.09537 , 0.948385 , 1.28421 , 0.716402 , 0.999152 , 0.709586 , 1.00175 , 1.26293 , 1.37196 , 0.926013 , 0.575235 , 1.45583 , 0.869679 , 0.948528 , 1.96999 , 0.881294 , 0.961716 , 0.849828 , 0.826032 , 1.27698 , 0.968392 , 1.1249 , 0.829693 , 0.873483 , 1.10802 , 0.635935 , 1.33311 , 0.986149 , 1.49875 , 1.81007 , 0.685644 , 1.19332 , 0.859302 , 1.12796 , 1.46301 , 1.43672 , 1.13169 , 0.841426 , 1.19266 , 1.14314 , 0.540705 , 0.997875 , 1.1516 , 1.87857 , 0.687183 , 1.00083 , 0.807498 , 1.07462 , 1.06686 , 2.01647 , 0.744106 , 0.933136 , 0.946917 , 0.855558 , 1.34375 , 1.20825 , 0.592977 , 0.933541 , 1.23136 , 1.28583 , 1.11138 , 0.839311 , 1.25474 , 0.990794 , 1.05052 , 1.39855 , 0.981327 , 1.73251 , 1.00798 , 0.829045 , 1.41013 , 1.04563 , 0.90028 , 0.947098 , 0.803805 , 0.588994 , 0.545148 , 1.1674 , 0.983469 , 1.25706 , 0.910989 , 0.92596 , 1.05948 , 1.31606 , 1.26206 , 1.06574 , 0.660843 , 1.42083 , 1.24694 , 0.829745 , 0.989982 , 0.933052 , 0.789234 , 1.02218 , 0.976423 , 0.574366 , 0.78603 , 1.03962 , 0.758274 , 1.21899 , 0.659046 , 0.961193 , 1.02576 , 0.927553 , 1.04054 , 1.14847 , 1.04046 , 1.16331 , 0.971869 , 1.1397 , 0.751922 , 1.0658 , 0.730457 , 0.80668 , 1.07654 , 0.727336 , 1.04594 , 0.920183 , 0.987118 , 1.3341 , 0.850753 , 2.00242 , 1.22213 , 1.5956 , 1.10758 , 0.567521 , 1.16656 , 1.37393 , 1.07123 , 1.17053 , 0.956618 , 0.539419 , 1.26191 , 1.78479 , 0.61947 , 1.35078 , 0.771562 , 0.790398 , 1.18434 , 1.03094 , 0.770594 , 0.940498 , 0.815339 , 0.884476 , 0.885515 , 1.56332 , 0.943971 , 0.868962 , 0.827628 , 0.624591 , 0.974308 , 1.32156 , 1.07532 , 0.88295 , 1.02818 , 0.968315 , 1.0581 , 1.02902 , 1.2428 , 1.03746 , 0.924199 , 1.14993 , 1.01956 , 0.99761 , 0.647174 , 0.849985 , 0.958374 , 0.932788 , 0.920589 , 0.770685 , 1.40555 , 1.14517 , 1.11962 , 0.74811 , 0.968243 , 0.813369 , 0.754901 , 1.46667 , 1.16748 , 0.964589 , 0.795048 , 0.730377 , 0.771511 , 0.785943 , 1.08377 , 0.889905 , 0.929759 , 0.899073 , 1.03526 , 0.859052 , 0.604746 , 1.2919 , 1.65361 , 0.941236 , 1.11574 , 1.41302 , 0.547641 , 1.13888 , 0.738039 , 1.0499 , 1.31282 , 0.872908 , 1.08062 , 0.927703 , 0.885958 , 0.886554 , 1.34356 , 1.1529 , 0.893338 , 0.927971 , 1.04169 , 1.0168 , 1.46337 , 1.02009 , 1.11568 , 0.779588 , 1.07668 , 1.08722 , 1.2088 , 1.0743 , 0.946157 , 1.02296 , 0.958219 , 0.74139 , 1.26706 , 1.05437 , 1.68684 , 0.930064 , 0.946272 , 1.07889 , 0.819846 , 0.896409 , 1.04025 , 1.26807 , 0.799871 , 1.0187 , 1.11225 , 1.6446 , 1.20601 , 1.14213 , 0.898644 , 0.791844 , 1.07908 , 0.747864 , 0.975163 , 0.866585 , 0.700784 , 1.16868 , 0.728472 , 0.968808 , 0.98959 , 0.603115 , 0.854181 , 0.958577 , 0.863176 , 0.876804 , 0.926951 , 1.09805 , 0.858248 , 0.779671 , 0.692301 , 0.731864 , 0.896935 , 0.798615 , 1.12146 , 0.772512 , 1.04573 , 0.779596 , 1.5023 , 0.760893 , 1.06518 , 1.19111 , 0.963809 , 0.719705 , 1.284 , 1.30314 , 1.08762 , 1.38417 , 0.997029 , 1.55272 , 1.53302 , 1.1141 , 0.801564 , 1.05971 , 0.702037 , 1.03845 , 0.959332 , 0.870115 , 1.31086 , 1.10102 , 1.53412 , 1.01567 , 1.21961 , 0.690589 , 0.781817 , 1.35647 , 1.39814 , 1.35665 , 1.39579 , 0.828704 , 1.28324 , 0.993135 , 1.0163 , 0.730626 , 1.13823 , 0.995122 , 0.864494 , 1.119 , 0.950521 , 1.05766 , 0.847301 , 1.8832 , 0.871156 , 0.990367 , 0.741404 , 1.04346 , 1.36197 , 0.835698 , 1.46103 , 1.21986 , 0.964644 , 0.852429 , 0.796552 , 1.18859 , 1.11078 , 0.839557 , 0.923701 , 0.953897 , 1.20925 , 1.28395 , 0.971021 , 0.739665 , 1.20347 , 0.823674 , 1.24016 , 1.13587 , 0.884025 , 0.855588 , 0.84238 , 0.905483 , 0.885579 , 1.01411 , 1.32235 , 1.08404 , 0.906707 , 1.14115 , 1.47635 , 0.823977 , 1.20827 , 1.04212 , 1.24777 , 1.5085 , 0.867901 , 1.00136 , 1.02638 , 0.818625 , 1.11239 , 0.843102 , 0.984861 , 1.17513 , 