avg1=[0.302844 , 0.972503 , 1.4363 , 1.27283 , 0.990753 , 1.3637 , 1.15584 , 0.901059 , 0.684584 , 1.67768 , 1.89884 , 1.00904 , 1.1731 , 1.64144 , 1.11599 , 0.925023 , 1.06306 , 1.34606 , 1.7866 , 1.29608 , 1.52062 , 0.822268 , 1.24394 , 0.79251 , 2.89735 , 2.64516 , 0.823443 , 1.37669 , 1.22336 , 0.612096 , 1.14988 , 1.96085 , 0.982336 , 0.770299 , 0.736122 , 0.900818 , 1.07747 , 1.02632 , 0.910524 , 0.930514 , 2.47047 , 0.564639 , 1.4258 , 0.768514 , 1.0148 , 0.602545 , 1.26582 , 1.1602 , 1.07888 , 0.541084 , 1.2742 , 1.04261 , 0.897987 , 1.17348 , 0.614756 , 1.10729 , 1.05529 , 0.976728 , 0.703954 , 0.857561 , 1.07933 , 0.649868 , 1.32884 , 0.811856 , 1.13416 , 1.15574 , 1.07372 , 2.11859 , 1.08962 , 1.11421 , 0.936557 , 1.25623 , 0.796436 , 0.511438 , 0.980586 , 1.40942 , 2.00133 , 0.765974 , 0.484711 , 1.73625 , 2.33543 , 0.918238 , 1.82073 , 1.2706 , 0.579258 , 1.7955 , 1.27823 , 0.674347 , 1.61353 , 0.995715 , 1.37626 , 0.681134 , 0.935684 , 1.00663 , 1.00551 , 2.38041 , 0.8645 , 1.55449 , 0.55294 , 1.24591 , 0.592991 , 0.883307 , 1.58098 , 0.593534 , 1.65034 , 0.833727 , 1.43099 , 0.872429 , 1.29845 , 1.50311 , 2.0346 , 0.872185 , 1.15058 , 0.91332 , 1.00333 , 0.95851 , 1.21956 , 1.20107 , 1.12575 , 0.604099 , 0.54924 , 0.419781 , 1.2306 , 0.600808 , 0.610276 , 1.37011 , 1.33892 , 0.615646 , 0.673977 , 3.00543 , 1.00868 , 1.0362 , 0.709068 , 0.860252 , 1.252 , 1.87585 , 0.959925 , 0.824727 , 1.17418 , 0.904541 , 1.31046 , 1.33753 , 1.00115 , 1.32124 , 0.791376 , 0.630637 , 0.785981 , 1.808 , 1.10081 , 2.1659 , 0.756587 , 1.55974 , 1.92195 , 1.80919 , 0.77515 , 0.901661 , 1.11316 , 1.15653 , 0.890701 , 0.812588 , 1.59828 , 1.40285 , 0.95875 , 1.07593 , 1.25178 , 0.783323 , 0.750726 , 2.64428 , 0.683261 , 1.10531 , 1.44771 , 1.96768 , 0.862241 , 1.57572 , 0.951585 , 2.21772 , 0.919908 , 1.55835 , 0.879615 , 0.88772 , 1.7637 , 1.57376 , 2.30278 , 0.935708 , 0.580546 , 0.793394 , 1.06056 , 0.937291 , 0.831651 , 1.30939 , 0.915248 , 1.30497 , 2.20179 , 1.59473 , 1.46103 , 1.4404 , 0.658062 , 1.34756 , 3.3887 , 1.44695 , 0.914494 , 0.871974 , 0.480641 , 0.788415 , 0.840677 , 1.63931 , 2.38524 , 1.09439 , 0.788941 , 1.01474 , 1.63992 , 0.657354 , 1.68819 , 0.950888 , 0.771016 , 0.787107 , 0.599449 , 0.57381 , 0.802843 , 0.682559 , 0.6278 , 0.537262 , 0.776454 , 1.4138 , 1.378 , 1.81442 , 2.95088 , 0.430212 , 1.36698 , 1.44946 , 2.09324 , 1.5677 , 0.871645 , 1.36865 , 0.879483 , 0.578622 , 1.03161 , 0.867124 , 0.948984 , 0.486374 , 1.21193 , 1.34984 , 0.716419 , 1.18703 , 1.01206 , 1.0408 , 1.0696 , 1.88786 , 0.81537 , 1.24275 , 0.723906 , 1.67387 , 1.06345 , 1.45151 , 1.59138 , 0.887578 , 2.91826 , 1.2177 , 1.34249 , 1.45215 , 1.09107 , 0.610648 , 1.0048 , 0.579233 , 1.31461 , 0.722122 , 2.13468 , 2.29813 , 1.17054 , 1.35069 , 0.683415 , 0.711944 , 0.778712 , 1.16494 , 1.42637 , 1.67851 , 0.564297 , 0.93022 , 0.999579 , 1.47397 , 1.47207 , 0.514661 , 0.812683 , 0.987648 , 0.878273 , 1.09956 , 0.989277 , 1.2344 , 1.36049 , 0.737828 , 1.91708 , 0.768584 , 1.71137 , 0.965735 , 1.04095 , 1.1536 , 0.68582 , 0.795626 , 0.794715 , 1.54239 , 1.35032 , 1.09917 , 2.55826 , 1.07995 , 1.01698 , 0.406954 , 1.09665 , 1.69577 , 2.75879 , 1.01999 , 0.896605 , 0.944303 , 0.54653 , 1.59221 , 1.21845 , 0.915832 , 0.834912 , 0.803689 , 0.893315 , 0.584598 , 0.785964 , 1.14126 , 1.58479 , 1.46805 , 1.46005 , 3.05067 , 1.78312 , 0.502577 , 1.07829 , 1.27017 , 0.507666 , 0.84917 , 1.34378 , 0.591733 , 0.704815 , 0.565576 , 0.829596 , 0.447818 , 0.865504 , 1.26361 , 0.753972 , 0.767313 , 1.4722 , 1.25713 , 2.59825 , 0.911297 , 0.458018 , 1.35357 , 1.72636 , 1.35751 , 0.96694 , 0.468127 , 0.867271 , 1.08906 , 0.984898 , 1.82277 , 1.08841 , 1.70593 , 1.3396 , 1.1072 , 0.601203 , 1.99171 , 1.9705 , 0.881572 , 1.84291 , 0.517958 , 1.18731 , 1.11092 , 1.62092 , 0.615666 , 1.50998 , 1.55544 , 1.43153 , 1.12794 , 1.7875 , 1.33146 , 0.671707 , 0.875175 , 0.827721 , 1.20429 , 0.975636 , 0.982128 , 0.915909 , 0.738527 , 1.29854 , 0.423924 , 0.545288 , 1.09768 , 0.48449 , 1.65835 , 0.945544 , 0.589208 , 2.12754 , 1.46798 , 2.11283 , 1.72849 , 1.61605 , 0.708386 , 1.8475 , 0.999399 , 1.53791 , 2.18912 , 1.2282 , 1.63512 , 1.9792 , 0.738634 , 1.31096 , 1.26142 , 1.39633 , 1.23183 , 1.04386 , 1.00581 , 0.363305 , 1.7916 , 1.07661 , 0.791962 , 1.19189 , 1.06079 , 0.822924 , 0.798909 , 0.777367 , 1.41333 , 1.20545 , 1.72471 , 0.792967 , 1.34451 , 0.784226 , 1.03329 , 1.12044 , 1.09357 , 0.598222 , 0.989641 , 0.73789 , 0.812655 , 1.16545 , 0.770264 , 1.13141 , 0.926395 , 1.16021 , 0.80706 , 1.15595 , 1.64178 , 0.893677 , 1.01008 , 1.10657 , 1.01648 , 1.10145 , 0.990768 , 0.71136 , 0.486202 , 0.687532 , 1.14628 , 0.952563 , 0.66772 , 1.70775 , 1.94061 , 2.31298 , 0.808254 , 1.16386 , 1.03492 , 1.29599 , 1.33839 , 0.546164 , 0.972939 , 0.757801 , 0.868604 , 1.77643 , 0.422073 , 0.979884 , 1.78203 , 1.47329 , 1.00937 , 0.813492 , 1.0125 , 1.34951 , 1.23313 , 0.927559 , 0.760598 , 0.725062 , 1.13796 , 1.02287 , 0.805772 , 0.680817 , 1.47693 , 0.502896 , 1.25393 , 0.967654 , 1.09817 , 0.582701 , 1.22255 , 1.13708 , 0.804741 , 1.01364 , 0.699978 , 1.81615 , 1.71127 , 1.03942 , 1.03997 , 0.821722 , 0.772543 , 0.87658 , 0.840981 , 0.651538 , 1.05093 , 1.66691 , 0.893378 , 1.48206 , 1.5415 , 1.47452 , 2.27235 , 0.290209 , 1.32744 , 1.88218 , 0.784858 , 1.00499 , 1.04379 , 1.06427 , 1.09376 , 1.09535 , 0.762648 , 1.44908 , 0.932137 , 1.11771 , 1.19058 , 1.85241 , 0.651606 , 1.05204 , 0.978592 , 1.57456 , 0.734067 , 0.668222 , 1.48188 , 1.68152 , 1.33712 , 3.03445 , 1.30549 , 1.30736 , 2.11744 , 1.07582 , 0.980227 , 0.784301 , 0.568429 , 0.653598 , 1.62248 , 0.698766 , 1.17937 , 0.536955 , 1.74062 , 1.31708 , 0.954553 , 1.03646 , 1.24676 , 1.06405 , 0.432448 , 2.95147 , 2.45617 , 1.06114 , 1.08579 , 2.01522 , 1.01717 , 0.990317 , 0.766271 , 0.865087 , 1.11624 , 1.60674 , 0.873426 , 1.30015 , 1.17207 , 1.11815 , 1.11192 , 1.82533 , 0.985735 , 0.628298 , 1.72469 , 1.93431 , 2.41437 , 1.70326 , 0.746211 , 0.834736 , 1.39447 , 0.845362 , 0.839253 , 0.87112 , 1.7366 , 1.6298 , 0.438889 , 1.35281 , 0.817645 , 1.38798 , 1.50452 , 0.709578 , 0.594529 , 0.527198 , 0.924603 , 1.29131 , 0.82729 , 0.540766 , 1.0096 , 1.93701 , 1.35892 , 0.736359 , 1.01967 , 0.966317 , 1.13928 , 2.16178 , 1.65591 , 0.93159 , 1.23135 , 0.709186 , 0.827931 , 1.26226 , 1.31561 , 1.30761 , 0.700719 , 1.10124 , 0.778281 , 1.5569 , 0.608919 , 1.07989 , 1.05014 , 1.45061 , 1.40307 , 2.29148 , 0.584459 , 0.611558 , 0.858939 , 0.930923 , 1.38415 , 0.318315 , 1.1677 , 1.02896 , 0.479188 , 1.2244 , 0.69803 , 1.13319 , 1.55023 , 0.614744 , 0.796535 , 1.28004 , 1.2334 , 1.97792 , 0.585439 , 2.02963 , 1.62018 , 2.15711 , 1.4704 , 0.777354 , 1.45465 , 1.10559 , 0.921911 , 1.2087 , 2.09173 , 1.05958 , 0.751947 , 0.773963 , 1.30697 , 1.792 , 1.78347 , 1.01791 , 0.905554 , 1.70207 , 2.68414 , 1.61113 , 0.637808 , 1.42666 , 0.613732 , 1.15599 , 0.959708 , 0.805479 , 0.839442 , 1.2221 , 1.47393 , 1.19936 , 0.699832 , 1.07909 , 1.001 , 1.39526 , 2.2103 , 2.37624 , 1.64713 , 0.890981 , 0.779214 , 0.970474 , 1.19344 , 0.692201 , 1.26698 , 0.720258 , 0.479983 , 2.53559 , 1.04425 , 0.598252 , 1.01607 , 1.00887 , 0.741585 , 0.759378 , 0.625587 , 1.54744 , 1.97108 , 0.725164 , 1.39865 , 0.961346 , 0.973642 , 1.56249 , 0.522499 , 0.701155 , 1.38031 , 0.886562 , 1.27791 , 1.38542 , 0.476647 , 1.24558 , 0.965254 , 1.04598 , 0.972461 , 1.27457 , 0.421426 , 1.10016 , 2.12571 , 1.18372 , 1.06249 , 0.780325 , 1.30933 , 0.901592 , 1.31655 , 1.05153 , 1.41236 , 1.2058 , 0.616174 , 0.824086 , 0.672514 , 1.57096 , 0.950357 , 1.32119 , 0.985711 , 1.32058 , 0.428147 , 1.49521 , 1.0392 , 0.687134 , 1.70763 , 0.928658 , 1.0795 , 3.07201 , 1.07713 , 1.60731 , 1.99097 , 0.843811 , 0.936101 , 0.911417 , 0.987265 , 1.32346 , 1.14803 , 2.27902 , 2.73811 , 1.03333 , 1.3526 , 0.956038 , 0.794807 , 1.62515 , 1.1694 , 1.13698 , 0.813632 , 0.846387 , 1.33762 , 0.815098 , 0.701582 , 0.858268 , 1.55783 , 1.81812 , 1.11807 , 1.66018 , 1.31527 , 2.44597 , 1.04744 , 0.986686 , 