avg1=[1.59088 , 1.10133 , 1.87855 , 0.597295 , 0.759594 , 0.861928 , 1.14878 , 0.607533 , 0.931937 , 1.12198 , 1.1358 , 1.60177 , 1.22039 , 1.34344 , 0.946587 , 0.677775 , 0.878406 , 1.19428 , 1.22952 , 1.29842 , 1.15821 , 0.656255 , 0.692121 , 1.78996 , 2.20294 , 2.46792 , 0.636634 , 0.311458 , 1.02378 , 1.30701 , 2.37687 , 0.940498 , 1.497 , 1.64443 , 0.968053 , 2.19144 , 2.0913 , 1.07114 , 1.64634 , 1.06367 , 0.464469 , 0.648861 , 0.791657 , 0.700652 , 1.08119 , 1.11205 , 0.759499 , 0.481886 , 0.876659 , 0.736699 , 3.02421 , 1.0241 , 1.33752 , 0.809586 , 0.752515 , 0.777982 , 0.611311 , 1.16931 , 3.36504 , 2.57644 , 1.5809 , 0.563054 , 0.367268 , 1.72225 , 0.998874 , 0.738698 , 0.945759 , 0.399471 , 0.937473 , 0.885037 , 0.951409 , 2.82546 , 0.846272 , 0.962316 , 1.37159 , 0.932317 , 0.897311 , 1.13249 , 3.04771 , 1.91518 , 1.13911 , 1.9423 , 1.00598 , 1.47945 , 0.747255 , 2.00137 , 1.58423 , 1.10628 , 0.735408 , 1.96656 , 1.04477 , 0.920391 , 0.560173 , 1.63265 , 0.472836 , 0.727721 , 2.09161 , 0.835603 , 2.13928 , 2.7038 , 2.01762 , 1.64369 , 0.578492 , 0.930026 , 2.30028 , 1.52505 , 2.5029 , 0.191905 , 0.612944 , 1.60988 , 0.887927 , 0.800923 , 0.709443 , 1.79979 , 1.08185 , 0.665719 , 2.23954 , 1.78187 , 0.922108 , 2.44501 , 0.629115 , 1.04547 , 2.24636 , 1.15275 , 0.693729 , 0.809574 , 1.41427 , 0.606706 , 1.07604 , 7.37188 , 0.615518 , 1.76874 , 1.44659 , 0.418571 , 0.968426 , 0.445013 , 1.84407 , 1.18878 , 1.23922 , 0.326897 , 3.24109 , 0.713598 , 2.35898 , 3.79745 , 2.47873 , 1.0696 , 0.436081 , 1.28031 , 0.43919 , 0.772116 , 0.440021 , 1.04022 , 0.434078 , 1.97782 , 0.392024 , 0.212416 , 2.88228 , 0.726986 , 2.19923 , 1.72427 , 4.25582 , 0.332361 , 1.05893 , 0.815667 , 2.353 , 1.08933 , 1.32634 , 0.564941 , 1.02762 , 1.77901 , 1.0107 , 1.55397 , 1.55579 , 0.701173 , 0.759782 , 0.698233 , 2.52274 , 1.30248 , 0.442346 , 1.78765 , 1.37593 , 1.01062 , 0.479995 , 1.12374 , 1.25003 , 0.926523 , 0.517857 , 0.965425 , 0.626352 , 0.557262 , 1.32224 , 2.3551 , 0.981929 , 0.250057 , 1.33502 , 1.22691 , 1.19156 , 0.990239 , 0.782526 , 1.91272 , 0.727211 , 3.07229 , 0.928352 , 0.328965 , 1.36153 , 2.25094 , 0.831668 , 0.859074 , 2.32921 , 1.40773 , 3.17403 , 2.10289 , 0.639044 , 1.79229 , 2.39456 , 1.17845 , 0.754637 , 1.38864 , 0.406078 , 1.03499 , 1.13087 , 0.623957 , 1.03484 , 0.740179 , 0.829625 , 1.18343 , 1.07764 , 0.559183 , 0.763994 , 1.04134 , 2.15143 , 1.74283 , 2.29908 , 1.91125 , 1.43656 , 0.564057 , 1.58878 , 0.808975 , 3.83114 , 0.418244 , 1.25276 , 0.645218 , 0.675849 , 2.69781 , 0.774338 , 1.4677 , 0.83157 , 0.582127 , 2.04552 , 1.0711 , 0.780124 , 0.339049 , 0.87681 , 0.862463 , 0.82575 , 0.747895 , 1.48481 , 1.79962 , 1.55188 , 0.724209 , 2.68619 , 2.55378 , 1.5776 , 1.05641 , 2.45326 , 0.473317 , 0.675031 , 1.49829 , 1.25152 , 0.218031 , 1.31579 , 0.93724 , 1.87007 , 2.52808 , 0.649365 , 1.20782 , 1.09457 , 1.30686 , 1.14947 , 0.632209 , 2.05724 , 1.82697 , 2.27513 , 1.45285 , 2.16064 , 1.32747 , 0.866581 , 0.980552 , 1.21787 , 0.475695 , 0.810756 , 0.984879 , 1.65211 , 0.472204 , 1.41276 , 1.02975 , 0.771296 , 0.345605 , 1.25673 , 0.250142 , 1.6525 , 1.12504 , 2.57105 , 1.05013 , 0.871151 , 0.692988 , 2.58566 , 1.34992 , 0.607577 , 1.02514 , 2.17822 , 1.05031 , 0.96808 , 1.73585 , 1.21496 , 1.30731 , 2.30997 , 0.87449 , 0.896717 , 0.47991 , 1.17405 , 0.447309 , 1.2294 , 2.07394 , 1.35826 , 1.15191 , 2.28542 , 1.62166 , 1.75272 , 1.40944 , 0.862847 , 0.860233 , 3.40605 , 0.49632 , 1.17604 , 1.23259 , 1.1524 , 0.518323 , 1.50749 , 0.922412 , 0.934316 , 1.52262 , 0.930674 , 1.6216 , 2.20966 , 0.8042 , 1.78007 , 0.889587 , 0.987343 , 0.884318 , 1.36142 , 0.82643 , 0.586594 , 2.22388 , 1.45712 , 2.61159 , 0.523195 , 0.743542 , 1.18743 , 2.38464 , 0.453132 , 0.428927 , 1.26043 , 3.1161 , 0.926752 , 1.27376 , 0.556753 , 1.3291 , 0.956956 , 2.74135 , 1.16684 , 0.89683 , 0.487628 , 0.834948 , 0.644871 , 0.741292 , 1.66414 , 1.03854 , 1.6849 , 1.3431 , 3.44559 , 0.996443 , 0.796452 , 2.07465 , 1.87371 , 0.979628 , 0.374174 , 1.29406 , 0.339735 , 1.1658 , 1.74209 , 1.90934 , 0.61317 , 1.53338 , 1.03437 , 0.543078 , 2.26348 , 0.857081 , 0.823445 , 0.764944 , 1.36462 , 1.00704 , 1.10584 , 2.14509 , 0.903758 , 1.43368 , 0.634951 , 2.04812 , 1.18962 , 2.25844 , 1.29151 , 2.00215 , 1.53588 , 0.733893 , 0.551695 , 1.07901 , 5.54414 , 2.63397 , 0.209671 , 1.12467 , 2.04258 , 0.199171 , 2.68363 , 1.54519 , 1.35203 , 2.66351 , 3.19798 , 0.662815 , 0.239522 , 1.02726 , 0.848397 , 0.545103 , 0.649132 , 0.425524 , 0.956062 , 0.485391 , 0.286568 , 0.39277 , 1.23741 , 0.935592 , 1.82379 , 0.439803 , 0.755416 , 1.42012 , 0.91082 , 1.08095 , 1.50468 , 1.52195 , 0.752642 , 1.31671 , 0.798487 , 0.930662 , 0.790011 , 0.910107 , 0.571092 , 0.56948 , 1.84995 , 0.740959 , 1.73671 , 2.34519 , 0.672512 , 0.78676 , 3.84131 , 0.832473 , 0.966617 , 2.53327 , 2.0477 , 1.0419 , 1.03427 , 3.6388 , 1.06969 , 4.7912 , 2.37662 , 0.909578 , 0.502978 , 1.05724 , 2.04563 , 0.741509 , 0.96201 , 1.72574 , 1.52446 , 1.85175 , 0.989511 , 1.43882 , 0.833624 , 4.79215 , 0.824441 , 0.744086 , 3.11156 , 2.15582 , 1.45852 , 0.715827 , 0.693981 , 0.443518 , 0.806997 , 0.928125 , 0.763733 , 0.733526 , 1.74461 , 1.43118 , 0.467227 , 1.18216 , 0.605654 , 1.59031 , 1.00326 , 0.940988 , 0.830632 , 1.18637 , 1.9823 , 4.03339 , 2.2698 , 1.55427 , 0.991008 , 0.48477 , 1.51159 , 1.64166 , 1.87709 , 1.81369 , 1.67581 , 1.79737 , 1.88398 , 1.66525 , 2.04434 , 1.46512 , 2.42707 , 0.818261 , 0.910047 , 1.39464 , 0.596476 , 1.9158 , 0.711996 , 0.308583 , 1.81021 , 0.843335 , 0.76633 , 0.848955 , 1.34619 , 0.865305 , 1.66255 , 2.56717 , 1.88087 , 0.745877 , 0.714667 , 0.582278 , 1.44099 , 0.994795 , 0.707347 , 1.28584 , 0.529622 , 0.972612 , 0.710735 , 2.31794 , 1.27204 , 1.31935 , 1.6157 , 0.668449 , 1.05692 , 1.89697 , 1.31063 , 1.30489 , 0.714359 , 1.59662 , 1.18964 , 0.595258 , 1.76938 , 1.18893 , 1.38286 , 0.824089 , 0.899858 , 2.2564 , 1.2805 , 0.617736 , 0.86593 , 0.8413 , 1.5257 , 1.82485 , 0.538834 , 1.39709 , 0.300319 , 0.466228 , 0.771833 , 1.33904 , 0.528983 , 0.79376 , 1.70645 , 1.58576 , 0.857621 , 1.52719 , 0.814767 , 1.32041 , 0.519968 , 2.16389 , 0.781822 , 1.19405 , 0.571597 , 1.96054 , 1.03504 , 1.31332 , 0.960342 , 3.11977 , 1.69087 , 2.45255 , 0.861078 , 0.824056 , 1.28582 , 5.20199 , 0.847917 , 1.02246 , 1.16832 , 0.886156 , 0.721738 , 0.754334 , 0.746403 , 1.68382 , 1.56323 , 2.21529 , 0.850507 , 0.954277 , 1.74856 , 0.492029 , 1.62544 , 1.38918 , 0.861501 , 0.995648 , 0.206857 , 1.45075 , 0.470363 , 1.56851 , 1.82231 , 1.16972 , 0.836313 , 1.92524 , 0.662331 , 1.17905 , 1.25548 , 0.970889 , 0.797242 , 0.258991 , 2.45405 , 1.31814 , 1.51717 , 0.903059 , 1.45249 , 1.04134 , 1.21093 , 3.86142 , 1.23089 , 0.997597 , 2.20189 , 1.19822 , 1.33447 , 1.69598 , 0.423795 , 0.74688 , 1.40322 , 1.25098 , 1.46415 , 1.1499 , 0.98536 , 1.01586 , 1.05706 , 1.19898 , 0.909507 , 0.47366 , 1.48247 , 1.24402 , 1.65822 , 2.1871 , 0.899429 , 0.786376 , 0.665393 , 0.560243 , 0.787096 , 0.912659 , 1.02616 , 0.799679 , 1.13741 , 0.750125 , 1.53288 , 0.691917 , 0.719175 , 1.00598 , 0.759778 , 1.02831 , 0.759925 , 1.55897 , 0.721713 , 1.80599 , 1.11814 , 1.79012 , 0.798435 , 1.14571 , 0.482684 , 0.899641 , 1.92763 , 0.575896 , 1.53728 , 1.10594 , 0.384417 , 1.04208 , 1.17259 , 1.11216 , 0.559126 , 0.849035 , 1.12658 , 1.42816 , 1.15923 , 0.458973 , 1.59456 , 0.651399 , 3.53261 , 0.606852 , 1.1241 , 0.772141 , 1.17553 , 1.37331 , 3.24647 , 1.32844 , 2.2979 , 1.21099 , 0.98328 , 1.92975 , 0.538201 , 0.585296 , 2.06904 , 0.180314 , 1.0612 , 1.02451 , 1.47358 , 2.77708 , 1.53833 , 1.55488 , 0.613893 , 2.76482 , 0.93943 , 0.615718 , 1.18158 , 0.536438 , 2.90866 , 3.04695 , 0.375486 , 3.15973 , 1.55902 , 1.96934 , 2.52178 , 4.32496 , 0.829399 , 1.33947 , 1.74052 , 1.19031 , 0.374066 , 1.16101 , 0.786125 , 1.16494 , 2.38778 , 0.690643 , 3.26244 , 0.268645 , 0.53725 , 0.812922 , 2.36324 , 2.55114 , 0.974137 , 3.44098 , 1.43417 , 1.12257 , 0.682886 , 1.15124 , 3.58808 , 0.82416 , 0.630967 , 0.4339 , 0.882549 , 