avg1=[1.15671 , 0.756415 , 0.695541 , 0.652718 , 1.04788 , 1.53214 , 1.00802 , 0.489966 , 1.2289 , 0.890935 , 1.3452 , 1.17805 , 1.40908 , 2.16377 , 1.22366 , 0.662435 , 1.03945 , 1.54508 , 1.46878 , 0.649467 , 1.03345 , 0.789586 , 1.04475 , 1.37263 , 1.77297 , 1.10554 , 0.702409 , 0.811864 , 1.30409 , 0.639835 , 0.713876 , 1.17048 , 1.43657 , 0.775537 , 0.855737 , 0.879328 , 1.27325 , 0.972441 , 0.742217 , 1.23267 , 1.00749 , 1.11076 , 1.08314 , 0.942656 , 0.814104 , 0.684703 , 0.689096 , 0.585805 , 0.806851 , 0.810155 , 1.22318 , 0.675092 , 1.30789 , 0.804978 , 0.743715 , 1.34685 , 2.04 , 1.50082 , 1.0359 , 0.785057 , 1.0347 , 0.78191 , 0.677844 , 1.12258 , 0.733736 , 1.06202 , 0.883012 , 0.756827 , 0.691307 , 0.884979 , 1.31806 , 0.790171 , 0.700907 , 0.663127 , 1.12964 , 1.29508 , 1.00762 , 1.45496 , 0.606618 , 1.7336 , 0.654801 , 0.985035 , 0.686797 , 1.07343 , 1.40984 , 0.903188 , 1.39898 , 0.89513 , 1.62087 , 1.86955 , 0.956269 , 1.24778 , 1.11635 , 0.730523 , 0.646973 , 0.975244 , 1.08082 , 1.05618 , 1.56028 , 0.810411 , 0.74508 , 0.800836 , 1.25087 , 0.755055 , 1.28765 , 1.84667 , 1.59201 , 1.06054 , 0.987362 , 1.12073 , 1.15701 , 0.591762 , 0.698591 , 1.06691 , 1.66806 , 1.75314 , 1.32475 , 0.397945 , 0.761603 , 0.52272 , 0.310252 , 0.877019 , 0.742721 , 0.953121 , 0.697259 , 0.696754 , 0.594619 , 1.17748 , 0.482218 , 1.40298 , 0.583269 , 0.764238 , 1.87154 , 1.30577 , 1.62539 , 0.84349 , 1.65082 , 1.58209 , 0.839632 , 1.04691 , 0.694707 , 1.07195 , 0.79743 , 1.37933 , 1.34184 , 1.10994 , 1.17617 , 0.99022 , 2.45006 , 1.13795 , 1.14171 , 1.01099 , 1.24948 , 1.1346 , 1.36415 , 0.96191 , 2.40316 , 0.820706 , 1.50962 , 1.02583 , 1.07485 , 0.785224 , 0.772824 , 0.981003 , 1.75292 , 0.853055 , 1.5558 , 0.705482 , 0.865988 , 0.985774 , 0.942611 , 0.880488 , 1.06853 , 1.88936 , 0.653779 , 0.880925 , 1.07767 , 0.914888 , 1.07721 , 1.5557 , 1.21919 , 0.771996 , 0.534694 , 0.78137 , 1.08911 , 1.00056 , 1.26911 , 1.59342 , 1.17404 , 1.22169 , 0.903059 , 0.96836 , 0.675744 , 0.817892 , 0.609697 , 0.779654 , 1.01948 , 1.75267 , 1.38677 , 1.38897 , 1.20873 , 0.767641 , 1.18647 , 1.18289 , 0.866506 , 1.00707 , 0.670508 , 1.01132 , 0.880768 , 1.00312 , 1.02363 , 1.06786 , 1.08666 , 0.985332 , 1.00938 , 1.09984 , 1.1832 , 1.17707 , 0.698128 , 1.42385 , 0.646979 , 0.898133 , 1.01813 , 0.987158 , 1.83046 , 1.05981 , 0.861417 , 0.931158 , 0.800728 , 1.14904 , 1.37569 , 0.5893 , 0.616024 , 1.16101 , 1.14397 , 0.761255 , 1.16231 , 1.1958 , 1.49356 , 0.966972 , 1.26485 , 0.961911 , 0.511489 , 0.822451 , 0.921287 , 1.23128 , 1.44837 , 1.09733 , 1.00284 , 1.22542 , 1.50288 , 0.723842 , 0.66769 , 1.57534 , 1.31292 , 0.64146 , 1.07426 , 0.975023 , 1.25592 , 0.848458 , 1.01893 , 1.00006 , 1.10234 , 0.46585 , 1.34426 , 1.15615 , 1.19276 , 0.759256 , 1.41067 , 0.611944 , 0.872476 , 0.749314 , 2.27924 , 0.904736 , 1.017 , 0.895883 , 0.883921 , 1.00786 , 1.08266 , 0.661648 , 0.956157 , 1.21851 , 1.42928 , 1.05461 , 1.19648 , 0.769192 , 1.18524 , 0.63138 , 1.54366 , 0.634729 , 1.33266 , 1.35137 , 0.734886 , 1.92319 , 1.03287 , 1.35695 , 0.59933 , 1.76151 , 0.921731 , 1.8462 , 0.931009 , 0.99771 , 0.999534 , 0.55799 , 0.91313 , 0.894859 , 2.30838 , 1.26351 , 2.05941 , 1.23134 , 1.46567 , 1.14207 , 1.51375 , 0.872556 , 1.78333 , 1.07484 , 0.746962 , 1.13128 , 0.784574 , 0.823951 , 1.14119 , 1.00615 , 1.43637 , 0.673872 , 0.991377 , 1.39781 , 0.751104 , 0.546042 , 1.06649 , 0.743459 , 1.02435 , 0.659552 , 1.02992 , 0.83076 , 0.79535 , 0.675977 , 1.44448 , 0.992657 , 1.68704 , 0.793366 , 1.02935 , 1.15194 , 0.967178 , 1.25297 , 0.692784 , 0.797955 , 0.966432 , 0.867777 , 1.18891 , 0.816538 , 1.07529 , 1.35949 , 0.650715 , 1.2603 , 1.04973 , 1.29548 , 0.884843 , 1.60295 , 1.22441 , 0.766002 , 0.77663 , 1.86717 , 0.954092 , 0.65859 , 0.679937 , 0.500416 , 1.2444 , 1.60583 , 0.792432 , 0.72442 , 1.36046 , 1.60144 , 1.69733 , 0.683044 , 1.03512 , 1.09897 , 0.587183 , 1.2805 , 0.928345 , 0.858616 , 1.44875 , 0.805491 , 0.606012 , 1.15054 , 1.12223 , 0.839239 , 1.04497 , 1.64015 , 0.960656 , 0.851662 , 0.707004 , 1.02311 , 1.07782 , 1.3413 , 1.09029 , 1.37364 , 2.05625 , 0.933991 , 1.63243 , 0.676741 , 1.13666 , 0.827303 , 0.982936 , 1.12188 , 1.63619 , 1.54269 , 1.01751 , 1.24597 , 0.813444 , 1.33931 , 0.926195 , 1.15055 , 0.870929 , 1.4725 , 1.03585 , 0.700168 , 1.01378 , 1.07654 , 1.62689 , 0.691627 , 0.600386 , 0.984976 , 1.20113 , 0.803066 , 1.47021 , 1.17676 , 1.21398 , 0.623185 , 1.19285 , 0.588868 , 0.556778 , 1.21292 , 1.18294 , 1.93527 , 1.53438 , 0.979766 , 1.50195 , 0.729081 , 1.39392 , 2.41286 , 0.876449 , 0.789769 , 0.81565 , 1.07369 , 1.06502 , 0.722831 , 1.06611 , 1.33518 , 0.658128 , 1.32495 , 0.723677 , 0.713319 , 0.762353 , 0.756475 , 0.967132 , 0.96012 , 1.3536 , 0.802445 , 1.88028 , 1.52711 , 0.662964 , 0.861542 , 0.805057 , 1.36398 , 1.00482 , 1.46161 , 1.10898 , 0.555505 , 0.629533 , 2.96796 , 0.541218 , 1.31275 , 1.78743 , 1.32882 , 1.61163 , 1.26847 , 1.67044 , 0.601336 , 0.888492 , 1.72545 , 1.28548 , 1.00692 , 1.10009 , 1.44278 , 1.36415 , 1.18288 , 0.89666 , 0.853343 , 1.40466 , 1.59274 , 1.44819 , 0.710777 , 1.25451 , 1.29472 , 1.053 , 0.87529 , 0.834618 , 0.92596 , 1.63403 , 1.25346 , 1.25499 , 1.90261 , 0.339431 , 1.36715 , 1.3961 , 0.558132 , 1.05146 , 0.677668 , 0.631523 , 2.10438 , 1.12633 , 1.07062 , 1.06239 , 1.00329 , 0.626745 , 1.41941 , 1.46871 , 1.32115 , 1.10054 , 1.41149 , 1.13 , 0.529735 , 0.813191 , 0.816154 , 0.996651 , 0.982076 , 1.80812 , 0.730229 , 0.854046 , 1.1701 , 1.18857 , 1.04638 , 0.686269 , 1.15543 , 1.41911 , 0.513202 , 1.71575 , 1.66679 , 0.805681 , 0.901318 , 1.11839 , 1.26466 , 1.73146 , 1.54138 , 0.548867 , 0.988304 , 0.712597 , 0.957488 , 0.849166 , 0.626418 , 0.874201 , 0.748392 , 0.768911 , 0.730483 , 0.949412 , 1.47979 , 0.90518 , 0.656023 , 1.38609 , 1.92716 , 0.718606 , 1.59129 , 0.816875 , 0.446076 , 1.13309 , 0.693192 , 1.06078 , 1.10935 , 1.10755 , 0.943534 , 0.845184 , 1.53839 , 0.907652 , 0.761608 , 0.786922 , 1.48616 , 0.912076 , 0.639091 , 1.16707 , 0.658188 , 2.23643 , 1.13535 , 0.904787 , 0.626239 , 1.09143 , 0.542149 , 0.529395 , 0.747607 , 1.64268 , 1.34599 , 1.58377 , 0.612554 , 1.15666 , 0.645765 , 1.36669 , 0.861774 , 0.902607 , 0.946652 , 1.70491 , 0.821232 , 0.796883 , 1.05937 , 1.93926 , 0.882284 , 1.54998 , 1.03644 , 1.13519 , 0.967187 , 0.628118 , 0.977954 , 1.13773 , 1.01288 , 0.837549 , 0.869821 , 0.862334 , 1.85822 , 1.07498 , 1.0971 , 0.494496 , 0.604469 , 1.42586 , 1.74189 , 2.06074 , 1.39757 , 1.1139 , 1.50257 , 1.15897 , 0.654102 , 0.786068 , 0.954857 , 0.924307 , 1.07932 , 1.45738 , 1.23365 , 1.38055 , 0.887917 , 0.969015 , 1.09009 , 1.24849 , 0.618912 , 0.713105 , 0.989123 , 0.904379 , 0.824498 , 1.12924 , 0.926776 , 1.03241 , 1.07088 , 0.921301 , 0.823428 , 1.33976 , 0.757289 , 1.05759 , 1.46451 , 1.05857 , 1.14726 , 1.89962 , 1.26551 , 1.32752 , 0.63861 , 1.63982 , 0.652258 , 1.85606 , 0.928703 , 1.21947 , 0.92999 , 1.63366 , 1.81568 , 1.32699 , 0.730341 , 0.711879 , 1.20455 , 0.678448 , 0.945747 , 0.963956 , 0.798134 , 1.7988 , 0.851552 , 1.07824 , 1.10382 , 1.62893 , 0.431127 , 0.827533 , 1.04463 , 1.13962 , 1.13862 , 1.23927 , 1.75749 , 1.0033 , 1.83446 , 0.660274 , 1.31913 , 0.406038 , 1.35296 , 0.87898 , 0.898165 , 1.10797 , 1.1585 , 1.90351 , 1.66761 , 1.28487 , 0.489852 , 1.5213 , 0.918104 , 0.781194 , 0.907162 , 0.919624 , 0.915164 , 1.32778 , 0.947264 , 1.51654 , 1.0243 , 1.55365 , 0.844889 , 1.23551 , 1.35145 , 0.904044 , 0.964043 , 1.13959 , 0.777961 , 1.18632 , 0.518858 , 0.663523 , 0.968458 , 1.27521 , 1.32853 , 1.41625 , 0.771773 , 0.987856 , 1.46433 , 1.06378 , 1.237 , 1.3611 , 1.03664 , 0.972998 , 0.862053 , 1.5523 , 0.917814 , 0.881704 , 1.78772 , 1.06328 , 1.15858 , 1.20431 , 1.46099 , 1.02462 , 0.682682 , 0.725336 , 0.706507 , 1.1616 , 1.01453 , 0.933087 , 1.92389 , 1.51057 , 1.06983 , 1.11393 , 0.876564 , 1.20927 , 0.78282 , 0.999716 , 1.30758 , 0.799961 , 1.24555 , 0.742925 , 1.55641 , 0.552382 , 1.019 , 0.685853 , 0.87427 , 1.4803 , 0.932721 , 2.28849 , 2.12654 , 