avg1=[1.081 , 1.02459 , 1.01028 , 0.671481 , 0.44343 , 2.55186 , 1.45109 , 0.457344 , 2.04158 , 4.78228 , 0.822105 , 2.57681 , 2.39434 , 0.631374 , 0.246561 , 0.5663 , 1.0867 , 2.96668 , 1.04793 , 0.971449 , 0.771154 , 0.318424 , 0.835463 , 1.71716 , 1.5021 , 2.68998 , 1.11001 , 1.14166 , 2.14758 , 0.429309 , 1.83187 , 1.3287 , 0.467441 , 0.462554 , 1.64201 , 1.15078 , 1.39502 , 1.98689 , 0.675255 , 0.909583 , 1.13206 , 0.672635 , 1.07701 , 0.471342 , 2.17373 , 1.2539 , 3.43102 , 1.1735 , 0.56646 , 1.97891 , 1.36828 , 1.09246 , 1.51247 , 1.0491 , 0.275695 , 0.85009 , 0.536942 , 0.674686 , 3.29456 , 1.28775 , 2.66505 , 1.53701 , 1.60681 , 0.843024 , 1.57504 , 0.905615 , 1.09538 , 1.60294 , 0.762943 , 1.78188 , 0.907624 , 1.21005 , 2.57736 , 0.598293 , 0.912049 , 1.0033 , 0.792409 , 2.75538 , 1.60758 , 5.43323 , 0.545705 , 1.27798 , 1.80778 , 1.30607 , 3.3229 , 2.30968 , 2.76015 , 1.42159 , 0.97518 , 2.59376 , 0.819226 , 0.994206 , 1.82634 , 0.885949 , 0.570016 , 0.752086 , 0.861663 , 1.09826 , 0.723933 , 1.47584 , 0.605408 , 0.667436 , 0.6049 , 2.39842 , 0.499229 , 1.0837 , 1.64003 , 1.6435 , 1.30362 , 1.04466 , 0.565543 , 1.51905 , 0.543943 , 1.95845 , 0.882477 , 1.63872 , 0.492385 , 0.590783 , 1.36733 , 0.45254 , 1.82346 , 0.708905 , 0.747404 , 0.578111 , 0.795515 , 1.28793 , 0.857031 , 1.49617 , 0.453277 , 1.14307 , 1.88024 , 1.04976 , 1.22466 , 1.25101 , 2.10638 , 0.828015 , 1.36845 , 1.13022 , 0.832398 , 1.44163 , 5.001 , 0.998487 , 0.572979 , 1.83619 , 0.904481 , 1.76556 , 0.748054 , 1.39314 , 0.964742 , 1.12715 , 0.524368 , 1.68338 , 0.887212 , 2.21175 , 0.880738 , 0.635364 , 1.28519 , 0.899024 , 0.654832 , 1.1465 , 1.08377 , 0.788303 , 1.0623 , 1.39083 , 1.05462 , 3.99663 , 1.32409 , 0.537445 , 0.717458 , 1.46091 , 0.996853 , 0.605596 , 2.44189 , 0.58401 , 1.08952 , 0.739663 , 1.76067 , 0.808487 , 1.05527 , 1.14386 , 1.85676 , 1.53661 , 0.882508 , 1.20065 , 0.820636 , 0.972062 , 0.789989 , 0.483961 , 1.92408 , 0.637393 , 1.24161 , 2.01204 , 1.09492 , 1.2539 , 0.544803 , 0.726449 , 1.50219 , 1.72001 , 1.19725 , 0.533794 , 0.896786 , 1.99601 , 0.492251 , 1.45046 , 1.44608 , 1.51636 , 1.11153 , 1.27336 , 0.98805 , 0.410339 , 2.68039 , 2.249 , 1.14241 , 0.77343 , 1.36297 , 1.62106 , 1.04563 , 0.766644 , 0.729099 , 1.12387 , 1.22865 , 0.676151 , 0.734618 , 1.88509 , 0.825088 , 0.675593 , 0.94169 , 0.31588 , 0.874366 , 2.35499 , 0.736869 , 0.639509 , 1.16902 , 1.35039 , 1.11222 , 0.882686 , 1.88095 , 0.647514 , 3.01993 , 1.12898 , 1.35321 , 1.66281 , 1.09941 , 0.561785 , 0.978476 , 0.980312 , 0.955965 , 2.34232 , 0.948176 , 1.88155 , 0.925876 , 0.846322 , 1.07602 , 0.582021 , 1.7861 , 3.71411 , 1.08013 , 2.43201 , 0.942525 , 0.997364 , 1.6698 , 1.16312 , 1.77399 , 0.500608 , 0.989546 , 2.05184 , 0.66807 , 2.12366 , 0.782045 , 0.71504 , 2.61157 , 1.44225 , 3.81382 , 0.800157 , 1.09896 , 0.672348 , 1.20669 , 1.07778 , 0.421725 , 1.36964 , 0.425202 , 0.923174 , 1.7112 , 2.29016 , 1.12559 , 0.518851 , 1.22599 , 1.59756 , 2.5301 , 0.620675 , 0.315259 , 1.52822 , 0.353015 , 0.767689 , 0.734515 , 1.04333 , 0.490076 , 0.836932 , 0.880686 , 0.447226 , 0.358709 , 2.77776 , 0.341477 , 2.31893 , 0.440837 , 0.764012 , 0.413136 , 1.25195 , 0.973613 , 1.06519 , 2.65137 , 1.4546 , 1.14688 , 2.04335 , 1.07146 , 0.622101 , 0.995875 , 1.60282 , 1.5643 , 0.537846 , 3.16368 , 0.80692 , 1.70152 , 2.74552 , 1.07872 , 1.39293 , 2.01835 , 1.06261 , 1.04366 , 1.14837 , 2.26006 , 0.711336 , 0.903105 , 1.11751 , 0.588853 , 1.24499 , 1.5884 , 4.45612 , 1.54172 , 0.886492 , 1.35506 , 1.52371 , 0.35295 , 0.901381 , 1.32061 , 1.31584 , 1.98106 , 1.87536 , 0.942658 , 3.36133 , 2.89416 , 1.39432 , 0.565252 , 1.42617 , 0.799514 , 2.015 , 0.339917 , 0.870424 , 1.07015 , 1.5382 , 1.44773 , 1.64044 , 1.24017 , 1.93765 , 0.543854 , 0.581533 , 0.923804 , 0.937337 , 0.652486 , 1.00503 , 1.12636 , 1.04297 , 1.36343 , 0.651617 , 1.32208 , 0.702437 , 0.830703 , 1.1146 , 1.62513 , 1.02144 , 1.81861 , 1.13379 , 0.739922 , 1.01272 , 1.47062 , 1.60302 , 1.63701 , 0.773282 , 1.06253 , 3.19386 , 1.2135 , 0.925305 , 0.893195 , 3.25969 , 0.648616 , 1.08691 , 0.454323 , 0.758803 , 1.18871 , 0.508747 , 1.05348 , 0.640313 , 1.69584 , 2.48596 , 1.27863 , 1.12249 , 1.25329 , 2.13454 , 0.675702 , 1.43862 , 1.56931 , 1.28374 , 0.654117 , 0.577422 , 1.42723 , 0.267454 , 0.960751 , 0.745057 , 0.961487 , 0.532481 , 0.683404 , 1.40598 , 1.12192 , 0.813865 , 1.43813 , 0.576047 , 0.771818 , 0.444735 , 1.43794 , 2.05101 , 1.47057 , 0.95765 , 0.455201 , 1.36256 , 0.340472 , 0.848845 , 1.06486 , 0.444776 , 0.853885 , 1.81492 , 1.09633 , 0.8455 , 0.981079 , 0.668586 , 0.651777 , 2.82406 , 1.00996 , 0.985678 , 1.15567 , 3.89752 , 0.909759 , 1.34557 , 1.38837 , 1.40398 , 1.0994 , 0.984487 , 1.19789 , 1.32003 , 2.94234 , 0.98186 , 1.92538 , 1.85035 , 2.91323 , 0.918628 , 3.39646 , 1.00283 , 1.39793 , 1.06211 , 0.590969 , 1.81057 , 5.37186 , 1.41167 , 2.03909 , 0.881652 , 1.47534 , 0.927938 , 1.65971 , 1.77225 , 4.83417 , 0.99708 , 0.810384 , 1.08415 , 0.619006 , 0.941275 , 1.08859 , 1.39443 , 1.9501 , 1.77766 , 1.65897 , 0.946464 , 0.833674 , 0.859688 , 1.30837 , 2.54148 , 1.5737 , 0.409294 , 2.22704 , 1.09934 , 1.60112 , 1.42271 , 0.659877 , 3.08056 , 1.58843 , 1.02338 , 0.868854 , 1.04526 , 1.00078 , 0.985071 , 1.0189 , 1.07557 , 1.0619 , 0.955655 , 1.53926 , 0.386663 , 1.33479 , 2.24591 , 0.782816 , 1.35528 , 0.645904 , 0.653753 , 0.660568 , 1.61685 , 1.09207 , 1.43138 , 0.690923 , 1.2862 , 0.848827 , 2.69132 , 1.90472 , 1.62768 , 1.89471 , 0.206384 , 0.357626 , 1.78732 , 0.977391 , 0.663995 , 1.6084 , 1.91178 , 0.787019 , 1.50549 , 0.987097 , 1.2958 , 0.390529 , 1.10778 , 0.539282 , 1.77283 , 1.77994 , 1.60196 , 1.23955 , 1.33136 , 1.97888 , 1.23764 , 1.09069 , 0.907404 , 1.56872 , 1.12095 , 1.77294 , 1.91067 , 1.09811 , 0.856308 , 0.524864 , 0.974478 , 0.731479 , 4.54858 , 0.652764 , 1.3989 , 5.00014 , 0.970102 , 0.48346 , 1.07363 , 0.617616 , 4.31081 , 2.37934 , 0.931242 , 0.545483 , 1.88701 , 0.760328 , 0.900633 , 1.05332 , 0.539127 , 1.70779 , 0.911477 , 0.758157 , 0.606334 , 2.43582 , 0.474059 , 0.741707 , 0.956956 , 0.65808 , 2.0309 , 1.81889 , 4.27128 , 1.00052 , 0.580926 , 3.96505 , 1.81547 , 0.906627 , 0.75392 , 0.860442 , 0.915955 , 0.627682 , 0.516508 , 1.20481 , 2.1503 , 2.55052 , 1.28221 , 0.514073 , 1.36401 , 0.698691 , 0.424993 , 1.30925 , 1.48291 , 0.466355 , 1.37906 , 1.06255 , 2.25086 , 1.65563 , 0.9585 , 0.661151 , 0.733749 , 1.78406 , 0.909858 , 1.41467 , 0.865989 , 4.88662 , 0.83155 , 0.901816 , 1.3379 , 2.65181 , 0.411851 , 4.4954 , 2.34111 , 0.786814 , 0.953954 , 0.456356 , 0.686987 , 1.1841 , 0.921549 , 1.1431 , 0.420431 , 0.764342 , 0.893913 , 1.97348 , 0.672565 , 0.904977 , 1.40327 , 0.539506 , 4.74473 , 2.8191 , 0.864352 , 1.27004 , 0.943087 , 1.09586 , 0.739577 , 0.913259 , 0.600857 , 0.469542 , 0.689546 , 0.834269 , 0.377934 , 0.747604 , 0.555579 , 2.12071 , 0.750239 , 3.88805 , 0.575485 , 2.162 , 0.434961 , 1.9389 , 1.03999 , 0.567317 , 1.60298 , 0.471058 , 2.00552 , 3.1206 , 0.258734 , 1.0611 , 0.604429 , 2.14065 , 1.31427 , 3.16352 , 0.591755 , 1.04378 , 1.0393 , 0.828978 , 1.41109 , 0.779014 , 0.688798 , 4.11099 , 1.77283 , 0.697541 , 1.67361 , 0.551246 , 0.701318 , 1.04303 , 0.725779 , 1.01737 , 0.698842 , 0.658386 , 2.31732 , 0.663792 , 3.06931 , 0.812235 , 0.769329 , 0.741162 , 0.785704 , 2.3448 , 1.36817 , 1.23201 , 0.791178 , 1.09671 , 0.790205 , 0.996235 , 0.327169 , 1.9629 , 0.574847 , 1.7572 , 1.24785 , 2.74951 , 0.845083 , 1.48829 , 1.2467 , 0.670052 , 0.670442 , 1.84508 , 2.00383 , 1.24951 , 0.89617 , 0.525583 , 1.2769 , 1.16938 , 1.11884 , 1.33393 , 1.13116 , 1.13031 , 0.38627 , 1.2365 , 1.0747 , 0.740092 , 1.23762 , 0.656978 , 2.26149 , 0.745951 , 1.70549 , 1.51769 , 1.53654 , 0.345743 , 0.70036 , 0.662414 , 1.22916 , 1.00626 , 1.08151 , 0.999186 , 0.792448 , 1.02912 , 2.05531 , 0.496908 , 0.719624 , 1.55194 , 0.696171 , 1.40386 , 2.64701 , 1.83374 , 1.39516 , 1.76213 , 0.801453 , 0.703247 , 2.91584 , 1.07972 , 1.29267 , 1.70614 , 0.779768 , 0.88842 , 1.3796 , 0.580755 