avg1=[0.688958 , 2.31323 , 1.84216 , 0.983409 , 1.01295 , 1.91967 , 1.16337 , 1.1773 , 0.870329 , 1.02692 , 1.02252 , 2.15815 , 1.44077 , 0.791747 , 0.883332 , 0.463821 , 2.24377 , 1.10287 , 1.19598 , 0.738911 , 0.789439 , 0.728127 , 0.666081 , 0.966438 , 0.849947 , 0.848216 , 0.554914 , 1.01939 , 0.958712 , 1.50449 , 1.24544 , 1.01576 , 0.690888 , 0.890751 , 0.529017 , 0.787925 , 0.662276 , 0.810368 , 1.39981 , 1.69567 , 1.80866 , 0.722787 , 2.02419 , 0.452764 , 0.630125 , 0.78487 , 1.12752 , 0.961838 , 1.22508 , 1.10727 , 0.905044 , 0.877423 , 0.959459 , 1.01651 , 1.0514 , 1.30025 , 1.12664 , 1.28231 , 0.426855 , 1.00485 , 0.500253 , 1.73829 , 1.1343 , 0.84268 , 0.894283 , 1.06578 , 0.730533 , 0.677581 , 0.85104 , 0.671616 , 3.72946 , 1.80891 , 1.16276 , 1.23935 , 0.826216 , 1.05884 , 0.545468 , 1.21648 , 0.427816 , 0.585102 , 1.323 , 1.2504 , 1.41672 , 2.64839 , 1.07369 , 1.15312 , 0.969326 , 0.777024 , 1.28136 , 1.08745 , 1.03174 , 0.307235 , 0.95228 , 0.780735 , 1.47836 , 2.42283 , 0.895666 , 0.970885 , 1.00472 , 1.65419 , 1.03156 , 0.835461 , 0.486634 , 0.937204 , 1.23893 , 0.682343 , 0.629153 , 1.3701 , 0.742455 , 1.4222 , 1.13537 , 2.28467 , 1.11286 , 0.901006 , 1.03552 , 1.44697 , 1.20666 , 0.745418 , 0.897468 , 0.978996 , 1.18112 , 2.09408 , 0.56971 , 0.394389 , 0.760304 , 0.650038 , 1.00579 , 1.5965 , 0.760868 , 0.789537 , 0.863972 , 1.0692 , 0.620565 , 0.973229 , 1.14968 , 0.840214 , 1.41558 , 1.33078 , 1.20976 , 2.31067 , 2.24185 , 0.588202 , 1.71401 , 0.529875 , 1.57231 , 0.80752 , 2.47591 , 1.30569 , 1.45912 , 0.590065 , 1.13389 , 1.30314 , 1.8401 , 0.95844 , 0.631982 , 1.45943 , 1.05579 , 0.695639 , 1.3937 , 0.532675 , 0.89208 , 0.370158 , 1.49867 , 0.705768 , 0.901524 , 0.697772 , 0.982979 , 0.395339 , 1.12273 , 0.896972 , 0.55678 , 1.63321 , 0.895366 , 1.20286 , 1.71873 , 0.820488 , 0.772109 , 1.59503 , 1.29665 , 1.27273 , 1.01289 , 1.06158 , 1.51759 , 1.94044 , 1.05184 , 1.7171 , 0.636742 , 0.916694 , 0.657387 , 1.05842 , 3.0748 , 1.04644 , 1.72141 , 1.54589 , 0.706416 , 1.15942 , 0.627142 , 1.02638 , 0.708406 , 1.70156 , 0.673768 , 1.69124 , 0.870572 , 1.06052 , 0.835712 , 1.14854 , 1.73832 , 1.41139 , 0.880276 , 0.766525 , 0.912345 , 0.664193 , 1.82152 , 0.86942 , 1.2268 , 0.876195 , 0.578693 , 0.834074 , 1.16369 , 1.1374 , 0.763314 , 0.728508 , 1.11973 , 1.77392 , 1.21629 , 1.61353 , 1.6275 , 0.817339 , 1.2398 , 2.21276 , 0.954513 , 0.627288 , 1.04313 , 2.00543 , 0.426042 , 0.946093 , 0.942023 , 0.686331 , 1.53314 , 0.771192 , 1.77026 , 0.711033 , 0.954927 , 1.17455 , 0.996364 , 0.55076 , 1.37981 , 1.21925 , 0.736918 , 0.986208 , 1.04053 , 0.894997 , 0.849317 , 1.1213 , 1.2329 , 0.957993 , 1.95369 , 0.545456 , 1.2348 , 0.881182 , 2.94259 , 0.522718 , 1.47846 , 0.385631 , 1.13084 , 0.973851 , 2.15949 , 1.08343 , 0.542394 , 1.64596 , 1.17402 , 0.724898 , 1.8116 , 1.15636 , 0.982671 , 1.19013 , 1.05703 , 1.0951 , 0.582633 , 1.00589 , 0.574827 , 1.1311 , 0.388634 , 0.903318 , 1.21135 , 2.1847 , 0.784811 , 2.24073 , 1.33282 , 0.953735 , 0.608854 , 0.771037 , 0.675492 , 0.661703 , 1.5184 , 1.10823 , 0.638734 , 0.807822 , 0.358606 , 0.544686 , 1.24236 , 0.918008 , 0.510262 , 1.56864 , 0.744841 , 0.621896 , 1.54528 , 0.669739 , 0.869115 , 0.954604 , 0.62064 , 1.31294 , 1.21821 , 0.610836 , 0.936808 , 0.595971 , 0.711455 , 0.860982 , 0.889433 , 1.07917 , 0.493614 , 1.01346 , 0.980401 , 0.913473 , 0.690586 , 0.656803 , 1.77216 , 1.31954 , 0.693843 , 0.766907 , 0.717723 , 0.932564 , 1.1076 , 0.913126 , 0.584163 , 0.627323 , 1.80726 , 0.290011 , 0.568556 , 1.03949 , 0.876126 , 1.08272 , 1.67341 , 2.09807 , 1.1612 , 0.83417 , 1.06073 , 0.683034 , 0.912337 , 3.81385 , 1.34928 , 1.50051 , 1.23314 , 1.15149 , 1.03275 , 1.23717 , 1.17064 , 0.907739 , 0.590896 , 0.666624 , 1.20611 , 1.61669 , 0.745332 , 1.93848 , 1.24943 , 1.19778 , 0.600037 , 0.625982 , 3.59272 , 0.902209 , 0.646986 , 1.32334 , 0.805504 , 1.20466 , 0.50129 , 1.30614 , 1.15625 , 1.15775 , 1.02408 , 1.50428 , 1.11841 , 2.22711 , 0.701597 , 1.14983 , 1.31754 , 1.41545 , 0.573322 , 1.03372 , 0.928115 , 1.65849 , 0.855326 , 1.03003 , 0.861776 , 2.55887 , 0.729837 , 0.532816 , 0.897827 , 2.1702 , 1.47503 , 1.10928 , 0.711759 , 1.61117 , 1.10431 , 0.836686 , 1.70137 , 0.635019 , 1.18409 , 1.06138 , 0.915426 , 2.35932 , 0.591241 , 0.674156 , 0.399982 , 1.19398 , 1.27273 , 0.556794 , 1.32265 , 1.60713 , 0.598758 , 1.24742 , 1.666 , 0.905753 , 1.13866 , 0.688451 , 1.67609 , 1.02134 , 1.1445 , 1.81828 , 1.7274 , 1.16046 , 1.55209 , 0.562437 , 0.855949 , 2.09754 , 1.45334 , 0.80403 , 0.740644 , 1.52471 , 0.768915 , 0.718511 , 0.99517 , 0.39412 , 1.46574 , 1.16963 , 0.776661 , 1.05353 , 1.69684 , 0.509323 , 1.11794 , 0.961301 , 0.741828 , 1.34717 , 1.90952 , 1.2801 , 0.872796 , 0.90235 , 1.08861 , 1.47683 , 1.14212 , 0.943926 , 0.550197 , 1.38826 , 0.514718 , 1.22732 , 0.860889 , 0.974772 , 0.901762 , 1.16758 , 0.842614 , 0.751996 , 1.88488 , 2.99818 , 2.20545 , 4.19645 , 1.87164 , 0.992273 , 0.824952 , 0.69745 , 1.01287 , 1.32873 , 1.13439 , 0.935413 , 0.684774 , 2.02735 , 1.31665 , 1.09522 , 0.740694 , 0.731311 , 1.92913 , 1.73477 , 0.467099 , 0.749379 , 1.06934 , 0.970263 , 1.48094 , 0.896062 , 1.16455 , 1.77314 , 0.866277 , 1.14425 , 0.98654 , 0.902165 , 0.912407 , 1.73335 , 0.309936 , 1.78919 , 0.833311 , 0.69488 , 0.654001 , 0.672903 , 1.41704 , 1.23701 , 0.947878 , 1.12769 , 0.793138 , 1.55778 , 0.61309 , 1.36815 , 1.23003 , 1.94442 , 0.957174 , 0.693044 , 0.972954 , 2.14421 , 0.925577 , 0.565377 , 0.870324 , 0.985463 , 0.79394 , 1.88018 , 0.536249 , 1.22037 , 1.36682 , 1.12583 , 0.810274 , 0.888529 , 1.37812 , 1.59439 , 0.991314 , 0.909138 , 1.25214 , 0.864519 , 0.64144 , 0.611287 , 1.97902 , 1.51775 , 0.844129 , 0.586185 , 0.865639 , 1.13926 , 1.8596 , 1.21898 , 0.830139 , 1.38193 , 1.51825 , 2.46616 , 0.566194 , 0.486559 , 0.716387 , 1.49466 , 0.439029 , 0.842052 , 1.08785 , 1.37356 , 0.710395 , 0.733309 , 0.700256 , 0.952705 , 0.852997 , 1.42559 , 0.886256 , 0.985551 , 1.74063 , 0.856595 , 2.41085 , 0.534185 , 1.69751 , 0.717445 , 0.980921 , 0.641512 , 0.53453 , 1.11107 , 1.61936 , 1.67479 , 0.820242 , 0.965949 , 1.72151 , 0.469284 , 1.93635 , 1.31482 , 1.02701 , 1.9064 , 0.980104 , 0.841556 , 0.709496 , 0.998279 , 0.579772 , 0.63013 , 0.922817 , 1.19571 , 0.71905 , 0.784323 , 1.05218 , 1.45917 , 1.25257 , 1.22569 , 1.88681 , 1.43432 , 0.416841 , 0.894603 , 1.65782 , 1.18563 , 0.691968 , 0.724824 , 0.925971 , 0.775708 , 1.58799 , 0.883937 , 1.04681 , 1.12666 , 2.75657 , 0.831231 , 0.667705 , 2.01511 , 1.89098 , 1.67177 , 0.478704 , 1.15189 , 1.00353 , 0.979817 , 0.88251 , 1.06607 , 1.46342 , 0.397711 , 2.37032 , 1.66823 , 1.62442 , 0.756006 , 0.777408 , 0.949201 , 0.862857 , 0.892378 , 0.741733 , 3.25301 , 0.597242 , 1.10543 , 1.09453 , 2.40495 , 1.48368 , 1.34925 , 1.41434 , 1.00586 , 0.657576 , 1.39892 , 0.503513 , 2.10827 , 2.10356 , 1.4748 , 0.760601 , 0.697042 , 0.581807 , 1.70483 , 1.52523 , 0.610066 , 1.55016 , 1.51549 , 1.75998 , 1.49203 , 0.652617 , 1.59505 , 1.31874 , 0.983464 , 0.869939 , 1.33932 , 1.09439 , 0.59901 , 1.84689 , 0.904472 , 1.7499 , 0.693016 , 1.9541 , 0.983583 , 0.761055 , 1.05213 , 0.626124 , 1.54059 , 0.925177 , 0.845251 , 1.16205 , 1.77956 , 0.928231 , 0.855964 , 0.575491 , 0.960092 , 0.512467 , 0.779452 , 1.16004 , 0.379431 , 0.714676 , 0.582133 , 1.00756 , 0.605083 , 1.30485 , 1.28098 , 0.8245 , 0.983148 , 0.985441 , 1.1124 , 0.592883 , 0.786158 , 0.571288 , 0.923489 , 0.573049 , 0.932962 , 1.22943 , 1.74214 , 1.50207 , 0.713103 , 1.1994 , 1.38882 , 0.700269 , 0.749126 , 2.17951 , 0.926318 , 0.931222 , 4.06404 , 1.76034 , 1.00633 , 1.29481 , 1.89807 , 0.860992 , 2.35751 , 1.11632 , 0.733416 , 1.24521 , 0.479397 , 1.88688 , 1.02079 , 1.04367 , 1.12155 , 1.04607 , 0.536055 , 0.956317 , 1.21649 , 0.755706 , 0.82514 , 1.01181 , 0.896017 , 1.55322 , 1.26966 , 0.782498 , 1.28476 , 0.956962 , 1.26423 , 0.705834 , 1.16985 , 1.1918 , 0.795658 , 1.36493 , 1.13915 , 1.15248 , 0.973539 , 1.00662 , 1.62355 , 1.09816 , 1.3276 , 1.8943 , 1.74578 , 0.763528 , 