avg1=[0.889743 , 0.490879 , 1.55196 , 0.63222 , 0.95851 , 1.03956 , 0.896798 , 1.42951 , 1.05935 , 1.82919 , 1.36819 , 1.48848 , 0.776964 , 0.86695 , 1.4452 , 0.950163 , 0.756401 , 0.98386 , 1.14256 , 0.491017 , 0.776264 , 1.62668 , 0.702332 , 0.40925 , 1.00889 , 1.41243 , 0.920463 , 0.527777 , 0.992102 , 0.596008 , 1.58182 , 1.20866 , 1.76345 , 0.880352 , 0.841842 , 0.814561 , 0.940555 , 1.07566 , 0.508849 , 1.23587 , 1.16732 , 0.804422 , 0.717722 , 0.918007 , 0.797541 , 1.25963 , 0.639564 , 0.457129 , 1.13879 , 0.873489 , 0.946919 , 0.619628 , 1.60611 , 1.0695 , 0.933377 , 2.09385 , 0.712311 , 0.846838 , 1.03313 , 0.703457 , 0.834346 , 0.819488 , 0.659097 , 1.06446 , 0.927278 , 1.01307 , 0.583067 , 0.764454 , 0.993935 , 1.3247 , 1.49288 , 1.14065 , 0.9853 , 0.905556 , 0.846915 , 0.724869 , 1.3091 , 1.63209 , 0.978544 , 1.2669 , 1.20426 , 1.24148 , 1.67634 , 2.2736 , 1.5198 , 0.600888 , 0.886388 , 0.77604 , 1.11879 , 1.00809 , 0.952626 , 0.837285 , 0.536813 , 2.41096 , 0.530113 , 0.993808 , 1.00707 , 1.3622 , 1.25797 , 0.584241 , 0.694948 , 1.06495 , 1.60783 , 1.03282 , 1.02939 , 1.70776 , 1.97065 , 0.854604 , 0.818919 , 1.13223 , 0.732036 , 1.81069 , 0.762323 , 0.83933 , 1.16082 , 2.28945 , 0.826575 , 0.905838 , 0.880777 , 0.737984 , 1.05776 , 0.88483 , 0.959963 , 1.30807 , 0.78736 , 0.9422 , 1.11905 , 0.890673 , 0.518255 , 1.22429 , 1.16084 , 0.348628 , 1.50028 , 0.906789 , 1.72228 , 1.38832 , 1.38263 , 0.965344 , 1.53972 , 1.09568 , 1.72513 , 0.68049 , 1.14432 , 2.06189 , 3.03742 , 1.33929 , 0.921419 , 1.85522 , 2.27962 , 1.4149 , 1.15815 , 0.896288 , 0.884675 , 1.44543 , 0.981765 , 0.709982 , 2.41005 , 0.808504 , 1.54181 , 0.838821 , 0.995216 , 1.31885 , 1.48119 , 0.796225 , 0.827033 , 1.02583 , 1.14929 , 1.7445 , 0.81375 , 1.0622 , 1.09169 , 1.5682 , 0.858066 , 0.986055 , 1.34305 , 1.35981 , 1.57004 , 2.11403 , 1.75861 , 1.56999 , 1.05347 , 1.32639 , 0.845768 , 0.796348 , 0.783103 , 1.63689 , 1.01278 , 0.994175 , 1.59104 , 0.752453 , 1.04903 , 1.189 , 1.08698 , 1.4125 , 0.588953 , 1.59417 , 2.15951 , 1.08156 , 1.94847 , 0.957765 , 0.917812 , 1.13351 , 1.16132 , 0.837441 , 1.84766 , 1.50997 , 1.64403 , 1.18846 , 1.13028 , 1.64524 , 1.50889 , 0.873228 , 1.46126 , 0.831363 , 1.53276 , 0.920301 , 1.30155 , 1.0895 , 0.811162 , 1.3821 , 0.777094 , 1.37971 , 1.17026 , 1.27567 , 0.821106 , 1.12697 , 0.523549 , 1.11857 , 1.56977 , 0.752218 , 0.526082 , 0.956949 , 1.60235 , 1.62853 , 0.798543 , 0.582903 , 1.14322 , 0.786662 , 1.08078 , 1.02425 , 1.22723 , 1.18929 , 1.60674 , 1.03327 , 0.785807 , 1.11825 , 0.945635 , 0.878427 , 0.598636 , 1.6468 , 0.677197 , 0.736898 , 0.813501 , 0.491132 , 0.833552 , 1.93165 , 1.07845 , 0.728365 , 1.69782 , 1.50545 , 1.37189 , 1.01847 , 0.935395 , 0.466599 , 0.894275 , 0.71765 , 1.50388 , 0.753489 , 1.29517 , 1.10171 , 0.896689 , 1.09515 , 1.62151 , 1.41118 , 1.4653 , 1.67128 , 0.710011 , 0.952575 , 1.48032 , 1.01494 , 0.903578 , 0.962649 , 1.24484 , 1.16898 , 1.32844 , 0.837026 , 1.28088 , 1.32811 , 1.63019 , 1.07281 , 0.616598 , 1.32346 , 1.05426 , 1.47557 , 0.829581 , 0.808376 , 1.33168 , 0.904997 , 0.6175 , 1.02592 , 0.992031 , 0.962516 , 0.785507 , 1.0427 , 0.878796 , 0.519888 , 2.20047 , 0.846005 , 1.04856 , 0.824143 , 0.962833 , 2.02468 , 1.25428 , 0.940234 , 0.718708 , 0.657658 , 1.35153 , 0.796496 , 1.22236 , 0.645309 , 0.779777 , 2.57658 , 0.853953 , 0.995044 , 2.6824 , 0.909564 , 1.07837 , 0.858857 , 0.909823 , 0.91536 , 1.6505 , 0.401941 , 1.12059 , 0.641268 , 1.30553 , 0.634172 , 1.88085 , 0.469389 , 0.718057 , 0.736713 , 1.36119 , 0.631939 , 0.975468 , 1.04124 , 0.853486 , 1.1228 , 1.29845 , 1.78115 , 1.19455 , 1.47179 , 0.938042 , 1.19309 , 1.22143 , 1.43579 , 0.738371 , 1.49396 , 0.606021 , 0.956596 , 1.39873 , 0.999406 , 1.11738 , 1.35332 , 1.19892 , 0.846407 , 1.16167 , 1.49583 , 1.09443 , 1.07023 , 1.27998 , 0.99046 , 1.05154 , 0.969997 , 1.23579 , 0.418596 , 0.901611 , 1.30217 , 0.781916 , 0.56438 , 1.07524 , 1.54013 , 0.902169 , 0.910404 , 0.774137 , 0.72799 , 1.15347 , 0.740037 , 0.869618 , 1.30428 , 1.08937 , 2.25906 , 1.66859 , 1.04745 , 1.62632 , 0.903059 , 1.97368 , 1.32859 , 1.9929 , 0.558417 , 0.76364 , 1.32565 , 0.782614 , 1.15389 , 0.953814 , 0.778372 , 1.04861 , 1.19286 , 1.09858 , 1.04128 , 0.626531 , 1.21036 , 1.23604 , 0.815668 , 0.582367 , 1.58275 , 1.1462 , 1.13406 , 1.4511 , 1.46697 , 1.13221 , 1.00113 , 0.785616 , 1.29426 , 1.75243 , 1.36279 , 1.19124 , 1.28166 , 0.822788 , 0.967599 , 0.928113 , 1.02521 , 0.716774 , 1.16377 , 1.2693 , 1.22167 , 0.902508 , 0.869496 , 1.73514 , 1.12722 , 1.5101 , 0.672988 , 0.445845 , 0.650392 , 1.24622 , 0.780991 , 1.15249 , 0.971012 , 1.62082 , 0.802099 , 0.714609 , 0.87903 , 0.557738 , 0.709406 , 0.979919 , 0.797404 , 1.21938 , 1.03751 , 1.08156 , 0.973767 , 1.67341 , 0.952197 , 0.889417 , 0.764659 , 0.711203 , 0.59192 , 0.685375 , 1.11584 , 1.18437 , 0.619835 , 1.85138 , 0.909792 , 1.95913 , 0.610821 , 1.15108 , 1.22117 , 1.92255 , 1.04264 , 0.770996 , 1.24948 , 1.04475 , 0.83135 , 0.946348 , 0.957542 , 0.764982 , 1.3378 , 0.592004 , 0.955734 , 0.905294 , 0.837346 , 0.601183 , 1.4482 , 0.847324 , 0.794264 , 1.38458 , 1.284 , 2.22567 , 0.829778 , 0.587799 , 0.660828 , 1.40756 , 1.44972 , 0.695369 , 0.727739 , 1.19757 , 1.33308 , 0.697039 , 0.519417 , 0.961861 , 1.43653 , 1.28043 , 2.39249 , 0.76894 , 1.25163 , 1.11504 , 1.41704 , 1.73836 , 0.8381 , 0.864821 , 0.743152 , 0.863002 , 1.39399 , 1.10324 , 0.796574 , 0.716084 , 1.09732 , 1.0975 , 0.828769 , 1.16246 , 0.988546 , 2.11504 , 0.831461 , 1.13155 , 1.16712 , 0.803379 , 1.58575 , 1.63487 , 0.620284 , 1.1917 , 1.12898 , 0.940118 , 0.872781 , 0.957776 , 1.66077 , 0.88909 , 0.701994 , 1.77814 , 0.928076 , 0.337543 , 1.51282 , 0.621522 , 0.778142 , 0.881574 , 1.5119 , 0.770643 , 0.757443 , 1.10655 , 1.08774 , 0.96708 , 1.18458 , 0.89244 , 1.4421 , 1.29723 , 1.04238 , 0.788915 , 0.622626 , 1.10373 , 1.18174 , 0.938018 , 0.957936 , 1.27579 , 1.72144 , 1.54361 , 0.986288 , 1.04856 , 0.934961 , 0.840396 , 0.856357 , 1.05324 , 0.52337 , 0.954417 , 2.36104 , 1.12711 , 0.406664 , 1.69705 , 0.449479 , 1.28849 , 0.731693 , 0.598151 , 0.866099 , 1.86058 , 1.24557 , 0.842851 , 0.917622 , 0.802018 , 1.14241 , 0.726673 , 1.55909 , 0.707713 , 1.09927 , 0.882277 , 0.717836 , 0.758914 , 1.14447 , 1.80434 , 0.649697 , 1.3825 , 1.15519 , 1.31415 , 0.554788 , 0.689902 , 1.63504 , 1.59553 , 1.31627 , 1.21499 , 1.29283 , 0.829587 , 1.09162 , 1.54597 , 0.567393 , 0.813066 , 0.488651 , 2.12888 , 1.20393 , 0.944368 , 1.41495 , 0.516469 , 0.568373 , 0.71387 , 0.979504 , 0.556679 , 1.29591 , 1.12259 , 0.9516 , 1.13282 , 0.573363 , 1.25127 , 0.71579 , 1.4252 , 0.838518 , 0.771447 , 0.912858 , 0.683357 , 0.473611 , 0.763401 , 0.955195 , 1.32165 , 0.935124 , 1.0298 , 0.93078 , 0.637897 , 0.963335 , 0.679516 , 1.26788 , 0.746529 , 0.696251 , 0.804677 , 2.03654 , 2.25341 , 0.951976 , 0.951627 , 0.578609 , 1.42115 , 1.59012 , 0.940036 , 0.836295 , 0.970772 , 0.674695 , 1.22957 , 1.12114 , 1.96832 , 0.813703 , 1.20693 , 0.933874 , 0.803345 , 1.07474 , 0.95667 , 0.751276 , 0.782414 , 1.00729 , 1.51376 , 1.28915 , 1.03927 , 1.15964 , 1.37258 , 0.823382 , 1.56064 , 2.01764 , 1.16015 , 0.878322 , 1.03516 , 1.04135 , 0.954063 , 1.08741 , 1.31143 , 1.71897 , 0.842735 , 1.3309 , 1.0847 , 1.84256 , 0.910598 , 1.70402 , 0.574351 , 1.52207 , 1.05921 , 0.66914 , 0.460055 , 1.13108 , 1.1247 , 0.65644 , 0.507414 , 1.23958 , 0.682586 , 0.800105 , 1.35517 , 0.866055 , 1.07441 , 1.38822 , 0.52692 , 0.736446 , 1.46919 , 1.10303 , 1.05661 , 1.26371 , 0.810326 , 1.15972 , 1.13358 , 1.0174 , 0.798587 , 0.828149 , 1.792 , 1.32012 , 1.34728 , 1.33817 , 0.794474 , 0.647153 , 0.718326 , 0.646136 , 0.718389 , 1.33391 , 0.84625 , 0.931667 , 1.09508 , 0.850099 , 0.741919 , 0.919361 , 1.2859 , 0.721986 , 0.751512 , 0.708301 , 1.01921 , 0.934129 , 1.73745 , 1.70644 , 0.537727 , 2.07535 , 1.38914 , 1.04194 , 1.39997 , 2.01201 , 1.3655 , 1.89954 , 0.699303 , 1.43292 , 0.80961 , 0.794236 , 1.07649 , 0.950132 , 1.2944 , 1.20615 , 1.2707 , 0.844707 , 1.27476 , 