avg1=[1.22301 , 0.497927 , 1.06435 , 0.657315 , 1.53347 , 0.842604 , 1.05654 , 0.851131 , 1.40451 , 0.890608 , 1.36503 , 1.31426 , 0.758625 , 1.11897 , 0.753842 , 1.24946 , 0.925376 , 1.40929 , 0.941383 , 0.826123 , 0.991861 , 0.837104 , 0.964756 , 0.760095 , 1.55547 , 0.893303 , 1.42602 , 0.508232 , 1.36822 , 1.02183 , 1.0531 , 0.952411 , 1.32931 , 0.697086 , 0.951097 , 1.1095 , 0.689181 , 0.657375 , 1.24421 , 1.11564 , 1.36492 , 0.908234 , 1.38833 , 1.06558 , 0.748518 , 0.918588 , 1.13267 , 0.669688 , 1.54592 , 1.20292 , 1.27509 , 0.690319 , 0.695752 , 0.777955 , 0.998733 , 1.66562 , 1.33481 , 1.17418 , 0.77844 , 0.738546 , 0.856471 , 1.26153 , 0.83043 , 0.82839 , 1.03532 , 1.24785 , 0.867543 , 1.06636 , 1.01662 , 1.40358 , 1.09721 , 0.977679 , 1.23921 , 0.885956 , 0.885949 , 0.921702 , 0.6587 , 1.3417 , 1.06421 , 1.2311 , 1.31162 , 0.787801 , 0.824609 , 1.00909 , 1.38448 , 1.01926 , 0.979714 , 0.833665 , 0.882734 , 0.829436 , 1.07597 , 0.55688 , 1.42064 , 1.29851 , 0.872131 , 1.72904 , 1.16261 , 1.39206 , 1.44688 , 0.912776 , 0.992291 , 1.31892 , 1.0586 , 0.818576 , 0.946441 , 1.20656 , 1.35967 , 1.17561 , 0.716488 , 1.54787 , 1.0167 , 1.13468 , 1.93139 , 1.75296 , 1.05762 , 0.976128 , 1.20268 , 0.99122 , 0.864359 , 0.924318 , 1.09443 , 0.849426 , 1.08973 , 1.11658 , 0.714911 , 1.32475 , 1.04228 , 0.899777 , 0.777024 , 0.84526 , 0.84747 , 0.555624 , 0.693215 , 0.897106 , 1.15799 , 1.41052 , 1.14929 , 1.25189 , 1.22056 , 1.14338 , 1.61204 , 0.994556 , 1.19495 , 0.922059 , 1.60438 , 1.18528 , 0.915312 , 0.822113 , 1.28036 , 1.03942 , 1.35222 , 0.835567 , 1.23478 , 0.941511 , 0.725914 , 0.795429 , 1.67948 , 1.60438 , 0.88973 , 1.34299 , 0.879552 , 1.37731 , 0.726366 , 0.770153 , 1.03927 , 0.993394 , 1.15076 , 1.1833 , 0.876156 , 1.21487 , 0.84488 , 0.906179 , 1.56673 , 1.0879 , 0.656257 , 0.989663 , 1.05948 , 1.00898 , 0.740271 , 1.34992 , 1.28655 , 1.63922 , 1.19742 , 0.660185 , 1.07965 , 1.27673 , 1.15451 , 1.32479 , 1.11544 , 0.84864 , 1.18621 , 1.01037 , 1.02275 , 1.76075 , 0.49247 , 1.66076 , 1.3088 , 1.42307 , 1.24691 , 1.05621 , 0.691912 , 0.847453 , 1.07996 , 0.826345 , 0.66162 , 1.06174 , 0.808214 , 1.00282 , 0.94609 , 1.07939 , 1.05731 , 0.763528 , 1.32503 , 1.37 , 0.928543 , 1.09452 , 0.90882 , 1.69572 , 0.998866 , 1.2752 , 0.829378 , 0.787429 , 0.89195 , 0.804512 , 0.931656 , 1.58925 , 1.30595 , 0.560174 , 0.565674 , 0.829694 , 1.0376 , 0.960354 , 0.778404 , 1.05832 , 1.38487 , 0.591874 , 1.35581 , 0.768403 , 1.18548 , 0.718219 , 1.40045 , 0.81709 , 1.02953 , 0.682424 , 0.548683 , 0.835616 , 1.07853 , 0.920111 , 1.04763 , 0.964097 , 1.81271 , 0.955976 , 0.929682 , 0.744679 , 1.02954 , 0.871001 , 1.17149 , 0.74839 , 0.865315 , 1.62578 , 0.633077 , 0.99566 , 1.4418 , 0.460396 , 1.13439 , 1.32412 , 1.12035 , 1.09839 , 1.19525 , 0.827491 , 0.929198 , 0.711269 , 1.43468 , 0.643607 , 0.946545 , 1.46825 , 0.804275 , 0.893354 , 0.745053 , 0.664663 , 0.76509 , 0.857483 , 0.490874 , 1.34887 , 1.32515 , 1.07003 , 1.19321 , 1.18962 , 1.43994 , 1.11567 , 1.37111 , 1.04522 , 0.630462 , 1.48441 , 0.971474 , 0.781534 , 1.06178 , 0.752549 , 0.900026 , 0.463094 , 1.11933 , 1.86461 , 0.95346 , 0.687907 , 1.29534 , 0.709703 , 1.35738 , 1.14134 , 1.20142 , 1.11415 , 1.37203 , 0.948619 , 0.655035 , 0.723449 , 1.32321 , 1.36204 , 1.55154 , 1.70807 , 1.08754 , 0.857259 , 0.776783 , 1.23821 , 1.09295 , 1.06472 , 0.660008 , 1.2527 , 1.06359 , 1.12292 , 1.04084 , 1.66089 , 0.936212 , 1.53636 , 0.947158 , 0.937387 , 0.805622 , 0.487235 , 1.00332 , 0.601177 , 1.23394 , 1.17559 , 0.70906 , 0.960099 , 0.961233 , 0.863956 , 1.05074 , 0.872762 , 1.32509 , 1.06896 , 0.862483 , 0.967393 , 1.20783 , 0.713217 , 0.794729 , 1.48185 , 0.75963 , 1.02829 , 0.782124 , 0.823313 , 0.779715 , 1.44408 , 1.0798 , 1.4127 , 1.09038 , 0.688111 , 1.13492 , 0.750101 , 1.9218 , 0.83096 , 0.873349 , 0.931474 , 0.827726 , 1.07503 , 0.919369 , 0.787499 , 1.09868 , 0.549355 , 0.769132 , 0.656192 , 1.05483 , 1.22593 , 1.12871 , 0.675193 , 1.11705 , 1.11422 , 0.821561 , 0.624606 , 0.81964 , 0.977288 , 0.76603 , 1.18229 , 0.900527 , 0.930321 , 0.844507 , 0.635866 , 1.9376 , 0.853491 , 0.859793 , 0.610713 , 1.28873 , 0.652399 , 1.8702 , 0.791285 , 0.687324 , 0.689794 , 1.38153 , 0.892738 , 1.28634 , 1.0808 , 0.663858 , 1.24634 , 0.607621 , 0.644925 , 0.78304 , 0.633866 , 1.44513 , 0.597617 , 0.992695 , 1.16037 , 1.02894 , 0.638536 , 0.571369 , 1.28926 , 0.693398 , 1.24154 , 0.929954 , 1.08171 , 1.48795 , 0.510929 , 0.814321 , 1.38377 , 1.61444 , 1.44751 , 1.61525 , 1.41316 , 1.19818 , 1.15621 , 1.51787 , 0.654224 , 0.802464 , 1.97675 , 1.12187 , 1.12343 , 1.25587 , 0.647896 , 1.53791 , 0.954263 , 1.0997 , 1.19414 , 0.681499 , 0.657893 , 0.736844 , 0.987076 , 0.941581 , 0.882616 , 0.737299 , 0.908044 , 0.915407 , 1.51744 , 0.739947 , 0.896961 , 0.574586 , 0.94914 , 0.843452 , 1.30787 , 1.31254 , 2.06153 , 1.49207 , 1.27858 , 0.769426 , 1.15448 , 1.1617 , 1.02664 , 1.46526 , 1.56502 , 1.40258 , 0.764131 , 0.963843 , 0.99854 , 1.09683 , 1.3224 , 0.765018 , 1.25463 , 1.41144 , 1.04997 , 1.14464 , 1.09975 , 1.07927 , 0.702493 , 1.41296 , 1.13298 , 0.872075 , 0.587184 , 1.10568 , 0.754076 , 1.07589 , 1.72902 , 0.734441 , 1.1975 , 1.44719 , 1.06381 , 1.5765 , 1.00295 , 0.550927 , 1.0408 , 1.27825 , 0.50125 , 1.18338 , 1.42915 , 0.810957 , 1.54828 , 1.1953 , 0.933222 , 0.759681 , 0.965843 , 0.703183 , 1.5178 , 1.12297 , 1.29427 , 1.40574 , 1.03486 , 0.664079 , 1.3831 , 1.03762 , 1.20571 , 0.805628 , 1.25845 , 1.11547 , 1.60424 , 0.763621 , 0.920464 , 1.49902 , 1.1092 , 0.788177 , 0.847334 , 1.66347 , 1.04244 , 1.42902 , 1.16724 , 1.10315 , 1.2058 , 0.808424 , 0.778619 , 1.44173 , 1.61826 , 1.0239 , 1.39733 , 0.652289 , 0.885049 , 0.877601 , 1.15771 , 0.812072 , 0.895404 , 1.24179 , 0.913766 , 0.887908 , 1.2988 , 1.25937 , 1.09923 , 0.734842 , 0.641918 , 1.00146 , 0.958446 , 1.23698 , 0.546397 , 1.49449 , 1.23488 , 0.923593 , 0.650873 , 0.961788 , 0.873886 , 1.10984 , 1.30851 , 1.07311 , 1.3187 , 1.02154 , 2.02272 , 1.06727 , 0.61938 , 0.876315 , 0.89465 , 1.02326 , 0.657056 , 1.21751 , 0.845936 , 0.836173 , 0.728465 , 1.00375 , 1.04072 , 0.753392 , 0.786738 , 1.0285 , 0.735702 , 0.892283 , 0.869084 , 0.917893 , 0.876839 , 0.691528 , 0.815183 , 1.15401 , 0.673845 , 0.96351 , 1.22092 , 1.28192 , 1.13991 , 0.636834 , 1.02182 , 1.66377 , 1.12964 , 0.728405 , 0.816943 , 0.765601 , 1.05788 , 0.892608 , 0.808498 , 1.21296 , 0.978112 , 0.770335 , 0.947526 , 1.07561 , 1.24473 , 1.9958 , 1.08808 , 0.76318 , 1.5081 , 1.41445 , 0.993155 , 1.12388 , 1.03867 , 1.15899 , 1.79054 , 1.36703 , 1.52522 , 1.90008 , 0.694127 , 1.24029 , 0.755169 , 1.42385 , 1.0246 , 1.1095 , 0.816891 , 0.52372 , 1.69943 , 1.53234 , 2.03496 , 0.900806 , 0.785544 , 1.09185 , 1.09589 , 1.15958 , 1.09471 , 1.00986 , 1.11884 , 1.53013 , 0.650872 , 0.608052 , 0.501632 , 1.01635 , 1.55939 , 1.06527 , 0.662132 , 1.00745 , 1.83503 , 0.874218 , 0.997608 , 0.947948 , 0.846109 , 1.03355 , 0.901443 , 1.72512 , 0.735661 , 1.50986 , 1.16522 , 0.96949 , 0.683262 , 1.28501 , 0.645292 , 0.717305 , 0.732209 , 0.712879 , 0.977055 , 1.09898 , 1.77045 , 1.18898 , 0.962311 , 0.732384 , 1.01484 , 0.701594 , 0.861163 , 1.00918 , 0.570515 , 0.884753 , 0.782729 , 1.07092 , 0.652052 , 0.865457 , 1.3297 , 0.923048 , 0.848667 , 0.844948 , 1.38793 , 1.03005 , 0.782567 , 0.911223 , 0.55096 , 0.952943 , 1.2387 , 1.02795 , 0.935828 , 0.786877 , 1.49293 , 1.30257 , 1.51769 , 0.870909 , 0.779965 , 1.20714 , 1.08861 , 0.892975 , 0.993689 , 0.852576 , 1.01005 , 0.823559 , 1.09657 , 0.757622 , 0.782991 , 1.07936 , 1.01568 , 0.708284 , 0.810742 , 0.931782 , 2.01508 , 0.668005 , 0.950058 , 1.13341 , 0.719333 , 1.27897 , 0.842223 , 1.06514 , 1.21143 , 0.911454 , 1.47753 , 1.03201 , 1.0147 , 0.942579 , 0.74439 , 1.7553 , 0.97467 , 1.14932 , 1.44165 , 0.837178 , 1.05458 , 1.48553 , 0.934662 , 1.57759 , 1.24227 , 1.26607 , 1.11176 , 1.62504 , 1.36558 , 0.811544 , 1.24818 , 0.894865 , 1.4606 , 1.5562 , 0.757882 , 1.02014 , 1.27088 , 0.716313 , 1.72197 , 0.904535 , 0.814369 , 0.854115 , 