avg1=[0.633986 , 0.450907 , 0.763849 , 1.6961 , 0.573033 , 0.48361 , 1.41404 , 0.954009 , 0.674323 , 1.99189 , 0.594093 , 0.498714 , 1.47574 , 3.38231 , 0.396404 , 2.10038 , 1.63221 , 0.408317 , 2.21243 , 0.812162 , 1.20027 , 1.24988 , 1.54244 , 0.963987 , 0.52369 , 0.888583 , 1.00481 , 1.14535 , 0.57287 , 1.05236 , 0.909015 , 1.275 , 1.432 , 1.08454 , 0.823503 , 0.815407 , 0.715519 , 0.941281 , 0.338843 , 1.23868 , 0.461841 , 0.68179 , 1.30312 , 1.6957 , 1.73167 , 1.01631 , 1.28391 , 1.14239 , 1.13864 , 1.31268 , 0.758627 , 1.88332 , 1.84569 , 1.06576 , 0.740649 , 0.598192 , 0.932627 , 1.13726 , 1.4304 , 0.37971 , 1.75827 , 2.11044 , 0.79801 , 0.641614 , 0.523454 , 1.74423 , 0.717217 , 2.36211 , 0.557009 , 1.71606 , 1.25619 , 1.3507 , 1.54048 , 1.444 , 0.429204 , 0.53354 , 1.43696 , 1.26082 , 1.79405 , 6.0427 , 2.52277 , 1.68661 , 1.25925 , 1.39652 , 1.29364 , 0.966916 , 0.569817 , 0.380329 , 1.88049 , 0.990662 , 0.925559 , 0.63647 , 0.333966 , 0.82281 , 1.8391 , 1.36973 , 1.53546 , 0.809007 , 1.79916 , 0.775581 , 0.300199 , 0.612196 , 0.680893 , 1.8108 , 2.0432 , 1.17271 , 1.4079 , 3.44697 , 0.736393 , 0.735239 , 0.690593 , 1.37793 , 0.831245 , 0.645986 , 1.08912 , 0.337945 , 1.29751 , 1.56596 , 1.07364 , 2.43252 , 0.533824 , 0.569731 , 1.5337 , 0.868655 , 0.969319 , 1.74936 , 1.53856 , 0.729249 , 0.665312 , 1.74378 , 0.800146 , 0.458499 , 0.550173 , 0.79626 , 1.07376 , 0.659312 , 0.857246 , 3.10756 , 0.513861 , 2.36601 , 0.56968 , 0.656741 , 1.02561 , 1.62074 , 1.58085 , 1.3496 , 1.14363 , 1.12551 , 0.648547 , 1.42573 , 1.2233 , 1.12043 , 1.26811 , 0.770882 , 0.812913 , 1.44724 , 1.35318 , 0.918063 , 1.14877 , 1.57264 , 1.79404 , 0.976653 , 0.925433 , 1.35259 , 1.84456 , 0.421554 , 2.97847 , 1.08281 , 0.913383 , 1.0629 , 1.25579 , 1.70223 , 2.47703 , 3.43568 , 1.14862 , 1.1819 , 2.27287 , 1.07513 , 0.712646 , 3.75722 , 0.882618 , 1.11787 , 0.703438 , 2.46602 , 0.53187 , 1.68566 , 1.15078 , 3.72863 , 1.48313 , 1.20325 , 4.7243 , 1.17137 , 1.27674 , 0.654503 , 1.79249 , 0.615031 , 0.773973 , 2.17627 , 1.74518 , 0.851605 , 0.476263 , 1.91244 , 1.09202 , 2.03945 , 0.950834 , 1.18739 , 0.836332 , 0.557515 , 1.45357 , 1.0373 , 1.35226 , 1.08307 , 0.702225 , 0.570457 , 0.515159 , 1.08265 , 0.494526 , 1.39761 , 1.00306 , 0.761527 , 2.14484 , 1.26352 , 1.52794 , 1.11946 , 1.11749 , 1.31633 , 0.606065 , 2.10829 , 0.771741 , 1.22706 , 1.62213 , 0.457654 , 0.813827 , 3.04351 , 1.00264 , 1.81886 , 1.05816 , 1.09487 , 0.65521 , 2.27884 , 1.44398 , 2.82966 , 0.8704 , 0.734731 , 1.29151 , 0.921573 , 1.01964 , 1.10403 , 1.18501 , 1.39475 , 1.23808 , 1.40123 , 0.658701 , 1.84033 , 0.870982 , 0.958621 , 1.53236 , 0.742398 , 1.30121 , 0.449802 , 0.847468 , 2.18413 , 1.87632 , 1.03563 , 0.75281 , 1.46583 , 0.864258 , 1.60996 , 1.09956 , 0.650093 , 4.04735 , 0.647424 , 1.20652 , 1.89599 , 1.31765 , 3.75445 , 0.469385 , 1.17376 , 1.2298 , 0.912897 , 0.603201 , 0.549647 , 0.838931 , 0.8595 , 0.901235 , 0.819309 , 1.04938 , 0.783905 , 0.898685 , 1.78001 , 0.436236 , 0.99949 , 0.887621 , 1.48468 , 0.760732 , 0.659337 , 0.964705 , 0.873876 , 0.744603 , 0.760576 , 2.50409 , 1.39377 , 3.20115 , 0.612724 , 0.860837 , 0.898196 , 0.947071 , 1.124 , 0.827975 , 1.27181 , 1.31342 , 1.09645 , 2.5171 , 0.68786 , 0.711517 , 0.590434 , 1.26579 , 0.86715 , 1.35049 , 1.30465 , 1.59856 , 1.19906 , 0.903425 , 1.38345 , 0.552718 , 1.43123 , 1.57863 , 0.463271 , 0.792389 , 1.10437 , 0.888479 , 1.23963 , 1.0507 , 0.716894 , 0.514561 , 0.61877 , 0.740779 , 0.836751 , 1.58114 , 0.657534 , 1.65034 , 2.20393 , 0.695904 , 0.767381 , 2.16531 , 1.64992 , 0.454473 , 1.42258 , 0.844092 , 0.981346 , 1.60535 , 1.49651 , 0.488536 , 0.830286 , 0.682721 , 0.838726 , 1.54825 , 0.280042 , 2.29177 , 1.60056 , 0.648918 , 1.41352 , 1.56203 , 1.58088 , 1.68665 , 1.0943 , 1.52663 , 1.07567 , 0.892459 , 1.01575 , 2.8201 , 2.50577 , 2.28049 , 1.47637 , 0.821721 , 0.706747 , 1.5595 , 0.898716 , 0.416686 , 0.816151 , 1.03121 , 1.39932 , 1.2611 , 0.610047 , 0.830933 , 0.52959 , 2.2886 , 1.91854 , 0.841971 , 0.917201 , 1.1827 , 0.993457 , 0.899849 , 0.403111 , 0.790336 , 1.54155 , 0.335746 , 0.548932 , 2.52148 , 1.36219 , 0.937232 , 1.07819 , 1.10898 , 0.746234 , 2.20393 , 1.32217 , 0.731086 , 0.942166 , 0.98288 , 1.17414 , 1.51558 , 0.528738 , 0.637011 , 2.01869 , 0.883961 , 0.41515 , 0.564896 , 1.64091 , 0.839293 , 0.638981 , 1.20272 , 1.59303 , 1.36728 , 1.45771 , 0.317413 , 3.51671 , 1.05712 , 0.316218 , 0.570761 , 1.94253 , 0.612381 , 0.589026 , 1.66445 , 1.40554 , 1.01022 , 0.90537 , 1.71976 , 0.419203 , 0.836189 , 1.54069 , 0.549769 , 0.553141 , 0.754424 , 0.825958 , 1.37909 , 1.24681 , 1.10202 , 2.74235 , 3.10218 , 0.438234 , 1.06763 , 1.08501 , 0.662777 , 1.97071 , 2.039 , 0.445224 , 0.959521 , 1.42191 , 0.739529 , 1.71053 , 1.39195 , 1.47935 , 0.33873 , 0.538188 , 0.859387 , 1.38716 , 2.01869 , 0.815039 , 0.841891 , 2.56236 , 2.37725 , 1.12242 , 1.33234 , 3.56647 , 1.70195 , 1.20673 , 0.864243 , 0.241285 , 1.61225 , 0.619669 , 1.64215 , 0.335017 , 0.330786 , 0.927401 , 0.663629 , 1.48411 , 0.739617 , 1.08916 , 0.686108 , 1.26688 , 0.988211 , 0.604478 , 1.15267 , 1.85101 , 1.6546 , 0.471206 , 0.662427 , 1.21811 , 1.38059 , 3.09729 , 1.02373 , 0.808845 , 1.51843 , 0.557351 , 2.33492 , 0.742691 , 1.2611 , 0.549229 , 0.665964 , 1.08957 , 0.416078 , 1.11959 , 1.24165 , 2.80244 , 0.607194 , 0.601374 , 0.549128 , 1.40585 , 0.482966 , 0.943971 , 1.18659 , 0.931513 , 0.831459 , 0.918527 , 1.39477 , 1.16877 , 1.46921 , 0.681274 , 0.838037 , 1.76223 , 2.39041 , 1.57063 , 0.768671 , 0.98483 , 0.588555 , 1.87027 , 1.13423 , 1.68408 , 2.28029 , 2.29251 , 1.13976 , 1.07303 , 2.20202 , 1.52791 , 0.594003 , 0.980248 , 2.14514 , 2.61604 , 3.25232 , 2.84523 , 1.20413 , 0.73299 , 2.31713 , 0.372284 , 2.14743 , 1.47778 , 1.97827 , 2.62888 , 1.39148 , 0.819868 , 0.913934 , 0.520644 , 1.88729 , 0.535249 , 1.29238 , 1.66108 , 1.24944 , 0.97852 , 1.01427 , 0.545064 , 0.560383 , 0.506886 , 0.3855 , 1.76131 , 4.56026 , 0.267015 , 1.47048 , 2.12713 , 1.45423 , 0.899927 , 0.605723 , 1.29231 , 1.13167 , 1.58357 , 1.21433 , 1.00989 , 2.40831 , 0.543421 , 3.27735 , 2.07409 , 0.776946 , 1.44409 , 0.833892 , 1.3137 , 0.720451 , 1.09676 , 0.683823 , 2.27265 , 0.988969 , 0.261699 , 1.08029 , 2.98137 , 1.06929 , 0.295763 , 1.34232 , 0.975522 , 0.524006 , 1.29434 , 2.08343 , 0.669648 , 1.78523 , 0.905255 , 0.956094 , 2.35532 , 1.1194 , 2.78198 , 0.743932 , 0.978145 , 2.07815 , 1.28046 , 1.02821 , 0.573337 , 1.07653 , 1.94683 , 1.15424 , 2.94015 , 1.19779 , 1.2738 , 1.86196 , 1.21281 , 0.691178 , 0.346764 , 0.413142 , 1.14225 , 2.00525 , 1.14827 , 1.36896 , 1.49372 , 1.12725 , 1.49477 , 1.43915 , 1.32729 , 2.56946 , 0.546234 , 1.33347 , 1.01329 , 0.852016 , 2.10394 , 2.06957 , 0.86339 , 1.93141 , 1.55308 , 0.642826 , 1.02481 , 0.698859 , 2.33209 , 0.986118 , 0.700372 , 1.48515 , 0.851234 , 0.801063 , 0.920652 , 1.04944 , 0.447353 , 0.788316 , 0.904488 , 1.76636 , 0.636962 , 0.644065 , 1.60574 , 1.14854 , 1.18293 , 0.716542 , 1.68641 , 0.898085 , 0.579253 , 1.99492 , 0.984832 , 1.57123 , 1.34497 , 0.727794 , 0.87446 , 1.58396 , 1.18866 , 0.704826 , 2.81313 , 0.784778 , 0.69941 , 2.33436 , 2.07742 , 1.22192 , 1.67794 , 0.930841 , 0.280171 , 0.639625 , 2.23187 , 1.37049 , 0.911636 , 1.24554 , 0.669709 , 0.803531 , 1.67757 , 0.636611 , 0.78357 , 1.3078 , 0.713297 , 2.49034 , 1.84346 , 1.00054 , 1.78637 , 2.74838 , 1.5204 , 1.45502 , 0.285753 , 1.78325 , 0.65315 , 1.34979 , 1.02082 , 2.03511 , 1.26496 , 0.543309 , 0.830759 , 0.774899 , 1.14977 , 0.520534 , 4.30745 , 1.8054 , 0.738336 , 1.07122 , 0.878921 , 0.785948 , 1.47866 , 1.72285 , 0.449748 , 0.97339 , 0.61998 , 2.14529 , 1.27668 , 1.93311 , 0.691342 , 0.499678 , 0.978844 , 2.31168 , 1.24791 , 1.43672 , 0.783482 , 1.93539 , 1.30693 , 1.37333 , 0.750966 , 0.741686 , 0.769236 , 0.882538 , 2.13507 , 1.0554 , 1.29894 , 2.16987 , 1.53343 , 2.11124 , 1.89931 , 0.452858 , 0.787378 , 0.685909 , 1.34148 , 1.38748 , 0.34691 , 1.86316 , 0.89609 , 3.28579 , 1.00531 , 0.697689 , 2.99433 , 0.910387 , 