avg1=[0.597907 , 0.702104 , 0.922036 , 0.708226 , 1.00358 , 0.762651 , 0.764536 , 0.916316 , 0.46548 , 0.96326 , 0.705924 , 1.39318 , 0.787846 , 1.32366 , 1.16699 , 1.00507 , 0.579175 , 1.89601 , 1.05268 , 0.875276 , 0.667129 , 0.929576 , 0.614161 , 1.0546 , 2.2334 , 0.772152 , 1.05918 , 1.29612 , 0.726285 , 0.834186 , 1.14103 , 0.663733 , 1.5801 , 1.33261 , 0.768881 , 0.995743 , 0.915155 , 0.85416 , 1.69821 , 0.650154 , 0.777456 , 0.812194 , 1.90636 , 0.586641 , 0.80394 , 0.380197 , 0.546732 , 1.20626 , 1.43726 , 1.23675 , 1.50573 , 0.552947 , 1.35774 , 0.532102 , 1.40412 , 1.14775 , 0.980137 , 0.874086 , 0.715134 , 0.93186 , 1.73293 , 0.820955 , 0.616099 , 0.932098 , 1.32211 , 0.92483 , 1.23361 , 1.80772 , 1.02926 , 1.09261 , 1.44693 , 1.47405 , 0.715388 , 1.12514 , 1.21911 , 0.879074 , 0.850177 , 1.78917 , 2.0178 , 0.853432 , 1.79936 , 1.22266 , 0.832807 , 2.49118 , 1.83543 , 0.856159 , 0.575065 , 1.27073 , 2.85737 , 0.538483 , 1.36133 , 0.701624 , 0.829912 , 3.43607 , 0.518416 , 1.46688 , 0.864179 , 1.62975 , 0.789844 , 1.67953 , 0.860822 , 0.844974 , 0.74671 , 1.63714 , 1.70507 , 0.81924 , 2.37436 , 1.56875 , 0.689961 , 1.94577 , 0.64816 , 1.23047 , 1.54988 , 0.837992 , 0.627713 , 0.520604 , 0.99877 , 0.405771 , 0.720779 , 0.78517 , 1.40992 , 0.73436 , 0.699983 , 1.26233 , 0.932703 , 1.16285 , 0.805732 , 1.57929 , 0.5734 , 1.53204 , 1.09401 , 0.887953 , 1.06341 , 0.870435 , 0.86152 , 0.763348 , 1.47149 , 1.13961 , 1.54127 , 1.72312 , 1.3203 , 0.679671 , 1.51904 , 2.19389 , 1.05642 , 0.524654 , 0.568471 , 2.234 , 1.5075 , 1.63886 , 0.632965 , 1.15258 , 1.56405 , 3.99276 , 0.962278 , 1.22515 , 1.36017 , 0.481236 , 0.859235 , 1.44713 , 0.917223 , 0.942768 , 0.669737 , 0.84701 , 0.946206 , 1.92391 , 0.783502 , 0.640028 , 1.27375 , 0.782879 , 1.80096 , 1.09373 , 1.42073 , 1.48883 , 0.843436 , 0.70904 , 1.07795 , 1.22364 , 1.127 , 1.30371 , 0.728456 , 1.0666 , 1.23092 , 1.15596 , 0.702553 , 1.71966 , 1.2654 , 0.789844 , 0.697964 , 0.740722 , 2.89763 , 1.47566 , 1.60064 , 0.774422 , 1.26628 , 1.15337 , 0.851548 , 0.869511 , 1.42986 , 1.20465 , 1.08736 , 1.12068 , 1.38291 , 0.962052 , 0.827667 , 0.786569 , 1.62065 , 1.34678 , 1.2832 , 1.39986 , 1.37863 , 0.64955 , 1.92243 , 0.882105 , 1.92934 , 1.04777 , 0.794175 , 0.919299 , 0.970922 , 1.50142 , 0.471382 , 1.03665 , 0.937234 , 0.700774 , 0.600701 , 1.32929 , 0.959534 , 1.55743 , 0.846546 , 0.782267 , 0.910133 , 1.00188 , 1.66995 , 0.759953 , 1.09522 , 2.09913 , 0.688045 , 1.30665 , 1.19161 , 0.756204 , 1.22691 , 0.572053 , 1.42749 , 0.875838 , 0.553416 , 1.02555 , 1.0224 , 0.868154 , 0.859362 , 1.01994 , 1.61785 , 1.71155 , 0.764146 , 0.570676 , 1.16353 , 0.660685 , 0.940505 , 0.935364 , 0.838612 , 0.835087 , 1.0194 , 1.47846 , 1.26556 , 0.498107 , 1.09082 , 0.948453 , 1.5633 , 1.37614 , 1.04958 , 0.723481 , 0.88176 , 0.552047 , 1.38141 , 2.11275 , 2.02018 , 0.791833 , 1.67176 , 1.11754 , 0.838796 , 1.00412 , 0.678694 , 0.722532 , 1.22339 , 0.849026 , 1.10649 , 1.12501 , 1.1683 , 1.6869 , 1.71937 , 1.58155 , 0.826379 , 0.445765 , 1.04188 , 1.11061 , 0.461552 , 1.06253 , 0.490103 , 1.28989 , 0.977361 , 1.06032 , 0.590569 , 0.659996 , 0.891187 , 0.813261 , 1.09165 , 0.635368 , 1.1906 , 1.02068 , 0.983472 , 1.17495 , 2.50893 , 0.654315 , 0.74771 , 1.57133 , 1.20465 , 0.868327 , 1.0108 , 0.936627 , 0.701963 , 1.15293 , 0.971153 , 0.566815 , 0.962139 , 0.886353 , 0.791607 , 1.61667 , 0.782531 , 0.886255 , 2.09257 , 0.707154 , 1.48272 , 0.760019 , 1.30166 , 1.21385 , 1.17968 , 0.746612 , 1.52528 , 0.541502 , 0.953477 , 1.05166 , 1.15998 , 1.27356 , 0.722798 , 0.713386 , 0.485835 , 1.41853 , 1.56836 , 1.32818 , 0.895012 , 0.999498 , 1.13128 , 0.608619 , 0.793215 , 1.25741 , 1.9105 , 1.30956 , 0.896453 , 0.871783 , 0.852907 , 0.596191 , 1.18889 , 1.03622 , 1.23832 , 0.536741 , 1.5568 , 0.833267 , 1.16866 , 1.14772 , 1.68969 , 1.983 , 1.57762 , 1.52558 , 1.35454 , 0.467026 , 1.34326 , 1.74616 , 0.897087 , 1.60667 , 0.810229 , 1.08345 , 1.26742 , 1.05686 , 0.797164 , 2.78684 , 1.69467 , 0.838956 , 1.12755 , 0.943742 , 0.744394 , 1.23535 , 1.33045 , 1.65277 , 0.996269 , 0.945044 , 0.845005 , 1.01757 , 1.52151 , 1.28776 , 0.985991 , 0.842123 , 1.18009 , 1.2511 , 0.714302 , 0.802104 , 0.938164 , 1.0869 , 1.48782 , 0.620434 , 0.867559 , 1.38955 , 1.19316 , 0.801269 , 0.540565 , 1.25035 , 0.817109 , 1.42597 , 1.32065 , 1.20912 , 1.06596 , 1.30069 , 0.65827 , 1.54348 , 0.558657 , 0.616198 , 1.65416 , 0.749015 , 0.962371 , 0.74679 , 0.926295 , 0.6778 , 0.809363 , 0.892608 , 0.949885 , 0.876998 , 1.02074 , 1.07006 , 0.7259 , 0.713604 , 1.10627 , 1.24494 , 0.6464 , 1.17359 , 1.13649 , 0.643391 , 0.665202 , 0.977606 , 1.03668 , 1.21064 , 1.90697 , 2.10508 , 0.826491 , 1.12001 , 1.49834 , 0.932815 , 1.55277 , 1.315 , 0.60638 , 1.06141 , 0.898504 , 1.33255 , 1.88647 , 0.5837 , 0.956157 , 1.46591 , 0.807562 , 1.01487 , 1.55334 , 1.39689 , 0.657899 , 1.41889 , 2.18992 , 1.18662 , 0.638853 , 0.991828 , 0.987803 , 1.30734 , 1.33839 , 1.21256 , 1.62888 , 0.900716 , 0.69381 , 0.966292 , 0.681122 , 1.18857 , 0.862656 , 1.72345 , 1.1233 , 0.999504 , 1.02182 , 2.35807 , 0.909606 , 0.766727 , 1.00634 , 1.88582 , 1.94415 , 0.867617 , 0.995401 , 0.860447 , 1.21872 , 0.84765 , 0.882033 , 0.638173 , 1.54718 , 0.760002 , 1.7183 , 0.482514 , 0.906839 , 0.888117 , 0.566143 , 2.41238 , 1.45152 , 0.809228 , 0.979413 , 0.846505 , 1.19648 , 1.17119 , 1.27116 , 1.94679 , 0.570723 , 1.02213 , 1.32035 , 1.11717 , 1.06407 , 1.18218 , 0.967187 , 0.637329 , 1.37265 , 1.18296 , 0.961714 , 1.29243 , 1.17749 , 1.04184 , 1.03243 , 1.29429 , 1.97576 , 0.772452 , 1.60288 , 0.890067 , 0.965175 , 1.13695 , 0.817457 , 0.490753 , 2.10754 , 1.32847 , 0.989213 , 0.945304 , 0.700727 , 0.647539 , 0.554049 , 0.438768 , 0.542357 , 1.32809 , 1.06056 , 1.46277 , 1.148 , 1.04793 , 0.839366 , 0.827626 , 1.6995 , 1.5653 , 1.19574 , 1.33362 , 1.26319 , 0.838261 , 0.551337 , 0.594997 , 0.788616 , 1.29525 , 0.931103 , 0.747895 , 1.5641 , 0.441979 , 1.1258 , 0.870344 , 1.02536 , 0.658038 , 1.17215 , 0.477501 , 0.995969 , 1.19102 , 0.594705 , 0.571468 , 1.29207 , 0.763561 , 1.33795 , 1.93949 , 0.798419 , 0.51723 , 0.609342 , 0.894567 , 1.57325 , 0.689513 , 0.656635 , 1.61855 , 1.52955 , 0.675322 , 0.847223 , 0.487903 , 1.08693 , 0.462425 , 1.20495 , 0.843957 , 0.86044 , 1.55375 , 1.48749 , 1.29655 , 1.70237 , 1.95921 , 1.09955 , 0.490817 , 1.23975 , 1.58871 , 1.24749 , 1.71314 , 1.32015 , 1.18845 , 0.889109 , 1.20199 , 1.30635 , 1.01334 , 1.10739 , 1.34032 , 1.08467 , 1.12803 , 1.123 , 1.48998 , 2.22079 , 1.05108 , 1.32188 , 0.686937 , 1.88792 , 1.39602 , 1.74516 , 0.868368 , 0.626276 , 1.10261 , 1.04213 , 1.17202 , 0.930561 , 0.953581 , 1.24596 , 0.809663 , 1.18071 , 1.58315 , 1.39089 , 0.839677 , 0.642882 , 1.37826 , 1.80918 , 1.64003 , 1.81392 , 0.897474 , 0.705407 , 1.30296 , 1.43915 , 1.54203 , 1.43587 , 1.05553 , 0.936626 , 0.841013 , 0.964881 , 0.800673 , 0.947001 , 1.10505 , 1.25592 , 0.736261 , 1.21986 , 0.533753 , 1.69233 , 0.634967 , 1.89759 , 0.967097 , 1.6744 , 1.36102 , 1.73705 , 0.810384 , 1.21858 , 0.601293 , 2.09478 , 2.2517 , 1.00617 , 0.617481 , 1.48605 , 1.41215 , 1.37077 , 1.30745 , 1.21046 , 0.975752 , 1.47248 , 1.01266 , 2.102 , 1.79266 , 2.34341 , 1.38214 , 1.33508 , 1.38114 , 1.06031 , 0.750917 , 0.784853 , 0.778645 , 1.28323 , 0.929001 , 0.783533 , 1.38731 , 0.973952 , 0.753806 , 0.804652 , 0.741673 , 1.27177 , 1.56806 , 1.00774 , 1.61708 , 1.20692 , 0.866665 , 1.42368 , 0.743913 , 1.02838 , 1.11369 , 0.503018 , 0.667867 , 1.08981 , 1.00888 , 1.0631 , 1.51003 , 1.20301 , 0.915915 , 0.684292 , 0.76438 , 0.76814 , 1.64714 , 1.21139 , 0.885943 , 0.656047 , 0.935046 , 1.16348 , 1.08183 , 1.74556 , 1.42864 , 1.36209 , 1.83584 , 1.0279 , 0.927858 , 0.736806 , 0.980947 , 0.826503 , 2.64583 , 0.872229 , 0.816523 , 0.993919 , 1.20472 , 1.02523 , 1.0269 , 1.00241 , 1.12045 , 0.738763 , 1.08474 , 1.00222 , 0.858553 , 0.830941 , 1.11213 , 0.802704 , 1.62563 , 0.613086 , 1.12025 , 0.925088 , 1.55509 , 0.730771 , 0.959188 , 1.15304 , 0.90145 , 1.40506 , 