avg1=[0.83605 , 0.816582 , 0.907815 , 0.604781 , 1.26129 , 2.05867 , 0.795603 , 0.917941 , 0.839453 , 0.791147 , 1.06735 , 1.51654 , 1.20982 , 1.17368 , 0.78266 , 0.69216 , 0.951916 , 1.08559 , 1.13099 , 0.824257 , 0.972997 , 1.17802 , 0.775881 , 0.815448 , 1.31775 , 1.01406 , 1.47643 , 1.7301 , 1.17008 , 0.614227 , 0.948707 , 1.47146 , 1.52666 , 0.762022 , 1.17658 , 1.20694 , 0.900258 , 1.33305 , 0.852064 , 1.66135 , 0.787954 , 0.940626 , 1.21832 , 0.894342 , 0.745472 , 1.53823 , 1.01212 , 0.72281 , 1.49061 , 1.2969 , 1.48428 , 0.94037 , 0.815708 , 0.673594 , 0.734432 , 0.850944 , 1.23529 , 1.14711 , 1.00613 , 0.841027 , 0.974555 , 1.11423 , 0.81341 , 0.777603 , 0.776221 , 1.95896 , 1.17614 , 0.901137 , 0.968533 , 0.790402 , 1.14426 , 0.976577 , 1.15865 , 1.77895 , 0.928376 , 0.839067 , 1.43105 , 1.12732 , 1.36482 , 1.04914 , 1.0418 , 0.908742 , 1.01162 , 1.60886 , 1.7125 , 1.11625 , 0.639642 , 1.21907 , 1.21753 , 0.883105 , 0.892753 , 0.737316 , 0.642295 , 0.908566 , 0.877489 , 1.53168 , 0.745718 , 1.15408 , 1.15325 , 0.977903 , 0.592163 , 1.0199 , 1.06945 , 1.04907 , 1.67881 , 0.913702 , 1.0518 , 1.15818 , 1.35668 , 1.44567 , 1.26791 , 1.78979 , 0.946765 , 1.22885 , 0.9982 , 0.743861 , 0.7583 , 1.0153 , 1.19145 , 0.695267 , 1.12351 , 0.817226 , 1.03873 , 1.10036 , 0.833458 , 0.730058 , 0.918331 , 0.854799 , 0.727579 , 1.19408 , 0.998475 , 1.03203 , 0.986381 , 1.09781 , 1.01484 , 1.13841 , 0.811205 , 1.28462 , 1.32697 , 1.22168 , 0.951263 , 0.891071 , 0.80636 , 1.75198 , 1.08986 , 0.627298 , 1.49942 , 0.586127 , 1.08976 , 1.02682 , 1.30311 , 0.94791 , 1.25446 , 1.02441 , 1.85691 , 0.790004 , 1.36985 , 0.779191 , 1.32188 , 1.67024 , 0.950391 , 1.12616 , 1.10789 , 0.921044 , 1.1279 , 0.918728 , 0.997492 , 0.707182 , 0.918621 , 1.1971 , 1.02764 , 1.10594 , 1.29225 , 1.2491 , 1.2392 , 0.935785 , 1.13294 , 0.706811 , 0.869898 , 1.34334 , 1.27002 , 1.48115 , 0.776884 , 1.09203 , 1.26796 , 0.830589 , 0.859534 , 1.81698 , 1.12251 , 1.18252 , 1.16828 , 1.09458 , 0.63621 , 1.05844 , 0.764619 , 1.11313 , 1.03073 , 1.28687 , 1.27206 , 1.92163 , 0.952385 , 0.927768 , 1.17987 , 0.89391 , 0.900517 , 0.86739 , 0.975196 , 0.866185 , 1.39173 , 0.899225 , 1.31222 , 0.812342 , 0.953739 , 0.844164 , 1.20163 , 0.664104 , 1.56105 , 1.55684 , 0.789236 , 1.03749 , 0.57836 , 1.13575 , 0.860692 , 0.542248 , 0.858924 , 1.07066 , 1.48709 , 0.951128 , 0.942371 , 0.969135 , 0.887706 , 0.771904 , 0.918194 , 0.76162 , 0.91635 , 0.61971 , 1.07993 , 1.03332 , 0.914507 , 0.867225 , 1.41191 , 1.03659 , 0.793294 , 1.04525 , 0.702908 , 0.840186 , 1.26385 , 1.38732 , 0.938697 , 0.844163 , 1.28199 , 0.964715 , 0.923182 , 0.8511 , 0.967782 , 1.24935 , 1.17462 , 1.20056 , 0.556 , 1.30992 , 0.731743 , 0.935831 , 1.15149 , 0.935921 , 0.709528 , 1.27441 , 1.29259 , 0.610836 , 0.906666 , 0.928311 , 1.21676 , 0.917768 , 1.05103 , 0.634633 , 0.880783 , 1.31235 , 1.04262 , 1.04861 , 1.17227 , 1.39965 , 0.827956 , 0.781153 , 0.760861 , 1.46312 , 1.14488 , 0.69134 , 0.801168 , 1.0225 , 1.05101 , 1.42794 , 1.2515 , 0.998009 , 0.899552 , 0.879847 , 1.04726 , 0.63815 , 0.741479 , 1.11933 , 0.87916 , 0.516336 , 1.13515 , 1.59129 , 0.721704 , 0.830527 , 0.768134 , 1.02183 , 1.05937 , 0.87115 , 0.940949 , 1.06119 , 1.19023 , 0.976606 , 0.679538 , 0.934216 , 1.25407 , 1.0613 , 1.03007 , 0.86046 , 1.10373 , 1.03049 , 0.815147 , 1.07335 , 1.37906 , 0.975572 , 1.12269 , 1.36044 , 0.821304 , 0.780555 , 0.959361 , 0.717882 , 0.931863 , 0.97008 , 0.918672 , 0.552885 , 0.94951 , 0.51868 , 1.31685 , 0.898025 , 0.972685 , 0.959711 , 0.914618 , 0.716403 , 1.32761 , 0.858879 , 0.989553 , 0.982229 , 0.733018 , 0.950016 , 0.881318 , 1.09218 , 1.33589 , 0.83345 , 0.841131 , 1.62197 , 0.764814 , 0.963565 , 0.807595 , 0.82865 , 1.02672 , 1.11561 , 1.26961 , 1.0995 , 1.02854 , 1.02314 , 1.16989 , 0.875936 , 1.1711 , 1.07465 , 1.22138 , 1.42241 , 0.719374 , 0.952857 , 0.924791 , 0.692524 , 1.00769 , 1.16295 , 0.756879 , 0.744536 , 0.781456 , 0.962941 , 1.39769 , 1.09275 , 1.15009 , 1.19064 , 1.43559 , 0.943005 , 0.898344 , 1.47731 , 1.23366 , 1.08324 , 1.15452 , 1.14988 , 1.28553 , 1.02569 , 1.40886 , 1.07416 , 1.07143 , 0.783565 , 1.04343 , 1.09216 , 1.29077 , 0.987596 , 0.787692 , 1.24903 , 1.25458 , 0.977072 , 0.968949 , 1.09472 , 0.871047 , 1.57786 , 1.31277 , 0.818904 , 1.22435 , 0.760641 , 0.879846 , 0.78418 , 1.25392 , 1.22367 , 0.986634 , 0.886924 , 0.526918 , 0.974794 , 1.59193 , 0.733039 , 1.19938 , 0.440269 , 0.815592 , 0.661489 , 0.817453 , 0.862173 , 1.0005 , 1.06203 , 1.04829 , 0.83761 , 1.12632 , 0.607657 , 1.09874 , 1.08289 , 1.24534 , 1.15608 , 0.871619 , 1.11589 , 1.08967 , 0.934407 , 1.38125 , 1.07345 , 0.99556 , 1.00973 , 0.75075 , 0.976208 , 0.635078 , 0.87417 , 1.28194 , 1.15635 , 0.721003 , 0.972045 , 1.25365 , 1.1631 , 0.955354 , 1.14273 , 0.858853 , 0.533522 , 0.916248 , 0.857805 , 1.48323 , 0.942261 , 1.0707 , 0.908324 , 1.04626 , 1.33745 , 1.14033 , 0.996715 , 1.36856 , 1.06087 , 1.04444 , 1.0471 , 0.957496 , 0.985051 , 1.44204 , 0.618512 , 0.85557 , 0.971963 , 0.689152 , 1.20488 , 0.899413 , 0.941474 , 1.23303 , 1.1965 , 1.29169 , 1.25638 , 0.767573 , 1.17361 , 0.818629 , 1.16608 , 0.840226 , 1.10338 , 0.801393 , 0.79489 , 1.1424 , 1.07232 , 1.05242 , 1.00115 , 0.799192 , 0.899532 , 1.17927 , 0.581459 , 0.975699 , 0.883466 , 0.649563 , 1.75142 , 1.28112 , 0.902956 , 1.10261 , 0.613728 , 1.03824 , 1.32729 , 0.668165 , 1.27137 , 0.910995 , 1.12489 , 0.891966 , 1.08077 , 1.0137 , 1.44456 , 1.03143 , 1.25057 , 1.21219 , 1.05993 , 0.740556 , 0.792164 , 0.482655 , 1.10894 , 1.42601 , 1.21716 , 1.24632 , 0.981822 , 1.16008 , 0.83065 , 1.84173 , 1.22547 , 0.660496 , 0.69531 , 1.21344 , 1.25644 , 0.711358 , 1.46066 , 0.725579 , 0.89427 , 0.813084 , 0.817789 , 0.804107 , 1.06063 , 0.787506 , 1.24413 , 0.929988 , 0.995276 , 0.753713 , 0.715777 , 1.0611 , 0.773731 , 0.923693 , 1.18707 , 0.938594 , 0.81482 , 0.880239 , 0.766715 , 0.937874 , 1.1478 , 0.968609 , 1.01973 , 0.771564 , 0.829609 , 1.18275 , 1.2607 , 0.991332 , 0.939618 , 1.25093 , 0.959169 , 1.13686 , 1.22498 , 1.53872 , 0.695102 , 0.952884 , 0.677617 , 0.984687 , 0.94641 , 1.14901 , 1.292 , 1.00247 , 1.07992 , 1.03567 , 0.791769 , 0.541302 , 1.05149 , 0.998469 , 0.719959 , 1.39744 , 0.801837 , 1.36636 , 0.494493 , 0.705676 , 0.928868 , 1.38714 , 1.1709 , 1.4993 , 1.76331 , 1.03239 , 0.777726 , 0.8781 , 0.711695 , 1.20538 , 1.05353 , 0.692844 , 1.05675 , 1.02152 , 0.897103 , 0.73194 , 0.826202 , 0.88048 , 1.1172 , 1.3413 , 0.986979 , 1.14439 , 1.14722 , 1.24123 , 0.961678 , 0.834444 , 0.995203 , 1.01767 , 1.00159 , 0.944199 , 0.976084 , 1.48861 , 0.5115 , 1.31192 , 0.811493 , 1.07743 , 0.921381 , 1.18479 , 0.958184 , 0.726718 , 0.807171 , 0.809738 , 1.70846 , 0.894468 , 1.11859 , 1.00661 , 1.35314 , 1.34668 , 1.14893 , 0.77833 , 1.0848 , 0.875778 , 1.35758 , 1.19291 , 0.850823 , 1.08619 , 0.980347 , 0.67992 , 0.868676 , 1.63514 , 1.08012 , 0.90641 , 0.847929 , 0.784312 , 1.03964 , 1.34243 , 1.18241 , 1.07573 , 0.629333 , 0.901626 , 0.972641 , 0.741894 , 0.770263 , 0.753921 , 0.941208 , 0.918763 , 1.02116 , 1.53943 , 1.16396 , 1.05705 , 0.591597 , 0.778716 , 0.975771 , 1.117 , 0.978973 , 1.46393 , 1.34422 , 0.892801 , 0.921623 , 1.28691 , 1.19949 , 0.694431 , 0.815216 , 0.631206 , 1.36098 , 1.07141 , 1.04351 , 0.948957 , 1.13702 , 1.22425 , 0.704883 , 1.18679 , 0.694259 , 0.892639 , 1.02291 , 1.57605 , 0.888941 , 0.793004 , 1.09161 , 1.2417 , 0.892312 , 1.13596 , 0.778823 , 0.927244 , 1.29206 , 0.901469 , 0.96569 , 1.54713 , 0.95665 , 0.704456 , 1.51196 , 0.99751 , 1.04309 , 0.94549 , 1.24041 , 0.769238 , 0.695593 , 1.07274 , 1.48747 , 0.967798 , 0.894279 , 1.07421 , 1.02685 , 0.836095 , 1.26142 , 0.604647 , 0.74498 , 0.822279 , 1.36048 , 0.893536 , 0.746354 , 1.6928 , 0.729616 , 1.41018 , 1.2246 , 0.649977 , 1.01754 , 1.02628 , 1.29042 , 0.792232 , 0.870314 , 1.25517 , 0.887994 , 1.01077 , 1.02522 , 1.22965 , 0.877463 , 0.97753 , 0.813907 , 1.09085 , 1.00237 , 0.698399 , 0.833438 , 1.02391 , 1.58201 , 0.814092 , 1.11189 , 0.872394 , 1.20507 , 