avg1=[0.666569 , 1.06929 , 1.0919 , 0.514574 , 0.696268 , 0.112785 , 4.96236 , 2.52493 , 0.997807 , 1.18055 , 2.08946 , 0.978045 , 1.12583 , 0.289792 , 1.9737 , 1.10954 , 0.969627 , 3.03328 , 2.10543 , 0.97115 , 0.530289 , 0.960578 , 1.46881 , 0.887065 , 1.63343 , 1.09939 , 0.482778 , 0.606754 , 1.42923 , 1.0565 , 1.44776 , 0.978441 , 7.80785 , 1.15848 , 0.96253 , 0.753258 , 1.66686 , 0.579396 , 0.946987 , 2.17029 , 0.77297 , 1.10839 , 1.39012 , 1.6483 , 0.783975 , 2.00636 , 0.739114 , 0.945164 , 0.508878 , 1.93239 , 2.35712 , 1.76721 , 2.66664 , 0.79501 , 0.692805 , 1.03639 , 0.869421 , 1.01818 , 1.54485 , 5.73306 , 0.942819 , 0.932866 , 6.39291 , 1.94865 , 0.422872 , 0.678259 , 0.186068 , 2.08961 , 1.16144 , 1.32576 , 1.96094 , 1.81364 , 2.55762 , 3.36091 , 1.37069 , 1.14176 , 1.3531 , 1.98441 , 1.39845 , 0.723705 , 2.04567 , 1.72732 , 1.18412 , 0.872868 , 2.21899 , 0.963056 , 0.58181 , 1.24806 , 1.68259 , 3.18855 , 0.798559 , 0.33654 , 5.85061 , 0.585121 , 0.587768 , 1.01868 , 0.877906 , 1.6892 , 0.885043 , 1.27573 , 3.12827 , 1.71353 , 1.0724 , 1.01359 , 0.296155 , 3.5788 , 1.44293 , 0.632649 , 1.10352 , 3.20901 , 2.17782 , 0.59279 , 0.636994 , 1.14613 , 0.533348 , 1.30243 , 1.53874 , 0.759505 , 1.15865 , 0.833156 , 0.943134 , 1.15206 , 1.06574 , 3.12916 , 0.521243 , 2.85503 , 0.676207 , 0.747298 , 0.863115 , 1.23145 , 0.416745 , 0.405588 , 1.48097 , 2.11362 , 0.722479 , 0.689557 , 2.42222 , 1.41716 , 1.79875 , 0.994192 , 0.862294 , 3.34977 , 0.976187 , 2.35264 , 2.23083 , 2.91465 , 4.11866 , 1.99751 , 0.708489 , 1.41632 , 0.190844 , 1.64691 , 5.17043 , 1.29627 , 1.42179 , 2.31903 , 1.19742 , 1.3768 , 1.92518 , 0.428615 , 1.11416 , 0.544169 , 1.79835 , 1.84196 , 0.997201 , 0.662268 , 1.10185 , 0.747791 , 2.8071 , 0.657291 , 1.00248 , 2.05119 , 1.01838 , 1.2039 , 2.38881 , 0.155428 , 0.340944 , 1.54714 , 1.00519 , 4.22902 , 1.26826 , 1.57295 , 2.51358 , 0.289384 , 0.488119 , 1.62017 , 1.38892 , 1.38484 , 0.286872 , 0.939 , 0.933466 , 4.36168 , 0.68309 , 0.202399 , 0.623221 , 1.04879 , 0.579797 , 1.26625 , 1.05319 , 0.423301 , 0.927601 , 1.01254 , 2.01237 , 0.875894 , 1.56753 , 0.970458 , 4.59447 , 1.61045 , 0.655685 , 1.60582 , 1.14082 , 0.698069 , 1.67813 , 2.24394 , 3.47415 , 3.05189 , 1.24322 , 2.02266 , 0.439827 , 0.987907 , 1.05759 , 0.753312 , 1.151 , 2.93778 , 2.13482 , 2.79996 , 2.83466 , 2.66372 , 0.654892 , 0.629801 , 3.65242 , 2.00987 , 0.740774 , 0.920818 , 1.87727 , 0.444742 , 2.89923 , 3.78094 , 0.65963 , 0.571297 , 1.00517 , 0.935216 , 0.232438 , 1.71366 , 0.935102 , 1.01579 , 0.867736 , 0.977078 , 0.720976 , 0.500528 , 3.42807 , 0.616026 , 1.1092 , 1.34956 , 0.457418 , 0.606068 , 3.44426 , 2.28069 , 3.27794 , 0.382966 , 0.360217 , 2.43239 , 2.03498 , 1.54294 , 0.426996 , 1.77513 , 1.92123 , 0.978357 , 0.805933 , 0.271125 , 0.792877 , 0.226615 , 2.55653 , 0.756033 , 1.63954 , 1.41564 , 1.08723 , 1.33449 , 0.591434 , 0.681532 , 0.428657 , 1.21856 , 0.373121 , 1.51588 , 1.74759 , 2.17175 , 0.883215 , 1.47338 , 1.26574 , 1.45984 , 0.978743 , 2.3954 , 1.42423 , 0.972161 , 0.765243 , 0.863373 , 1.28945 , 2.70722 , 0.862327 , 0.798706 , 0.846714 , 1.7412 , 3.09018 , 0.481588 , 0.936553 , 1.08116 , 2.63831 , 0.443111 , 1.97919 , 0.503509 , 0.870811 , 0.681705 , 1.46232 , 1.28477 , 0.465863 , 0.774072 , 1.25368 , 0.353174 , 1.70469 , 1.45353 , 0.468756 , 0.763738 , 1.50086 , 2.30778 , 1.05708 , 2.34692 , 2.46882 , 0.546876 , 0.205088 , 1.0584 , 0.991002 , 0.520591 , 1.7106 , 0.754968 , 1.53953 , 0.889166 , 2.62913 , 2.25361 , 1.06919 , 0.802713 , 2.06384 , 1.39467 , 2.98055 , 1.97899 , 2.51552 , 1.34841 , 1.23767 , 2.66801 , 0.876124 , 5.92119 , 0.533611 , 0.699135 , 1.0632 , 0.925905 , 0.522455 , 0.599004 , 1.20875 , 1.66641 , 1.22547 , 0.883022 , 0.882024 , 1.5869 , 1.47903 , 0.533623 , 0.882273 , 0.598431 , 2.21645 , 1.47973 , 0.787706 , 0.326422 , 6.4148 , 1.15834 , 0.893633 , 0.902874 , 4.02843 , 0.481916 , 2.00114 , 0.571342 , 0.927366 , 0.713583 , 1.233 , 0.433834 , 0.826326 , 1.83959 , 1.372 , 0.325409 , 0.38228 , 3.02756 , 2.02301 , 1.19173 , 0.462773 , 0.554821 , 1.72927 , 3.4448 , 0.786089 , 0.947219 , 1.3567 , 0.586728 , 1.48319 , 0.5981 , 1.69758 , 1.21143 , 3.38949 , 1.77406 , 0.943572 , 1.006 , 1.71097 , 1.03437 , 2.67244 , 0.751064 , 0.971869 , 0.664631 , 2.06866 , 2.19199 , 1.5805 , 0.849202 , 0.500919 , 0.911026 , 0.435635 , 4.17485 , 0.242096 , 1.6287 , 1.4312 , 1.09657 , 0.986481 , 5.05108 , 1.79284 , 1.11086 , 0.558979 , 1.56523 , 2.99206 , 0.988228 , 1.98225 , 0.860126 , 1.20268 , 1.80203 , 2.92373 , 1.35841 , 1.10983 , 1.55822 , 2.70398 , 0.733978 , 0.7412 , 2.09839 , 1.75874 , 2.45633 , 1.22137 , 1.28638 , 1.03642 , 0.86852 , 0.535696 , 0.721689 , 1.44819 , 0.736756 , 1.63889 , 1.21126 , 1.02858 , 0.36826 , 0.335276 , 0.652007 , 1.432 , 0.704314 , 1.20688 , 1.69745 , 1.91369 , 1.57786 , 1.26558 , 0.978256 , 1.95314 , 0.585122 , 0.79805 , 1.68594 , 0.523912 , 1.21973 , 0.960467 , 1.01382 , 5.18874 , 1.24052 , 2.65803 , 1.28566 , 0.822771 , 0.83394 , 2.67301 , 1.77801 , 2.01638 , 1.62574 , 2.72392 , 1.0805 , 3.08183 , 3.13538 , 2.07879 , 1.1453 , 1.27913 , 1.79263 , 0.642268 , 1.45154 , 0.672998 , 2.15705 , 1.75853 , 3.11206 , 0.290789 , 1.05821 , 1.86238 , 0.770836 , 3.2449 , 2.14863 , 1.39187 , 1.08861 , 0.936689 , 1.54459 , 1.12239 , 1.84746 , 3.28537 , 8.43505 , 0.741382 , 0.61995 , 1.91116 , 0.548339 , 0.753307 , 3.17415 , 1.91888 , 2.89341 , 1.0648 , 1.22716 , 1.62734 , 0.718209 , 1.3969 , 0.505892 , 1.92576 , 0.986747 , 0.935062 , 1.09827 , 0.447821 , 1.32108 , 0.990083 , 0.780176 , 0.984258 , 1.28971 , 0.475795 , 0.537602 , 1.19957 , 2.16837 , 1.333 , 2.0305 , 1.25467 , 2.11109 , 0.600899 , 0.157885 , 2.38495 , 1.10973 , 0.386192 , 2.165 , 0.703771 , 0.957259 , 1.85626 , 1.22796 , 0.228005 , 0.347684 , 2.22919 , 1.30752 , 1.12525 , 0.796728 , 0.828449 , 5.12467 , 0.587775 , 1.67201 , 1.139 , 4.08044 , 0.890094 , 0.810019 , 0.776962 , 2.5756 , 0.315066 , 0.651196 , 1.37042 , 13.6235 , 0.861244 , 0.806699 , 0.455069 , 1.72197 , 0.49514 , 1.96937 , 0.508074 , 1.06955 , 0.286584 , 0.5891 , 1.34915 , 0.511009 , 0.931907 , 1.36926 , 1.00714 , 0.949035 , 0.842051 , 1.65476 , 0.332219 , 1.0659 , 0.668227 , 0.983522 , 1.22489 , 1.60908 , 0.79168 , 1.11436 , 1.2757 , 0.811497 , 1.40138 , 1.78099 , 1.61784 , 0.775418 , 3.72362 , 1.14574 , 1.01059 , 1.7873 , 0.854011 , 0.76873 , 2.87727 , 2.86342 , 1.77325 , 1.79473 , 0.661868 , 0.575737 , 0.588594 , 0.744628 , 6.53761 , 0.318079 , 0.898355 , 2.38654 , 1.79886 , 2.14136 , 0.777396 , 1.57238 , 1.18106 , 0.652128 , 0.882322 , 0.690111 , 0.728265 , 2.29774 , 1.35722 , 1.10498 , 2.04709 , 2.65923 , 1.00814 , 3.84291 , 1.89892 , 5.19097 , 0.621411 , 1.03093 , 0.824806 , 2.5529 , 0.329517 , 1.32014 , 2.28632 , 0.840966 , 3.40308 , 3.23855 , 0.696695 , 0.30909 , 1.61765 , 0.811879 , 1.87757 , 1.17796 , 1.00328 , 1.04442 , 0.556965 , 1.24699 , 0.952693 , 1.26589 , 0.789279 , 1.11807 , 0.578236 , 1.9736 , 0.750893 , 1.00825 , 1.89436 , 1.77148 , 0.941959 , 1.90161 , 0.857174 , 1.67668 , 1.17788 , 1.14138 , 3.22972 , 1.74055 , 1.10039 , 0.953799 , 1.29636 , 0.982489 , 0.874192 , 1.59208 , 0.518837 , 1.42799 , 1.13496 , 1.22702 , 1.86831 , 1.34238 , 1.68041 , 0.209096 , 0.255461 , 1.24238 , 1.03029 , 1.2816 , 0.924732 , 0.744631 , 1.37117 , 2.5051 , 0.858867 , 1.17632 , 0.946933 , 2.46993 , 5.6512 , 1.09175 , 0.767625 , 2.74865 , 1.94068 , 0.925688 , 1.08881 , 0.681963 , 2.21273 , 2.5445 , 3.86443 , 2.83277 , 2.77212 , 3.48939 , 1.35815 , 0.296253 , 1.7985 , 1.4151 , 0.609937 , 0.57288 , 0.688383 , 1.54537 , 0.250065 , 0.992175 , 0.646688 , 1.99239 , 1.05561 , 0.722826 , 1.48872 , 2.71899 , 0.421944 , 1.30635 , 1.15837 , 0.40066 , 0.616825 , 2.47518 , 6.58777 , 0.867033 , 0.510877 , 0.996168 , 0.996845 , 0.900525 , 2.10372 , 0.737999 , 2.3246 , 1.77214 , 0.309733 , 1.18347 , 1.35705 , 1.00307 , 1.77674 , 0.995548 , 4.9696 , 1.76592 , 1.09835 , 0.631516 , 0.514785 , 0.452147 , 1.84448 , 1.90323 , 1.2995 , 1.59773 , 6.22111 , 1.20893 , 2.62204 , 1.29111 , 1.56466 , 1.88438 , 1.09959 