avg1=[0.815549 , 0.706936 , 2.49899 , 0.407257 , 2.07342 , 0.64878 , 1.21781 , 1.17807 , 0.79832 , 3.38588 , 0.784222 , 1.21235 , 1.2876 , 0.908342 , 0.622001 , 0.418748 , 0.843207 , 0.718851 , 1.50426 , 1.21581 , 0.587011 , 4.81057 , 1.31068 , 0.481267 , 4.94371 , 1.56931 , 0.707051 , 1.94942 , 0.851982 , 1.09732 , 0.923195 , 0.712139 , 1.24735 , 0.719627 , 0.704765 , 2.16969 , 1.79741 , 0.841084 , 1.85076 , 1.07258 , 0.560664 , 0.593483 , 1.11611 , 0.587019 , 0.31552 , 1.38935 , 0.974421 , 1.36628 , 1.87915 , 0.708764 , 1.04248 , 0.463544 , 2.33459 , 0.216547 , 1.12794 , 0.922544 , 1.01994 , 1.1387 , 0.773825 , 1.0417 , 0.58981 , 1.00485 , 1.6888 , 3.93839 , 2.47696 , 1.07071 , 7.62399 , 1.90019 , 0.771463 , 0.971889 , 1.25863 , 2.34785 , 2.1931 , 0.838654 , 0.58365 , 2.64193 , 1.51385 , 1.68668 , 0.955388 , 3.21936 , 0.650673 , 3.38667 , 0.608807 , 1.11858 , 0.701388 , 1.46441 , 1.0605 , 0.809611 , 1.47379 , 2.81298 , 1.05956 , 1.86625 , 2.54688 , 0.3616 , 3.27077 , 0.979979 , 0.308047 , 0.848249 , 2.67218 , 0.986542 , 1.43762 , 1.33796 , 1.02724 , 1.21017 , 0.700301 , 0.88029 , 1.58942 , 0.642748 , 0.97437 , 2.41757 , 1.48166 , 1.87268 , 2.46906 , 0.70498 , 0.560166 , 0.537756 , 0.479848 , 0.866948 , 0.769149 , 2.8018 , 1.55719 , 0.831555 , 1.01289 , 1.60366 , 0.586746 , 0.546611 , 0.9334 , 0.305716 , 0.620663 , 6.74132 , 1.30213 , 4.38353 , 1.14905 , 0.401654 , 0.786947 , 0.575785 , 2.76698 , 1.14589 , 1.69057 , 0.509043 , 0.652522 , 1.44061 , 0.942125 , 1.59825 , 1.3261 , 0.434565 , 2.3387 , 0.440693 , 1.69732 , 0.333136 , 0.745914 , 1.75484 , 0.826688 , 3.24876 , 1.8683 , 0.845126 , 1.05988 , 2.33577 , 0.882932 , 0.5588 , 1.63413 , 0.516063 , 1.13026 , 0.426878 , 0.813745 , 2.83035 , 0.76257 , 0.98712 , 0.492902 , 1.91042 , 1.22056 , 2.12756 , 0.47385 , 2.22796 , 1.99152 , 0.557157 , 0.617954 , 3.31481 , 0.60886 , 2.95896 , 1.924 , 1.01969 , 1.82241 , 0.254799 , 4.43882 , 3.26653 , 0.744011 , 1.96886 , 0.749786 , 1.04876 , 1.45081 , 1.13896 , 1.74378 , 0.408908 , 0.90472 , 1.10998 , 1.69045 , 0.753896 , 0.802238 , 1.06691 , 0.570004 , 0.428755 , 1.27422 , 1.20652 , 1.68044 , 0.909232 , 1.07222 , 0.594425 , 8.95741 , 0.751055 , 0.392472 , 0.574665 , 0.715001 , 1.49471 , 0.722432 , 0.709421 , 0.678355 , 0.581619 , 2.39039 , 0.919967 , 0.719009 , 0.542529 , 0.64299 , 1.69798 , 1.05243 , 1.06438 , 1.56516 , 0.778908 , 0.896004 , 2.30256 , 1.22335 , 0.85247 , 0.563194 , 0.934775 , 1.59072 , 0.765679 , 1.67923 , 0.766167 , 1.0056 , 0.525684 , 2.59196 , 0.342376 , 3.08381 , 1.04668 , 1.54935 , 0.707164 , 1.37058 , 0.659305 , 0.452514 , 1.67475 , 1.47709 , 1.0143 , 1.14011 , 1.09629 , 1.39797 , 2.89737 , 1.07001 , 1.4795 , 0.716618 , 2.32308 , 0.959511 , 1.11775 , 6.79901 , 0.798981 , 0.5862 , 1.70899 , 0.438771 , 3.01046 , 1.10511 , 0.345242 , 0.79432 , 0.936311 , 0.693124 , 1.94478 , 0.89142 , 1.32368 , 1.94709 , 2.26273 , 0.982522 , 0.58976 , 1.52734 , 0.555222 , 4.53086 , 0.33962 , 2.97678 , 1.15298 , 1.48863 , 1.68326 , 3.17097 , 1.1503 , 0.674094 , 0.357399 , 0.307932 , 0.702479 , 1.25574 , 2.33503 , 1.45981 , 0.304885 , 0.578877 , 0.794277 , 0.826393 , 1.59339 , 2.80528 , 1.26202 , 0.806002 , 2.57359 , 1.62672 , 0.444818 , 1.15012 , 1.14731 , 1.24254 , 0.886318 , 0.976589 , 0.662431 , 1.00976 , 1.41796 , 1.68803 , 3.48903 , 0.385429 , 0.402091 , 1.24406 , 0.720375 , 2.26023 , 3.46071 , 0.968434 , 1.32192 , 2.89095 , 1.22703 , 0.664455 , 2.65349 , 2.83997 , 3.43489 , 1.71308 , 0.436753 , 2.58107 , 1.90927 , 1.12468 , 1.83788 , 0.867308 , 2.25856 , 0.816799 , 0.984075 , 0.704776 , 0.408456 , 0.61631 , 0.64242 , 1.17678 , 0.475919 , 1.64592 , 0.977752 , 0.943324 , 0.473108 , 2.50669 , 1.64793 , 2.48273 , 2.78715 , 1.11392 , 1.19203 , 0.802416 , 1.19007 , 7.09479 , 1.33666 , 1.47784 , 0.847513 , 0.515916 , 1.07211 , 1.58904 , 1.10128 , 0.840052 , 0.795005 , 2.83189 , 0.550119 , 1.02224 , 3.51155 , 0.815158 , 1.69578 , 0.443932 , 1.29227 , 1.39754 , 0.606179 , 1.83669 , 0.223131 , 0.46996 , 1.35136 , 3.11803 , 2.52837 , 1.75036 , 1.18983 , 0.695717 , 1.41017 , 1.14315 , 2.21978 , 1.35476 , 0.502212 , 0.866836 , 0.570843 , 0.639591 , 0.446659 , 1.03034 , 1.02841 , 1.7252 , 1.04999 , 0.770029 , 1.29768 , 0.805707 , 1.3818 , 0.459123 , 0.53586 , 2.25471 , 1.20072 , 1.1968 , 1.71501 , 0.561141 , 1.2775 , 0.704115 , 0.931732 , 0.883033 , 0.911195 , 0.533851 , 2.57792 , 2.19694 , 1.51151 , 1.81534 , 0.828093 , 0.941875 , 1.44372 , 2.36528 , 0.515155 , 0.912861 , 3.38416 , 2.47659 , 1.41214 , 1.66559 , 0.578146 , 1.02241 , 2.09497 , 3.70281 , 0.528746 , 1.11989 , 0.572541 , 1.06142 , 1.06046 , 1.13666 , 1.85486 , 0.682777 , 1.84074 , 0.892689 , 0.624559 , 0.625731 , 2.02179 , 2.28246 , 1.00608 , 1.08977 , 0.552684 , 1.7 , 0.844894 , 0.614015 , 3.01367 , 0.684608 , 1.01675 , 1.51625 , 0.209328 , 1.41936 , 0.56488 , 1.36773 , 1.82246 , 0.537212 , 1.9394 , 0.849423 , 4.01649 , 1.11554 , 0.803964 , 1.00832 , 1.06569 , 0.676767 , 1.88172 , 1.25766 , 0.362833 , 0.393288 , 0.459329 , 0.511301 , 1.95223 , 0.919174 , 2.29323 , 1.4767 , 2.5336 , 1.06976 , 1.38847 , 1.57969 , 1.63545 , 0.542249 , 0.269281 , 1.84759 , 2.75609 , 1.99521 , 0.993054 , 0.950074 , 0.877759 , 2.0948 , 5.68613 , 0.595311 , 4.47491 , 0.987762 , 1.48224 , 1.08125 , 0.62883 , 0.797217 , 1.60133 , 0.910408 , 0.347555 , 0.726853 , 1.38942 , 1.20438 , 1.55802 , 0.993949 , 1.4971 , 1.01045 , 1.09608 , 1.563 , 1.51252 , 0.673046 , 1.24169 , 0.383231 , 0.488745 , 0.522104 , 1.43071 , 1.29452 , 1.3491 , 1.22159 , 0.900941 , 0.952328 , 0.922974 , 5.2353 , 0.975003 , 1.46349 , 0.568386 , 1.2912 , 1.07827 , 0.908182 , 0.992304 , 0.689539 , 0.828265 , 0.853758 , 0.967529 , 0.725959 , 1.35929 , 1.33665 , 2.01445 , 1.33477 , 1.218 , 0.683419 , 1.27597 , 1.06304 , 0.622904 , 2.475 , 1.78998 , 0.647493 , 0.424931 , 0.996828 , 7.57284 , 1.60078 , 5.28789 , 0.631537 , 0.925534 , 0.773401 , 0.489009 , 2.08543 , 1.36689 , 0.594605 , 1.51127 , 0.881205 , 1.0285 , 0.754264 , 1.54435 , 1.10799 , 1.19421 , 1.80506 , 1.55352 , 0.943971 , 1.54666 , 1.23898 , 1.3065 , 2.07707 , 0.713216 , 1.44104 , 1.29713 , 2.38102 , 1.74717 , 1.63039 , 0.650888 , 0.535031 , 1.62044 , 0.466279 , 1.49061 , 0.661734 , 0.55055 , 0.548822 , 0.807887 , 6.04045 , 0.905874 , 0.809488 , 0.982233 , 0.815028 , 0.850202 , 1.33692 , 1.78847 , 0.737853 , 1.91683 , 1.33761 , 1.19247 , 3.18613 , 2.78717 , 2.29879 , 1.01606 , 1.88076 , 2.77821 , 0.688655 , 0.292884 , 0.544861 , 0.464442 , 1.33287 , 0.762792 , 0.914192 , 0.960228 , 1.3364 , 0.775867 , 1.09549 , 1.86344 , 1.09097 , 0.710867 , 0.423875 , 1.01809 , 1.89681 , 1.79264 , 3.13705 , 0.434005 , 1.35542 , 0.414271 , 0.884756 , 0.796484 , 1.45444 , 0.509716 , 1.10968 , 1.27986 , 1.9971 , 0.811173 , 0.721566 , 1.18207 , 5.21359 , 0.528732 , 0.920338 , 2.54819 , 0.784087 , 1.39502 , 1.09014 , 0.671473 , 1.85553 , 0.262919 , 0.733657 , 0.345163 , 1.55425 , 0.831754 , 1.34119 , 0.731792 , 0.786453 , 2.47717 , 5.31436 , 1.94479 , 0.634697 , 1.06876 , 0.728863 , 0.728169 , 0.282967 , 0.531722 , 1.11682 , 1.84681 , 2.26327 , 0.461501 , 0.74048 , 1.61404 , 1.05945 , 1.87152 , 0.769521 , 0.803677 , 0.789177 , 8.16318 , 0.576865 , 1.01904 , 0.806797 , 0.726231 , 1.78688 , 0.9688 , 1.3802 , 0.700979 , 1.10344 , 0.721855 , 1.36354 , 0.799082 , 0.536123 , 0.262906 , 0.905131 , 3.29068 , 0.576807 , 1.16283 , 0.843642 , 2.94983 , 0.676627 , 4.47539 , 0.727873 , 0.760596 , 1.6076 , 5.02154 , 0.777516 , 1.81419 , 0.913612 , 0.469281 , 1.46585 , 1.47457 , 2.07648 , 2.34592 , 2.74711 , 0.791834 , 1.93587 , 1.02149 , 1.7004 , 1.48387 , 1.36066 , 1.36596 , 2.07905 , 1.19218 , 0.521085 , 2.52425 , 2.26304 , 0.231783 , 0.537345 , 0.747861 , 1.33267 , 0.64076 , 1.48412 , 1.90931 , 1.22938 , 0.591475 , 0.634117 , 0.800962 , 1.23906 , 2.0869 , 4.40136 , 0.56673 , 1.65854 , 0.890452 , 0.311664 , 1.34128 , 1.69045 , 1.35143 , 0.631682 , 0.549235 , 1.82354 , 1.9781 , 0.968528 , 0.728961 , 0.864802 , 1.25635 , 1.77217 , 1.00331 , 0.130636 , 1.0885 , 1.06502 , 1.26607 , 1.36567 , 0.623466 , 1.63427 , 2.11476 , 1.41177 , 