avg1=[1.68081 , 1.25395 , 1.73334 , 0.810769 , 1.01756 , 1.4304 , 0.974999 , 0.655897 , 1.41046 , 1.44459 , 1.05603 , 1.1729 , 0.640295 , 1.37852 , 0.774361 , 1.11061 , 0.893807 , 1.10578 , 1.71032 , 0.60973 , 0.682889 , 0.914328 , 0.936705 , 1.13336 , 2.20673 , 1.36895 , 1.41216 , 1.30425 , 1.58892 , 0.75582 , 1.33981 , 1.08528 , 0.978307 , 0.629627 , 1.07454 , 0.994566 , 0.78337 , 0.938779 , 1.09671 , 1.6726 , 1.09013 , 1.37715 , 1.67672 , 1.32565 , 0.808922 , 1.16182 , 0.707371 , 0.704725 , 1.55872 , 1.09544 , 1.25 , 0.726739 , 0.847974 , 0.853379 , 0.676968 , 0.892555 , 0.717113 , 0.698066 , 0.686135 , 0.557958 , 0.889078 , 0.638739 , 1.00941 , 1.43075 , 0.968773 , 1.48052 , 0.827327 , 0.901479 , 0.906485 , 0.782325 , 0.928834 , 1.05091 , 1.11032 , 1.19229 , 1.3146 , 1.34218 , 0.803511 , 1.39865 , 0.722007 , 1.12769 , 0.944239 , 0.779941 , 0.429746 , 1.12159 , 1.49422 , 0.960613 , 0.723339 , 0.393059 , 0.968597 , 0.730168 , 0.811319 , 1.43736 , 1.04031 , 1.12682 , 0.770084 , 1.43651 , 0.645706 , 1.31538 , 0.933077 , 1.65235 , 0.561801 , 0.776748 , 1.68822 , 1.02175 , 1.73017 , 0.936105 , 0.603395 , 1.18631 , 1.0834 , 1.31212 , 0.696549 , 0.96319 , 0.966093 , 1.22876 , 1.38038 , 1.61429 , 0.94562 , 1.08191 , 0.775175 , 0.829248 , 1.36038 , 0.675619 , 1.11084 , 1.15468 , 0.7754 , 0.729344 , 0.931839 , 1.58944 , 0.609598 , 1.16508 , 0.765291 , 1.26805 , 0.976295 , 0.546132 , 0.876649 , 1.5324 , 0.902083 , 1.53619 , 0.953998 , 0.972617 , 1.29664 , 0.953305 , 1.23086 , 1.2789 , 1.04945 , 0.801333 , 1.40215 , 0.738235 , 0.975733 , 1.72535 , 0.960658 , 1.00529 , 1.40867 , 1.1409 , 1.44368 , 1.63012 , 1.21828 , 0.649212 , 1.2621 , 1.04054 , 1.02289 , 1.00585 , 0.988193 , 1.09333 , 1.0641 , 1.21872 , 1.24254 , 0.813751 , 0.733583 , 0.93482 , 1.07723 , 1.13715 , 0.645757 , 1.6016 , 1.04305 , 1.96635 , 1.0543 , 1.3663 , 0.883055 , 1.64086 , 0.954429 , 1.68326 , 0.577428 , 1.1455 , 1.36414 , 1.04218 , 0.8304 , 0.91353 , 0.984162 , 0.566481 , 0.65937 , 1.58858 , 0.907369 , 1.12031 , 0.879486 , 1.0038 , 0.850606 , 1.21849 , 0.963722 , 1.4707 , 0.601547 , 1.02884 , 1.64272 , 1.30457 , 0.896152 , 0.754119 , 1.48698 , 1.34702 , 1.3704 , 1.52478 , 1.21276 , 0.509779 , 1.02824 , 1.27892 , 0.889254 , 0.637569 , 0.949628 , 1.2237 , 0.799311 , 0.969979 , 0.851123 , 0.973831 , 1.96966 , 1.07806 , 0.776418 , 0.952395 , 1.43279 , 0.982437 , 0.920437 , 1.28865 , 1.76845 , 0.901737 , 0.999858 , 0.733638 , 0.896165 , 1.0008 , 1.16157 , 0.872725 , 0.359804 , 1.79665 , 1.72464 , 1.60296 , 0.667931 , 1.00333 , 0.810024 , 0.744824 , 1.92124 , 0.964653 , 0.827657 , 1.07863 , 0.910448 , 0.821301 , 0.786545 , 1.11957 , 0.694812 , 1.00872 , 0.745588 , 0.814472 , 0.490148 , 1.27982 , 1.54393 , 0.720984 , 1.49107 , 0.797127 , 0.597263 , 0.693027 , 1.26376 , 0.716691 , 0.930822 , 0.602462 , 0.942685 , 0.895043 , 1.3957 , 0.893178 , 1.49837 , 0.786029 , 0.804614 , 0.942509 , 1.34282 , 0.672796 , 0.844579 , 0.923206 , 0.684935 , 0.962977 , 1.07401 , 0.650611 , 1.22013 , 1.06315 , 1.38812 , 0.638544 , 1.05869 , 0.746211 , 1.30248 , 1.24596 , 1.20334 , 0.905998 , 1.13546 , 0.991157 , 1.16019 , 0.57832 , 1.61985 , 1.46491 , 0.569745 , 0.896267 , 0.789815 , 1.2051 , 1.66526 , 0.388131 , 1.20098 , 1.23932 , 1.42344 , 0.870597 , 0.854088 , 0.68193 , 2.67881 , 0.982055 , 1.74472 , 1.13536 , 1.45495 , 1.04101 , 0.843897 , 1.46722 , 1.67621 , 1.20182 , 1.14669 , 1.16397 , 1.11515 , 0.950731 , 1.34047 , 1.26892 , 0.880482 , 0.769189 , 1.42905 , 0.73231 , 1.10099 , 0.489625 , 1.3451 , 0.505977 , 0.909466 , 1.55461 , 0.744828 , 0.970975 , 0.832295 , 0.765472 , 0.697294 , 0.467579 , 1.53988 , 1.36054 , 0.953258 , 0.731154 , 1.31813 , 0.956585 , 0.708933 , 1.86222 , 0.933711 , 0.74514 , 1.33993 , 0.721133 , 0.580181 , 1.27406 , 0.980973 , 1.65964 , 0.976081 , 1.46141 , 1.84693 , 1.26579 , 0.946001 , 1.19929 , 1.19208 , 0.89711 , 1.47882 , 1.36345 , 1.62003 , 0.530353 , 1.45061 , 0.915152 , 0.576987 , 0.660408 , 0.916732 , 1.06224 , 1.1974 , 1.21303 , 1.27482 , 1.4099 , 1.30238 , 0.824816 , 0.924059 , 1.06284 , 0.912525 , 0.734536 , 0.888919 , 0.877275 , 1.11986 , 0.668938 , 1.03166 , 0.76665 , 1.06276 , 0.845979 , 1.07438 , 0.803092 , 1.86777 , 0.838552 , 0.818009 , 1.01305 , 1.23352 , 1.28971 , 1.14672 , 1.12309 , 1.02799 , 1.09432 , 0.811833 , 1.14543 , 1.54507 , 1.21994 , 0.898612 , 1.03223 , 0.976657 , 1.32435 , 1.57324 , 0.646436 , 1.01237 , 1.57508 , 1.09849 , 1.05866 , 1.58017 , 1.14122 , 1.54147 , 1.21455 , 0.59313 , 0.957745 , 0.899865 , 0.951354 , 1.16168 , 0.957282 , 1.22664 , 0.698476 , 1.03372 , 0.857273 , 0.833182 , 2.04049 , 0.952689 , 1.46166 , 0.694508 , 0.941732 , 1.3724 , 0.954522 , 1.39376 , 0.665804 , 1.29632 , 2.19326 , 0.735513 , 0.923554 , 1.41872 , 0.651875 , 0.651402 , 1.25921 , 1.00741 , 1.49387 , 0.910604 , 0.796162 , 1.42565 , 1.14013 , 1.25279 , 0.549692 , 1.14341 , 2.30451 , 2.0954 , 0.53036 , 1.55787 , 1.63823 , 1.7164 , 0.654333 , 1.28759 , 1.02168 , 0.859185 , 0.877281 , 1.19139 , 0.698481 , 1.29483 , 0.696568 , 0.947861 , 1.05666 , 1.02452 , 0.980329 , 1.90154 , 1.6053 , 1.09673 , 0.890133 , 1.4377 , 1.18204 , 0.748961 , 0.989275 , 0.79369 , 1.17827 , 1.83017 , 1.43264 , 0.97662 , 1.75128 , 0.796628 , 0.971549 , 0.955871 , 1.21062 , 0.57848 , 0.826385 , 0.837566 , 0.607501 , 1.01418 , 0.978295 , 1.08582 , 1.3749 , 0.640179 , 1.10819 , 1.26144 , 1.33341 , 0.575758 , 1.64169 , 1.19431 , 1.18094 , 1.50726 , 0.911902 , 0.789248 , 1.35256 , 1.16103 , 1.69854 , 1.11738 , 0.834314 , 1.08826 , 0.413955 , 0.628744 , 0.731869 , 1.08155 , 1.03902 , 0.850021 , 1.60485 , 1.28495 , 0.813017 , 1.03211 , 1.27131 , 0.794169 , 0.953091 , 1.01031 , 0.786415 , 2.05239 , 0.515911 , 1.18959 , 1.44545 , 0.958797 , 0.540906 , 0.978174 , 1.74868 , 0.523852 , 1.06405 , 1.1207 , 1.16048 , 0.732347 , 0.933755 , 0.976032 , 1.3481 , 1.08526 , 0.905193 , 1.49409 , 0.835183 , 0.64601 , 1.4478 , 0.62936 , 0.771335 , 0.579986 , 1.13244 , 1.12053 , 1.22777 , 1.3337 , 0.854669 , 0.694824 , 1.16546 , 1.01127 , 1.48416 , 0.710731 , 0.798164 , 0.868294 , 1.41307 , 1.22265 , 0.996619 , 0.545558 , 0.712427 , 0.927908 , 0.785858 , 0.747321 , 0.661316 , 1.11692 , 0.879566 , 0.734223 , 1.46823 , 0.821259 , 0.980308 , 1.10022 , 0.869905 , 1.10016 , 1.01803 , 1.01782 , 0.888219 , 0.42481 , 0.822438 , 0.809777 , 0.944393 , 2.24674 , 1.03747 , 1.26183 , 1.19173 , 0.774509 , 1.19947 , 1.60062 , 0.867151 , 1.0777 , 0.913145 , 1.25988 , 1.36295 , 1.5388 , 1.88265 , 0.650138 , 0.763251 , 2.44742 , 0.646032 , 1.69185 , 1.82148 , 0.991656 , 0.972451 , 1.56017 , 1.14697 , 1.12731 , 1.40508 , 1.10356 , 0.990777 , 1.03805 , 0.467616 , 1.18256 , 1.10741 , 0.694226 , 0.597959 , 0.821205 , 0.770471 , 0.788657 , 0.687994 , 1.78552 , 1.2886 , 0.712791 , 0.983458 , 0.720793 , 1.21324 , 0.924132 , 0.874049 , 1.0698 , 1.06411 , 1.40368 , 1.13392 , 1.0522 , 1.34878 , 1.14988 , 0.839242 , 0.685144 , 0.755487 , 0.981004 , 0.948819 , 1.01811 , 0.622552 , 0.821749 , 0.452633 , 0.837531 , 1.22409 , 1.12075 , 1.46782 , 1.13252 , 1.08952 , 0.731006 , 0.795173 , 0.921812 , 1.27188 , 0.533072 , 1.28832 , 0.998739 , 1.40442 , 1.41763 , 0.883812 , 0.736987 , 1.3984 , 1.4991 , 0.78253 , 1.04211 , 1.70687 , 0.852627 , 1.01196 , 0.739295 , 0.935516 , 1.10306 , 0.596451 , 0.633314 , 1.74168 , 0.721842 , 0.674757 , 1.20891 , 1.28044 , 1.13111 , 0.570568 , 1.32979 , 0.934476 , 0.926837 , 1.48145 , 1.80296 , 0.824301 , 1.76652 , 1.41736 , 1.1885 , 1.34536 , 2.08054 , 0.792002 , 1.28126 , 0.937125 , 0.766248 , 0.76743 , 1.49558 , 0.822951 , 0.677723 , 0.677205 , 0.843912 , 0.922636 , 0.897987 , 0.930837 , 0.981171 , 1.01649 , 0.973447 , 1.02589 , 1.2813 , 1.45502 , 0.847754 , 1.24173 , 1.71109 , 0.952486 , 0.968314 , 0.799756 , 1.22378 , 1.27354 , 0.841532 , 0.571483 , 1.07423 , 1.33492 , 1.21055 , 1.08402 , 0.918295 , 0.832377 , 1.46683 , 1.24571 , 1.54329 , 1.3232 , 1.46355 , 1.01108 , 0.912425 , 2.04413 , 0.883029 , 1.0099 , 1.1537 , 0.633009 , 1.14926 , 1.08589 , 0.590804 , 1.03901 , 0.745441 , 1.07028 , 1.13171 , 1.20862 , 0.911305 , 1.0369 ,