avg1=[0.996724 , 1.84174 , 1.46692 , 1.25282 , 1.36921 , 1.14252 , 1.06704 , 0.645037 , 0.899214 , 1.71044 , 0.984437 , 1.89848 , 2.38638 , 0.865567 , 2.23855 , 1.43751 , 1.43968 , 1.18598 , 0.586027 , 1.18144 , 0.74754 , 0.955165 , 0.621388 , 2.11021 , 2.13142 , 1.67096 , 1.00332 , 2.73851 , 2.4346 , 0.776374 , 2.011 , 0.802558 , 1.7278 , 1.34543 , 1.65507 , 1.21608 , 1.46708 , 2.81531 , 0.811997 , 1.06528 , 0.928171 , 0.647135 , 0.879495 , 1.36577 , 1.27394 , 1.68245 , 1.42163 , 0.558066 , 1.15582 , 1.29809 , 1.29451 , 1.46624 , 0.638811 , 1.10197 , 0.987414 , 0.727959 , 0.644787 , 0.389444 , 1.21836 , 0.601179 , 0.71086 , 0.327081 , 0.747611 , 0.697816 , 1.91199 , 0.668873 , 1.70735 , 0.342744 , 0.781763 , 0.970009 , 1.246 , 2.0603 , 1.132 , 1.31227 , 0.400094 , 1.17611 , 1.5512 , 1.02879 , 1.20034 , 2.57368 , 1.4905 , 2.13214 , 1.16642 , 1.24349 , 1.1525 , 1.48404 , 0.844995 , 0.778258 , 1.03236 , 1.07664 , 0.457517 , 2.69928 , 0.407201 , 0.563822 , 1.70715 , 0.627982 , 1.08103 , 0.823381 , 0.679241 , 0.908822 , 1.00704 , 1.07491 , 2.84076 , 0.614926 , 0.989657 , 2.89768 , 0.830173 , 1.39935 , 1.4901 , 1.01507 , 1.47302 , 1.85658 , 1.17534 , 2.17457 , 0.977621 , 1.34174 , 0.651636 , 0.806303 , 0.8892 , 2.06862 , 0.62327 , 1.11815 , 0.609469 , 0.638765 , 0.533343 , 1.10223 , 0.491525 , 1.20294 , 0.793743 , 0.77432 , 0.78144 , 1.65685 , 0.852354 , 1.00874 , 0.876641 , 2.1804 , 1.18682 , 1.4753 , 0.479811 , 1.12495 , 1.11337 , 0.5872 , 1.65495 , 0.955383 , 1.60472 , 1.01561 , 1.74622 , 0.617258 , 0.771905 , 2.53244 , 1.08152 , 1.4991 , 0.781178 , 1.70959 , 1.60122 , 1.99867 , 0.660509 , 1.00984 , 0.689142 , 2.0334 , 1.05559 , 0.599024 , 1.49177 , 1.37321 , 0.676446 , 1.03908 , 0.494272 , 1.15736 , 0.727012 , 0.589771 , 0.593108 , 1.15391 , 1.20143 , 3.83981 , 0.657477 , 1.23755 , 0.93168 , 1.08858 , 1.69609 , 1.39866 , 0.734674 , 1.01716 , 1.51005 , 1.08845 , 0.722597 , 2.05572 , 0.983966 , 1.30415 , 0.900636 , 0.990528 , 1.15864 , 1.98608 , 0.461049 , 1.64821 , 1.1595 , 1.14868 , 2.19095 , 1.25346 , 1.54531 , 1.48197 , 1.15904 , 2.30172 , 1.40639 , 0.852902 , 0.49587 , 1.2262 , 1.6469 , 1.36093 , 1.56224 , 1.10298 , 0.326321 , 0.501751 , 1.13457 , 1.73839 , 1.91038 , 0.24316 , 0.368586 , 0.710484 , 0.427232 , 0.648709 , 0.631967 , 0.61341 , 0.968589 , 1.93777 , 1.03721 , 0.523284 , 2.12273 , 1.46429 , 0.914749 , 0.639439 , 1.23123 , 0.905857 , 1.77699 , 0.99499 , 0.747241 , 1.63645 , 0.882417 , 0.970939 , 1.1168 , 0.460787 , 1.24192 , 1.00195 , 0.56474 , 0.438944 , 0.31081 , 0.86738 , 1.26965 , 0.965921 , 0.505031 , 2.05895 , 0.987151 , 0.603693 , 0.875808 , 0.938301 , 1.25765 , 0.92796 , 1.37322 , 0.664271 , 0.609149 , 1.38758 , 1.02462 , 4.12935 , 1.79217 , 1.05777 , 0.750732 , 0.948865 , 1.65789 , 1.31558 , 1.56415 , 0.610809 , 2.78552 , 0.525488 , 2.04154 , 0.972149 , 0.829118 , 1.71779 , 1.18993 , 0.891796 , 0.293755 , 1.62337 , 0.974584 , 0.957374 , 0.474733 , 0.947496 , 0.692711 , 0.432095 , 0.500853 , 1.06015 , 0.763435 , 0.901438 , 0.583061 , 2.35351 , 0.581611 , 0.772487 , 0.670777 , 0.647208 , 1.0112 , 1.13242 , 1.4998 , 0.741807 , 0.459594 , 1.02033 , 1.38245 , 1.28656 , 1.9903 , 0.767065 , 2.1063 , 0.490803 , 1.54215 , 0.864456 , 1.81269 , 0.829938 , 1.12283 , 1.49273 , 0.690709 , 1.21406 , 1.15269 , 1.05422 , 0.558167 , 0.575271 , 0.541869 , 1.17659 , 1.61731 , 0.88493 , 1.81361 , 2.0728 , 1.19319 , 0.529821 , 0.646852 , 0.65017 , 0.793553 , 0.759397 , 1.1453 , 0.331985 , 0.672241 , 1.27841 , 1.41138 , 1.17714 , 1.35443 , 0.710739 , 1.33538 , 0.85303 , 1.46334 , 2.20995 , 0.58607 , 2.83524 , 0.782552 , 1.3771 , 2.31544 , 1.01664 , 0.492438 , 1.32679 , 1.0318 , 1.31353 , 0.761258 , 1.1193 , 1.24591 , 0.895372 , 2.89395 , 1.12211 , 0.976467 , 1.79156 , 1.43788 , 1.08799 , 0.852402 , 0.686092 , 1.13991 , 1.39487 , 0.689992 , 2.39104 , 2.27372 , 1.05337 , 0.616884 , 0.804712 , 0.899859 , 1.43848 , 0.665833 , 1.00578 , 1.19844 , 1.39403 , 0.917627 , 0.903745 , 0.60989 , 0.895684 , 1.04932 , 1.02599 , 1.10413 , 1.17982 , 0.710289 , 1.8312 , 1.22135 , 1.05924 , 0.517166 , 1.57126 , 0.863812 , 1.86121 , 1.05303 , 0.640266 , 2.47721 , 0.645345 , 3.00585 , 2.73393 , 1.26087 , 1.05951 , 1.15572 , 0.336353 , 0.961157 , 0.936137 , 1.04528 , 0.955941 , 0.703497 , 0.635376 , 1.83479 , 1.58689 , 0.786085 , 1.24107 , 0.531375 , 0.798889 , 1.84951 , 1.00578 , 0.979692 , 0.826417 , 0.598925 , 2.77809 , 0.894225 , 1.91822 , 0.890658 , 0.426289 , 0.848863 , 0.761711 , 1.88533 , 1.55175 , 2.69658 , 1.06423 , 0.813591 , 1.1163 , 1.4948 , 1.02471 , 1.34888 , 1.25411 , 1.06377 , 0.944678 , 0.886376 , 0.838776 , 3.02612 , 0.475252 , 0.7319 , 0.905104 , 2.31309 , 1.79561 , 1.29652 , 1.21027 , 1.71216 , 1.0849 , 1.32327 , 0.408138 , 1.05217 , 0.50021 , 0.88723 , 0.74916 , 0.908962 , 0.677503 , 1.22914 , 0.506082 , 1.05683 , 1.76964 , 1.14254 , 0.741597 , 0.935535 , 0.82588 , 1.27068 , 0.951801 , 1.36848 , 2.6814 , 1.48382 , 1.14658 , 0.557953 , 0.602604 , 1.39349 , 0.381617 , 0.718434 , 0.965329 , 0.8092 , 1.02472 , 1.31577 , 0.976669 , 0.746077 , 0.656182 , 0.792103 , 1.33402 , 1.30231 , 0.887178 , 1.0184 , 1.24566 , 1.72853 , 1.00142 , 0.722028 , 1.98008 , 0.917758 , 1.61516 , 0.412676 , 0.68576 , 0.342962 , 0.576615 , 0.921409 , 0.55932 , 1.76685 , 0.883565 , 1.23924 , 2.34315 , 1.73457 , 1.18545 , 1.30095 , 0.915685 , 1.17008 , 2.03881 , 1.31648 , 1.12817 , 0.949038 , 0.830209 , 1.03482 , 1.8721 , 1.05265 , 0.835885 , 0.727881 , 1.49206 , 1.95715 , 1.75851 , 0.916281 , 0.95164 , 0.962638 , 0.999334 , 0.229696 , 0.660004 , 0.820179 , 1.0501 , 0.801113 , 1.05931 , 1.293 , 1.15119 , 1.20977 , 0.700139 , 1.14622 , 1.67268 , 0.48612 , 1.56192 , 1.42844 , 1.81237 , 3.86713 , 1.82803 , 0.855773 , 0.421651 , 1.04357 , 0.741925 , 0.889087 , 1.0804 , 1.2698 , 1.25094 , 1.26233 , 0.905295 , 0.819803 , 1.16161 , 1.37651 , 0.98251 , 2.39347 , 1.02526 , 0.887779 , 0.521821 , 1.37519 , 0.819211 , 1.19142 , 1.18736 , 1.01989 , 2.13748 , 1.03298 , 0.592693 , 1.51204 , 1.06551 , 1.2567 , 0.506597 , 0.688791 , 2.46609 , 0.901605 , 1.46462 , 0.850045 , 0.923787 , 1.82523 , 1.15174 , 0.490447 , 1.47526 , 1.20227 , 1.50551 , 1.33666 , 1.18359 , 1.6315 , 0.399615 , 2.68614 , 1.0384 , 0.871733 , 2.1331 , 1.06284 , 1.46007 , 0.736356 , 1.38306 , 2.70438 , 1.59915 , 0.481374 , 0.722562 , 0.54507 , 0.939001 , 0.701452 , 0.949564 , 0.856498 , 0.711999 , 0.843109 , 1.09051 , 1.31005 , 0.736622 , 0.917033 , 1.05402 , 3.60544 , 3.73982 , 0.545421 , 1.22355 , 1.53105 , 1.84859 , 0.680878 , 0.591061 , 0.800643 , 0.631978 , 0.814803 , 1.29643 , 1.00581 , 0.906401 , 0.917071 , 0.946803 , 1.1809 , 1.1932 , 0.843372 , 0.778069 , 4.68885 , 1.92184 , 0.713081 , 1.50868 , 0.973067 , 0.353446 , 1.14835 , 0.60095 , 0.960314 , 1.08985 , 2.7333 , 1.18438 , 1.25889 , 0.631955 , 0.509019 , 0.891002 , 2.11155 , 1.64879 , 1.12217 , 0.778372 , 0.755309 , 1.13844 , 1.40493 , 0.730319 , 0.840189 , 0.628734 , 2.27809 , 1.04479 , 2.8256 , 1.7355 , 1.12203 , 2.31404 , 0.759291 , 1.70962 , 0.965006 , 0.713131 , 0.471162 , 0.564298 , 0.867673 , 0.558173 , 2.22259 , 0.623275 , 2.18889 , 1.13295 , 1.29009 , 1.94205 , 1.27589 , 0.333583 , 1.33559 , 0.992303 , 2.63315 , 0.611048 , 0.562467 , 1.32242 , 0.738573 , 0.575912 , 1.48098 , 1.01075 , 0.516232 , 1.21956 , 1.0909 , 0.951838 , 0.965616 , 1.06579 , 1.2765 , 3.42046 , 0.474332 , 0.731776 , 0.537406 , 1.12615 , 1.20836 , 1.76684 , 0.401439 , 1.25297 , 1.06309 , 1.84645 , 1.34863 , 0.586824 , 2.34959 , 0.70846 , 1.00611 , 0.949917 , 1.71789 , 0.978207 , 2.51312 , 1.28402 , 0.637062 , 1.0461 , 0.703224 , 0.380427 , 1.42362 , 1.08946 , 0.847567 , 1.49442 , 1.83525 , 1.77087 , 1.09401 , 0.627642 , 0.990013 , 0.6498 , 1.33721 , 0.781107 , 0.607819 , 1.20486 , 2.32134 , 0.311598 , 1.88589 , 0.586222 , 1.01564 , 1.1228 , 0.866758 , 0.708152 , 0.753477 , 1.07857 , 0.800345 , 0.716211 , 0.751656 , 1.24259 , 1.87249 , 0.981037 , 2.21083 , 0.901448 , 0.829222 , 1.14489 , 0.590412 , 0.866924 , 1.18668 , 1.74397 , 0.840157 , 0.949289 , 1.04264 , 1.27424 , 0.806669 , 