avg1=[0.667328 , 0.724708 , 1.26046 , 0.912941 , 1.52475 , 1.48345 , 0.596292 , 0.220771 , 0.648113 , 0.54549 , 0.590299 , 1.54238 , 0.737536 , 0.737344 , 0.870594 , 0.810177 , 0.692887 , 1.26747 , 0.479601 , 0.694886 , 0.983187 , 1.13681 , 1.18879 , 1.92596 , 1.45001 , 1.16717 , 1.55838 , 0.557213 , 1.45668 , 0.704288 , 1.29242 , 0.718479 , 1.24019 , 0.968712 , 0.39998 , 0.617333 , 1.45849 , 1.37452 , 1.05736 , 0.671827 , 1.22816 , 0.423317 , 1.23742 , 0.715421 , 0.540766 , 1.07977 , 1.29477 , 2.03405 , 1.6375 , 0.617842 , 1.76052 , 1.33581 , 0.607226 , 1.07473 , 0.272127 , 3.20986 , 0.642968 , 0.861456 , 0.743707 , 0.636814 , 1.14624 , 0.512027 , 0.406807 , 1.05612 , 0.793112 , 0.474059 , 1.45256 , 0.918571 , 0.339138 , 0.624285 , 0.690941 , 2.13129 , 1.2801 , 1.66875 , 0.761894 , 1.20234 , 1.05068 , 0.993881 , 0.73271 , 0.58672 , 1.99596 , 1.38838 , 0.619694 , 1.8126 , 1.27697 , 1.20263 , 0.422545 , 0.905175 , 0.495752 , 0.884504 , 0.850553 , 1.39507 , 1.24115 , 1.17346 , 0.441691 , 0.939252 , 1.46003 , 0.757385 , 0.936534 , 1.12234 , 0.637133 , 0.800827 , 0.444173 , 2.00637 , 0.960082 , 1.13245 , 0.802133 , 0.888549 , 0.788156 , 0.97695 , 0.878003 , 1.23917 , 0.683185 , 0.724077 , 0.383804 , 0.276285 , 1.17076 , 1.12521 , 0.996273 , 1.55538 , 0.543026 , 1.05107 , 0.730722 , 0.524417 , 1.74857 , 0.823079 , 0.456959 , 0.663292 , 0.555866 , 1.8937 , 0.798094 , 0.603734 , 1.27905 , 1.31059 , 1.00199 , 0.408749 , 1.40684 , 0.782003 , 1.62637 , 1.80113 , 1.55192 , 0.697977 , 1.24023 , 0.789876 , 2.04943 , 2.59505 , 1.15699 , 0.743389 , 1.67649 , 1.16268 , 0.38983 , 1.61521 , 0.653027 , 1.77228 , 1.11431 , 0.425103 , 3.46879 , 1.66648 , 1.26377 , 0.785425 , 1.25597 , 1.14635 , 0.666073 , 1.4094 , 3.31641 , 0.685048 , 0.944949 , 0.849223 , 0.651408 , 0.980064 , 1.35212 , 1.92413 , 1.04788 , 1.5815 , 0.995575 , 1.4117 , 1.59039 , 0.828516 , 0.391369 , 0.693967 , 0.584602 , 1.00086 , 4.15724 , 0.462047 , 0.395435 , 0.496294 , 1.40708 , 0.904942 , 0.401782 , 0.184585 , 0.891069 , 0.916957 , 1.48474 , 0.334303 , 0.370248 , 0.983788 , 1.69546 , 1.45181 , 1.04988 , 1.47771 , 0.813101 , 1.03338 , 0.431949 , 0.706965 , 1.61968 , 0.417374 , 0.533334 , 0.798876 , 2.52907 , 2.07552 , 1.47591 , 0.997246 , 3.13014 , 2.40576 , 0.675921 , 0.640791 , 0.598594 , 1.02877 , 1.57387 , 1.30961 , 0.844304 , 0.977312 , 0.777392 , 0.483863 , 1.45277 , 0.998236 , 2.68162 , 1.54416 , 0.978826 , 0.492303 , 0.554085 , 1.34441 , 0.703521 , 1.37269 , 1.15887 , 1.32741 , 0.802275 , 0.608756 , 1.81152 , 1.26011 , 0.755926 , 2.72787 , 0.715303 , 0.883114 , 2.54994 , 2.14721 , 1.44241 , 1.32237 , 0.904341 , 0.591283 , 1.58179 , 1.25143 , 0.370234 , 2.84275 , 1.43632 , 0.406941 , 1.66227 , 0.774791 , 1.1324 , 1.09842 , 0.877845 , 3.48019 , 0.655788 , 0.381604 , 1.81395 , 1.79123 , 2.2377 , 2.60996 , 0.573083 , 1.24901 , 0.892748 , 1.62428 , 0.444321 , 2.17275 , 2.27877 , 2.1493 , 0.790603 , 0.857092 , 1.03588 , 1.50974 , 0.482983 , 1.3184 , 1.13843 , 1.18619 , 1.62634 , 0.425442 , 1.23131 , 0.61413 , 2.87085 , 0.915492 , 0.937226 , 1.93221 , 0.284031 , 0.889199 , 1.06235 , 0.664829 , 0.827558 , 1.24922 , 0.931562 , 0.901311 , 0.873578 , 0.770066 , 0.879377 , 1.09912 , 1.15916 , 1.25696 , 1.29359 , 1.97471 , 1.0362 , 2.99956 , 0.945874 , 0.877092 , 2.54413 , 1.0854 , 0.715704 , 1.23603 , 0.908778 , 0.711252 , 0.694721 , 1.13617 , 0.568488 , 0.908213 , 1.13721 , 0.487806 , 3.18357 , 0.751353 , 1.09899 , 1.33869 , 1.11352 , 0.811871 , 0.815476 , 1.94824 , 0.589858 , 1.59553 , 0.568387 , 0.882744 , 2.54106 , 0.937031 , 1.53734 , 0.906383 , 5.40876 , 1.60456 , 0.714018 , 1.10941 , 0.89125 , 2.5029 , 0.740803 , 0.731305 , 0.519998 , 2.24469 , 1.45166 , 1.59046 , 0.59958 , 1.8271 , 0.750189 , 1.65487 , 0.811268 , 0.594713 , 0.536079 , 0.869458 , 2.08564 , 1.0703 , 0.678002 , 0.40474 , 0.845578 , 0.415185 , 1.20594 , 1.30247 , 1.26584 , 0.833369 , 1.12767 , 0.728586 , 0.517161 , 2.06783 , 0.66255 , 1.32952 , 1.67183 , 5.01617 , 1.3483 , 2.93003 , 1.12879 , 1.10325 , 1.16585 , 0.192306 , 3.46936 , 0.720038 , 1.47623 , 0.787952 , 0.414062 , 0.770201 , 0.900538 , 4.94626 , 2.27768 , 0.873296 , 0.513277 , 3.83129 , 0.47068 , 0.874238 , 5.9799 , 0.550928 , 1.14714 , 1.77989 , 0.65488 , 0.486609 , 1.70989 , 1.77681 , 1.53334 , 3.35078 , 2.33461 , 1.04455 , 1.08854 , 0.686688 , 0.563997 , 1.39628 , 0.772326 , 0.713644 , 0.929956 , 0.666636 , 1.80834 , 0.785652 , 0.614679 , 0.689232 , 1.29207 , 1.59298 , 1.2074 , 1.1088 , 2.37924 , 1.17656 , 0.805082 , 0.510579 , 1.88654 , 0.793963 , 1.81855 , 1.34974 , 1.77772 , 0.779651 , 1.22137 , 1.28972 , 0.683442 , 0.878688 , 1.70101 , 0.934501 , 1.68381 , 1.4404 , 1.88328 , 1.51947 , 0.715672 , 0.953034 , 1.43227 , 1.07832 , 0.911382 , 0.744838 , 0.859106 , 1.40828 , 0.467591 , 1.00177 , 1.49123 , 0.332195 , 1.12995 , 1.17326 , 1.0663 , 0.365433 , 1.06955 , 0.525591 , 0.504265 , 2.21489 , 1.40958 , 0.522845 , 0.910645 , 1.4764 , 0.656226 , 1.58892 , 0.748027 , 2.05795 , 0.63004 , 2.23602 , 2.66649 , 0.643534 , 2.56965 , 0.543542 , 1.06014 , 0.977443 , 2.70145 , 0.935314 , 0.745138 , 1.34041 , 0.907815 , 1.86818 , 1.34055 , 2.67567 , 1.12085 , 0.263493 , 1.25316 , 2.77861 , 0.903399 , 0.826557 , 0.773354 , 1.30684 , 1.15858 , 0.952234 , 2.84418 , 0.795137 , 1.19709 , 1.4483 , 0.590257 , 1.44498 , 0.43946 , 1.43462 , 0.832021 , 2.09655 , 0.809732 , 0.872056 , 2.3847 , 1.35521 , 1.33127 , 2.38404 , 1.38277 , 2.24233 , 1.90729 , 1.22434 , 0.840553 , 0.468318 , 1.2668 , 1.04825 , 2.00391 , 1.23914 , 1.27614 , 0.998798 , 0.807489 , 0.737555 , 2.13391 , 0.646753 , 1.39387 , 1.60165 , 0.957509 , 0.672912 , 2.23105 , 1.72192 , 2.25559 , 0.730014 , 1.11453 , 1.09369 , 1.24403 , 1.46252 , 0.475615 , 1.23486 , 0.903803 , 1.04599 , 3.83911 , 3.34503 , 1.9756 , 0.497178 , 0.769982 , 0.952889 , 1.9517 , 0.735334 , 0.530892 , 2.14064 , 1.05799 , 1.05509 , 0.444991 , 1.28823 , 2.01721 , 2.60482 , 2.55945 , 0.772559 , 1.42541 , 0.313065 , 0.209513 , 1.26675 , 0.600638 , 5.95873 , 1.57871 , 1.4353 , 1.12883 , 0.354341 , 0.632252 , 0.970869 , 0.8236 , 0.535156 , 1.26427 , 0.359273 , 1.2408 , 1.00083 , 0.794375 , 1.5699 , 0.81803 , 0.87947 , 1.19593 , 0.991426 , 0.73671 , 0.933855 , 1.65211 , 0.970069 , 1.32116 , 0.715574 , 1.14981 , 1.66248 , 0.44655 , 0.481079 , 0.7582 , 1.85869 , 0.831449 , 1.58215 , 2.86925 , 1.37544 , 0.802299 , 0.955965 , 0.992185 , 0.67894 , 0.500846 , 1.26992 , 1.42051 , 0.690087 , 2.86373 , 1.63664 , 2.69854 , 1.68528 , 2.70853 , 1.31143 , 1.49355 , 2.20443 , 0.931027 , 1.03588 , 0.58765 , 0.549356 , 0.866127 , 1.21105 , 0.735742 , 1.83117 , 0.820533 , 2.44724 , 0.867825 , 1.34016 , 0.80757 , 0.934804 , 0.988979 , 0.655828 , 0.788266 , 2.4764 , 1.44172 , 0.452423 , 0.474673 , 0.490314 , 1.45325 , 1.32221 , 0.262975 , 1.32838 , 0.739814 , 1.69239 , 2.02086 , 0.654969 , 0.801091 , 1.50724 , 0.933182 , 1.26919 , 2.36388 , 1.1377 , 0.49381 , 0.983275 , 1.09666 , 3.10404 , 1.1244 , 0.717791 , 0.950602 , 1.37538 , 1.19219 , 0.649118 , 2.55491 , 1.93888 , 1.0587 , 0.685139 , 1.73594 , 1.29742 , 1.02707 , 0.305905 , 1.56014 , 1.59429 , 1.34318 , 1.40217 , 0.640705 , 0.70946 , 0.772174 , 0.76295 , 0.940969 , 0.818313 , 0.453571 , 0.578549 , 1.63854 , 1.0472 , 1.62042 , 1.63041 , 0.420197 , 1.14083 , 0.399164 , 0.474663 , 1.3474 , 2.48319 , 1.61778 , 1.28115 , 0.927186 , 1.66738 , 1.10436 , 0.876077 , 1.02109 , 2.49502 , 0.832568 , 0.529674 , 1.69828 , 1.07243 , 1.40193 , 0.5355 , 1.80134 , 0.733959 , 1.53998 , 1.56731 , 2.13926 , 2.7625 , 0.890499 , 1.50411 , 0.705597 , 2.71837 , 0.853359 , 0.895248 , 1.04453 , 0.960835 , 1.59291 , 1.49444 , 0.728519 , 2.21177 , 1.21462 , 1.86649 , 0.901225 , 0.640422 , 0.999387 , 1.59513 , 1.4181 , 0.855648 , 1.0835 , 0.943843 , 0.564889 , 1.5413 , 0.939136 , 0.83319 , 1.57482 , 2.19346 , 0.644574 , 0.692472 , 1.18535 , 1.28427 , 1.57024 , 0.977565 , 2.82849 , 1.29038 , 0.802083 , 1.85537 , 1.81773 , 0.434068 , 0.76743 , 0.833 , 1.22418 , 0.973049 , 1.03085 , 1.33598 , 1.30866 , 2.38723 , 1.26913 , 0.681667 , 1.16309 , 1.49314 , 