avg1=[0.817328 , 2.39795 , 1.55214 , 0.995003 , 0.568978 , 1.25572 , 0.530484 , 0.54274 , 1.31643 , 1.12809 , 1.3879 , 0.731359 , 0.964789 , 1.20567 , 1.9829 , 0.468456 , 1.1626 , 0.920164 , 1.98777 , 0.701538 , 1.05303 , 0.891791 , 2.04152 , 1.34407 , 1.48831 , 2.04521 , 1.52911 , 0.873217 , 0.848763 , 0.7463 , 0.74512 , 0.908023 , 1.34613 , 1.30748 , 1.17247 , 1.25493 , 0.716634 , 1.19191 , 0.73813 , 0.945828 , 1.90939 , 1.10439 , 1.49661 , 0.621467 , 0.588353 , 0.445992 , 2.04373 , 1.91261 , 1.10429 , 0.991353 , 0.818517 , 1.03092 , 1.32169 , 0.99493 , 1.09706 , 0.315318 , 0.995556 , 1.99375 , 0.65778 , 0.52898 , 2.15999 , 1.27432 , 0.659557 , 1.12714 , 1.90546 , 1.02744 , 0.53469 , 0.92682 , 0.955703 , 1.05649 , 0.939329 , 2.3081 , 2.40965 , 1.73162 , 1.35197 , 1.20924 , 0.691298 , 1.04185 , 1.17063 , 0.514759 , 1.16554 , 1.72716 , 0.971973 , 0.96685 , 0.878296 , 0.979337 , 0.707568 , 0.730321 , 1.12722 , 0.762477 , 0.64063 , 0.920496 , 1.78055 , 1.71631 , 3.37035 , 1.01384 , 0.453392 , 1.12064 , 1.15256 , 2.23049 , 1.38566 , 1.26033 , 1.20971 , 0.808336 , 0.771147 , 1.92056 , 0.87646 , 0.735826 , 0.895881 , 0.751822 , 1.37847 , 2.47653 , 0.899141 , 0.948453 , 0.656525 , 1.85572 , 1.02028 , 0.49773 , 0.810118 , 1.15582 , 0.894775 , 0.86019 , 1.10369 , 1.09167 , 0.833775 , 0.870372 , 1.25985 , 0.627908 , 0.918843 , 3.60991 , 0.85707 , 0.936661 , 0.742648 , 1.10653 , 1.15717 , 0.898886 , 1.90998 , 1.09845 , 1.61768 , 1.21124 , 1.56618 , 1.30293 , 1.11329 , 1.81347 , 2.58778 , 0.444831 , 1.6316 , 0.862704 , 0.934516 , 0.876008 , 0.408818 , 0.853065 , 1.22157 , 1.08244 , 0.690741 , 1.55569 , 2.07907 , 0.786406 , 3.85972 , 1.31452 , 0.469786 , 1.33583 , 1.01236 , 1.31777 , 0.688959 , 0.765538 , 1.5586 , 1.60482 , 1.04331 , 0.732951 , 0.842577 , 0.986235 , 0.805964 , 0.552424 , 0.99728 , 0.571107 , 1.06185 , 0.881806 , 1.18878 , 1.05322 , 1.93224 , 0.918042 , 1.84373 , 1.10704 , 1.64691 , 0.766241 , 1.25545 , 0.857871 , 0.971119 , 0.837669 , 0.945117 , 1.63571 , 0.669315 , 1.52272 , 1.076 , 1.12771 , 1.17662 , 1.9631 , 1.51441 , 0.834173 , 0.482812 , 0.83818 , 0.976386 , 1.31891 , 1.14222 , 1.75438 , 0.872044 , 0.78729 , 2.11164 , 1.0702 , 0.980044 , 0.498543 , 1.91735 , 0.863211 , 0.713683 , 1.62884 , 0.680222 , 0.714734 , 1.00999 , 0.530417 , 0.546115 , 1.53595 , 0.926918 , 0.679353 , 0.994908 , 1.05282 , 0.79902 , 0.514692 , 0.533508 , 0.586774 , 0.817682 , 0.940722 , 1.04779 , 0.528078 , 1.26462 , 0.430841 , 1.68273 , 0.6924 , 1.98319 , 0.646146 , 2.50232 , 0.733883 , 1.56094 , 0.981976 , 0.679188 , 1.11147 , 1.11822 , 1.11977 , 0.570393 , 2.12509 , 1.40317 , 1.35479 , 0.999249 , 1.46693 , 1.26678 , 0.734898 , 1.80053 , 1.00462 , 0.809708 , 3.06147 , 1.91057 , 1.02117 , 1.07282 , 1.75533 , 0.786487 , 0.869023 , 0.688974 , 0.806246 , 1.09833 , 0.646107 , 0.591909 , 1.25347 , 2.19736 , 1.18205 , 1.58292 , 0.961878 , 0.523434 , 0.772774 , 2.25458 , 0.793866 , 0.472607 , 1.68973 , 0.678382 , 0.525629 , 1.00829 , 0.44151 , 1.01851 , 0.849383 , 0.815967 , 0.597821 , 0.800814 , 1.01175 , 1.23645 , 0.924104 , 0.827909 , 0.722515 , 1.34883 , 1.46802 , 0.556697 , 0.645933 , 0.923363 , 1.01994 , 1.13448 , 0.548405 , 1.33354 , 0.765022 , 1.70125 , 0.695773 , 1.5011 , 1.41878 , 1.88885 , 0.992955 , 0.80621 , 1.31204 , 1.09315 , 1.37121 , 1.26847 , 0.989783 , 1.17891 , 0.620373 , 0.935086 , 1.07672 , 1.24407 , 1.34291 , 1.90173 , 1.32701 , 1.11383 , 1.08357 , 0.926642 , 1.25929 , 1.00331 , 1.45264 , 0.65279 , 1.16922 , 1.02355 , 0.850379 , 0.962586 , 0.616026 , 1.00911 , 1.51549 , 1.52129 , 1.08508 , 0.730487 , 1.7263 , 0.717252 , 1.40647 , 1.32068 , 1.02538 , 1.38119 , 1.75534 , 0.962924 , 1.88535 , 0.809503 , 1.14323 , 0.867264 , 0.925291 , 1.40013 , 2.51148 , 1.48647 , 1.46482 , 1.68516 , 1.34331 , 1.4512 , 1.03472 , 1.47562 , 0.966287 , 1.09622 , 1.3361 , 1.9564 , 2.11064 , 3.03607 , 0.684925 , 0.792646 , 0.758917 , 1.0167 , 0.999144 , 0.68908 , 0.864105 , 1.08913 , 1.06884 , 3.72477 , 1.86466 , 1.37223 , 2.3301 , 1.45783 , 1.16392 , 0.850411 , 1.72884 , 0.799892 , 1.39467 , 1.58118 , 1.7419 , 1.21577 , 0.535845 , 1.64204 , 0.778158 , 0.289981 , 0.71048 , 1.12565 , 0.754003 , 1.23196 , 1.15591 , 1.21208 , 1.6834 , 0.934127 , 1.04811 , 0.780298 , 1.69569 , 1.18057 , 1.0303 , 0.897181 , 0.994493 , 0.859369 , 0.818366 , 1.27196 , 1.59604 , 0.811618 , 1.34012 , 1.61177 , 1.24841 , 0.734797 , 0.766099 , 0.737647 , 0.686646 , 1.49381 , 0.767248 , 0.784417 , 0.561801 , 0.700352 , 0.344002 , 1.03332 , 0.604767 , 0.510173 , 0.264103 , 2.30706 , 0.831242 , 1.85222 , 1.25294 , 0.606313 , 1.64314 , 0.569725 , 1.34567 , 0.425637 , 1.84342 , 1.01696 , 1.69028 , 0.988093 , 1.11279 , 0.611724 , 0.837295 , 0.427726 , 0.763631 , 0.914874 , 0.620192 , 1.12929 , 0.763224 , 0.482814 , 1.85226 , 0.899275 , 1.10883 , 0.624226 , 0.734541 , 1.23496 , 0.715861 , 0.640442 , 0.70217 , 1.55223 , 0.942813 , 1.18586 , 1.52286 , 1.07451 , 0.910903 , 1.12947 , 2.22789 , 0.499776 , 1.53261 , 2.78509 , 0.417262 , 0.812126 , 1.08353 , 0.671492 , 0.711601 , 0.966694 , 1.58883 , 0.723176 , 0.423755 , 0.570809 , 0.533817 , 0.77822 , 2.497 , 1.01327 , 0.914401 , 1.04353 , 0.85898 , 0.993774 , 0.740714 , 1.1273 , 0.775803 , 1.70381 , 1.43495 , 0.815824 , 0.822233 , 1.1153 , 1.24492 , 1.69415 , 0.928362 , 1.21081 , 1.07911 , 0.819158 , 2.18425 , 1.45036 , 1.48895 , 1.31774 , 0.770212 , 0.944308 , 0.842075 , 1.03314 , 0.883962 , 1.14574 , 0.834537 , 0.590068 , 0.912958 , 0.835777 , 0.631017 , 0.875318 , 0.990935 , 1.1187 , 0.965037 , 0.808327 , 1.29258 , 1.53174 , 1.0719 , 1.02993 , 1.25732 , 0.707191 , 1.89676 , 1.6094 , 1.71481 , 2.53023 , 0.888741 , 1.15541 , 0.671864 , 2.35845 , 1.65879 , 2.09673 , 1.06543 , 1.09763 , 0.631709 , 1.36055 , 1.40318 , 0.85534 , 2.04912 , 0.703721 , 1.72262 , 1.35413 , 0.963576 , 0.676999 , 0.61976 , 1.61537 , 1.0435 , 0.903427 , 1.57469 , 1.79908 , 0.918856 , 1.09272 , 0.843431 , 0.937479 , 1.49774 , 0.793057 , 0.861139 , 0.60163 , 1.127 , 0.652312 , 2.13778 , 1.15021 , 4.07623 , 0.615921 , 1.6267 , 0.999946 , 0.80435 , 1.03164 , 0.737442 , 1.20394 , 0.931186 , 0.834427 , 1.1109 , 0.83507 , 0.581313 , 0.731499 , 1.93964 , 0.553459 , 0.688162 , 0.60143 , 0.42634 , 1.13423 , 1.23831 , 0.766783 , 0.784203 , 0.981024 , 0.34459 , 0.637073 , 0.89075 , 1.82414 , 0.929114 , 0.585689 , 1.11543 , 0.681011 , 1.40953 , 1.10351 , 1.0061 , 0.996516 , 1.43516 , 1.09527 , 0.681053 , 1.64402 , 0.917895 , 0.768794 , 1.86399 , 0.777961 , 1.6544 , 0.699313 , 1.2743 , 0.646285 , 1.49322 , 1.0524 , 0.930571 , 1.34005 , 0.665882 , 0.82705 , 1.12631 , 0.654359 , 1.06699 , 1.43968 , 1.31615 , 0.857318 , 0.934187 , 0.813914 , 0.509301 , 1.31045 , 2.04631 , 0.752852 , 0.90888 , 0.604541 , 0.777232 , 0.575087 , 0.880124 , 1.00819 , 1.15985 , 1.06393 , 1.48055 , 1.19482 , 1.02401 , 0.872983 , 1.10256 , 0.546924 , 1.52066 , 1.45163 , 1.33716 , 0.526015 , 1.3804 , 0.834578 , 1.33739 , 1.88257 , 0.463635 , 1.32634 , 0.79369 , 0.877692 , 0.940785 , 0.883312 , 0.765412 , 1.14721 , 1.41634 , 1.93346 , 0.873012 , 1.24416 , 0.704636 , 0.948144 , 1.09979 , 2.30706 , 0.801116 , 1.21863 , 1.294 , 0.701162 , 1.02743 , 0.844754 , 0.863851 , 1.12069 , 0.669039 , 1.36064 , 0.984439 , 1.51097 , 0.625533 , 1.51724 , 1.4132 , 0.569748 , 0.926399 , 1.42141 , 0.394134 , 0.59017 , 1.49568 , 1.51386 , 1.80966 , 1.12616 , 1.03496 , 0.388543 , 1.31383 , 0.790071 , 1.82827 , 0.864701 , 1.14752 , 1.66843 , 0.324322 , 0.561697 , 1.08214 , 2.49752 , 1.11744 , 0.847843 , 3.33548 , 3.11012 , 1.24233 , 1.627 , 0.800682 , 2.10924 , 1.05638 , 1.14734 , 1.12602 , 0.517755 , 0.715505 , 1.03798 , 0.639846 , 0.541418 , 0.942236 , 0.910072 , 1.18556 , 1.08203 , 0.843418 , 2.88523 , 1.08714 , 1.0354 , 1.49722 , 1.01746 , 0.97679 , 1.25199 , 0.854584 , 2.49491 , 1.15305 , 0.849715 , 0.968587 , 2.23071 , 2.04048 , 0.666794 , 1.30976 , 1.96321 , 1.69968 , 1.21849 , 0.85438 , 1.03378 , 0.93845 , 0.935475 , 1.04612 , 0.67994 , 1.95892 , 0.893072 , 0.682834 , 0.500605 , 0.44357 , 1.25302 , 0.847041 , 0.915664 , 0.758975 , 2.00304 , 