avg1=[0.635565 , 0.470405 , 0.59039 , 0.527613 , 0.877668 , 1.67476 , 1.032 , 0.674973 , 1.27909 , 1.16914 , 1.87456 , 0.996234 , 0.635643 , 1.02735 , 1.45154 , 0.449808 , 1.15485 , 1.04958 , 0.915898 , 0.648676 , 0.61085 , 0.658949 , 0.869332 , 0.678253 , 1.5497 , 0.948578 , 0.944082 , 1.63656 , 1.63129 , 0.70057 , 1.28935 , 1.04324 , 1.46466 , 1.17982 , 0.758734 , 0.857755 , 0.895466 , 1.13681 , 1.697 , 1.62399 , 0.370603 , 0.488056 , 1.03144 , 0.958777 , 0.813519 , 0.543286 , 0.911662 , 0.905985 , 1.34006 , 1.04681 , 0.909529 , 0.980186 , 0.781217 , 0.970907 , 0.965567 , 0.928621 , 0.643327 , 2.16457 , 0.685677 , 0.826893 , 2.1286 , 1.43524 , 1.70024 , 0.929273 , 1.02759 , 0.947963 , 1.74167 , 0.891807 , 0.994653 , 0.672657 , 1.63552 , 1.54004 , 1.07046 , 1.60342 , 0.758286 , 1.42641 , 0.429268 , 0.902618 , 1.14139 , 1.3582 , 1.31269 , 0.963747 , 1.03947 , 1.24367 , 0.828093 , 1.09446 , 0.881092 , 1.17399 , 1.39013 , 1.19157 , 1.51548 , 0.58918 , 1.53769 , 1.1194 , 2.55092 , 2.37103 , 0.416527 , 1.41696 , 0.994123 , 1.10068 , 1.02449 , 0.69296 , 0.83787 , 2.08937 , 0.509225 , 1.49507 , 1.05191 , 1.21204 , 1.01676 , 1.78642 , 1.04224 , 0.791838 , 1.82819 , 1.92582 , 1.08769 , 0.85945 , 1.14943 , 0.946967 , 0.633111 , 0.670422 , 1.83498 , 0.758573 , 0.869765 , 1.79451 , 2.10294 , 1.07056 , 0.881164 , 1.02338 , 0.877716 , 1.20909 , 1.93125 , 0.86432 , 1.34545 , 0.750693 , 2.01312 , 1.75502 , 1.37058 , 1.74658 , 0.788297 , 1.09887 , 1.10496 , 0.746414 , 0.614272 , 1.49465 , 1.29699 , 0.754552 , 1.26284 , 2.55328 , 0.729494 , 0.929393 , 0.529241 , 0.939243 , 1.18333 , 1.54 , 0.527112 , 0.727636 , 1.28847 , 0.910183 , 1.22134 , 0.894849 , 1.45035 , 0.613507 , 0.982905 , 0.877879 , 0.967659 , 0.704971 , 1.71705 , 0.975661 , 1.16881 , 1.81813 , 0.669612 , 1.06278 , 1.55696 , 0.924448 , 0.914564 , 1.0788 , 0.611764 , 0.60647 , 1.00147 , 0.772677 , 1.13304 , 1.45482 , 0.702945 , 1.05656 , 0.513953 , 1.28537 , 0.716129 , 1.09161 , 1.59313 , 0.579694 , 1.47345 , 1.38986 , 0.927334 , 1.39041 , 0.903782 , 1.61758 , 1.16799 , 1.25493 , 0.63911 , 1.71424 , 0.516636 , 1.20309 , 1.52744 , 1.11764 , 1.49814 , 1.41536 , 1.09112 , 1.66662 , 0.823708 , 1.24077 , 1.01632 , 0.616498 , 0.916832 , 1.17353 , 1.23428 , 0.633267 , 0.862597 , 1.00815 , 1.35605 , 1.55953 , 0.514283 , 0.878861 , 1.36711 , 1.04788 , 0.621481 , 1.81669 , 1.02314 , 0.719628 , 0.863644 , 0.733573 , 0.451562 , 1.55029 , 1.0291 , 0.802134 , 1.16279 , 0.64049 , 1.41749 , 1.33408 , 0.656888 , 0.933372 , 2.83668 , 1.05787 , 0.810132 , 1.40844 , 0.858841 , 1.07365 , 0.765606 , 1.42835 , 0.736813 , 1.14552 , 2.0775 , 2.23784 , 1.20422 , 1.09519 , 0.579036 , 1.29228 , 1.45459 , 1.44563 , 0.766308 , 0.56091 , 1.30828 , 0.941432 , 0.729335 , 0.592974 , 0.610371 , 0.964891 , 2.27234 , 0.792632 , 1.60837 , 1.13281 , 0.67536 , 0.731866 , 1.43892 , 1.09058 , 1.0986 , 1.8811 , 0.809311 , 1.67351 , 0.859764 , 0.597923 , 0.488344 , 0.642305 , 0.965471 , 1.01525 , 0.814315 , 1.03487 , 1.1533 , 1.84258 , 1.35345 , 0.872243 , 0.743001 , 1.70649 , 1.66663 , 2.45023 , 0.498608 , 1.32608 , 0.88857 , 1.13311 , 0.615694 , 0.921196 , 1.47226 , 1.54253 , 0.536042 , 0.868514 , 1.28224 , 1.05422 , 1.19071 , 1.21356 , 0.947729 , 0.98955 , 1.03423 , 0.788973 , 1.01032 , 0.787982 , 1.00823 , 0.842824 , 1.42876 , 0.5149 , 0.651675 , 1.2452 , 0.803591 , 0.815689 , 1.00627 , 0.581458 , 0.879014 , 1.44236 , 0.925379 , 0.543535 , 0.291176 , 2.30699 , 1.41743 , 0.627509 , 1.29049 , 1.13958 , 0.953983 , 0.600234 , 0.957303 , 0.425249 , 1.11 , 0.987349 , 1.96488 , 0.609661 , 0.65347 , 1.48627 , 2.13907 , 0.678353 , 0.550538 , 1.19258 , 1.31926 , 1.2816 , 0.52381 , 1.30702 , 0.514694 , 0.505384 , 0.962955 , 1.13628 , 1.21402 , 1.24327 , 0.967604 , 1.35341 , 1.62351 , 1.57971 , 0.644651 , 1.01289 , 1.35556 , 0.331001 , 1.02189 , 1.51524 , 1.32998 , 0.589313 , 1.47513 , 0.719717 , 1.02087 , 0.645807 , 2.01453 , 0.784007 , 0.877288 , 0.998107 , 0.982464 , 1.72492 , 0.705623 , 1.27149 , 1.30764 , 1.0964 , 0.878475 , 0.699428 , 0.815423 , 1.21099 , 0.700053 , 0.702993 , 0.859325 , 1.37453 , 0.94974 , 1.22937 , 0.493595 , 0.655031 , 1.48544 , 1.21937 , 1.67115 , 0.508786 , 1.28047 , 1.62433 , 0.841692 , 1.93745 , 0.78564 , 0.551068 , 1.19517 , 1.07208 , 1.44254 , 1.37944 , 0.620385 , 0.764221 , 1.58588 , 0.426226 , 0.736994 , 0.315663 , 0.522712 , 1.13176 , 0.587497 , 0.589945 , 0.573395 , 1.2796 , 0.833993 , 0.954576 , 0.789684 , 0.524981 , 0.82331 , 0.501154 , 1.12625 , 1.26907 , 1.20645 , 0.902224 , 0.663931 , 0.793852 , 1.42535 , 1.00987 , 1.30924 , 0.993587 , 0.598989 , 0.865905 , 0.725349 , 1.25566 , 1.20591 , 0.728664 , 0.779261 , 0.612934 , 1.56278 , 0.838072 , 1.08428 , 2.16071 , 1.23376 , 1.04662 , 1.10005 , 1.31918 , 0.9056 , 0.820638 , 0.660236 , 1.5649 , 0.755322 , 1.27778 , 0.618971 , 1.28287 , 1.53483 , 1.3287 , 0.703706 , 2.2509 , 0.650924 , 1.04068 , 1.36047 , 1.26658 , 1.02736 , 1.07278 , 1.13151 , 1.35763 , 1.36541 , 0.672074 , 2.05356 , 0.767067 , 1.65157 , 1.17444 , 1.35834 , 0.988011 , 0.823044 , 1.00285 , 0.895595 , 0.448684 , 2.04814 , 0.583677 , 1.3399 , 1.00368 , 0.951537 , 1.19787 , 1.29206 , 1.07217 , 1.69299 , 0.708295 , 0.755622 , 1.19342 , 2.06486 , 0.941464 , 0.818929 , 0.782826 , 0.611751 , 0.985947 , 1.49521 , 0.608398 , 0.965652 , 1.51094 , 1.68022 , 0.979559 , 0.80243 , 1.39816 , 1.0033 , 0.911078 , 1.03758 , 1.42055 , 0.618354 , 1.12288 , 1.07256 , 0.802952 , 0.584059 , 1.14642 , 0.80656 , 0.839691 , 0.941825 , 0.943927 , 0.647605 , 2.55935 , 1.00618 , 1.15051 , 0.906505 , 0.954259 , 2.37624 , 0.615514 , 1.23592 , 0.520917 , 0.892282 , 1.27828 , 1.26312 , 1.39644 , 1.65358 , 0.707138 , 1.02299 , 1.23292 , 0.509404 , 1.94925 , 0.498063 , 0.67053 , 1.82322 , 1.35493 , 1.01141 , 0.622395 , 1.21039 , 1.40665 , 0.850059 , 1.0383 , 1.40757 , 0.878679 , 1.80803 , 0.750997 , 0.977678 , 0.549653 , 1.81992 , 0.534234 , 2.46363 , 0.33215 , 0.517865 , 0.697742 , 1.15493 , 0.801833 , 0.576352 , 1.2056 , 2.0794 , 0.453745 , 1.10391 , 0.730537 , 0.992676 , 0.990195 , 1.76742 , 1.63719 , 1.09084 , 1.05997 , 1.62601 , 1.42546 , 1.01294 , 1.46122 , 0.621914 , 0.799427 , 1.34519 , 0.809385 , 0.842751 , 1.60235 , 1.62343 , 1.08743 , 0.604982 , 0.790733 , 0.981206 , 1.1939 , 1.70864 , 0.634961 , 0.754161 , 0.944101 , 2.16402 , 1.00337 , 3.8352 , 1.62316 , 0.67394 , 1.83229 , 0.887937 , 1.13717 , 1.43459 , 1.09288 , 1.88633 , 1.21044 , 0.900248 , 1.48397 , 1.07866 , 0.931627 , 1.44138 , 1.26444 , 2.57368 , 1.48327 , 0.866517 , 1.0148 , 1.52654 , 1.53045 , 1.26133 , 0.929884 , 0.797836 , 1.49638 , 0.526309 , 2.01553 , 1.84186 , 1.26807 , 1.59965 , 0.716215 , 1.44776 , 0.930727 , 1.06894 , 1.1481 , 2.20605 , 0.619856 , 1.57149 , 0.994784 , 1.8501 , 1.65437 , 0.460498 , 1.14714 , 0.897928 , 0.740646 , 0.806523 , 2.13623 , 1.07691 , 0.578644 , 1.21586 , 1.327 , 1.32287 , 0.890811 , 0.629201 , 1.11125 , 1.31161 , 0.839467 , 2.4683 , 0.761656 , 1.6369 , 0.856493 , 0.940218 , 0.872535 , 1.30229 , 1.07373 , 0.62576 , 1.40151 , 1.47028 , 0.908393 , 0.901069 , 1.163 , 0.646267 , 0.997138 , 1.92851 , 0.813891 , 1.63354 , 0.688619 , 0.44614 , 1.01122 , 0.573132 , 1.33833 , 1.53592 , 1.70834 , 1.32777 , 0.61396 , 1.0393 , 0.809848 , 0.723564 , 0.826413 , 1.69294 , 0.701761 , 0.867001 , 0.79678 , 0.682501 , 1.19918 , 0.477705 , 0.759856 , 1.16624 , 0.779355 , 1.3829 , 0.640038 , 0.736766 , 0.729076 , 0.536163 , 1.08674 , 1.03739 , 1.39895 , 0.986687 , 0.756107 , 1.86181 , 0.961009 , 1.74755 , 0.522505 , 1.80171 , 1.28995 , 2.27082 , 1.13465 , 1.22277 , 0.810642 , 1.22488 , 0.964407 , 1.21272 , 1.01513 , 0.944202 , 1.30327 , 0.699418 , 1.46231 , 1.1323 , 0.730904 , 0.906829 , 1.01782 , 0.40394 , 0.816306 , 1.81386 , 1.11709 , 0.960214 , 1.14031 , 1.06826 , 1.02216 , 1.90618 , 0.539424 , 0.630988 , 1.78624 , 0.867546 , 0.885866 , 2.24254 , 1.18241 , 1.00108 , 0.972183 , 1.04114 , 1.10536 , 1.16701 , 1.13355 , 0.720737 , 0.723054 , 0.655668 , 2.30257 , 0.617017 , 0.833267 , 0.717322 , 1.02548 , 0.475717 , 0.861866 , 0.911026 , 1.54474 , 