avg1=[1.07301 , 1.2601 , 1.39645 , 0.736182 , 1.3282 , 1.19032 , 0.523777 , 0.864798 , 1.32255 , 0.908958 , 2.30499 , 1.65527 , 0.797071 , 1.14867 , 0.942736 , 0.743177 , 1.01943 , 1.66141 , 1.14564 , 1.19891 , 0.597202 , 0.520759 , 0.914048 , 1.22017 , 1.43014 , 1.31262 , 1.09332 , 0.915207 , 1.58866 , 0.851019 , 1.44224 , 1.30167 , 1.39734 , 1.23973 , 1.04863 , 0.958598 , 0.31606 , 0.780427 , 0.93499 , 1.30537 , 1.26137 , 0.830843 , 1.0328 , 1.37207 , 1.53816 , 1.07146 , 0.763637 , 0.954938 , 1.80942 , 0.910701 , 1.19843 , 1.38545 , 0.874045 , 0.638404 , 1.10457 , 1.05004 , 1.264 , 0.841764 , 0.729214 , 0.676399 , 2.07951 , 0.660956 , 1.44951 , 1.16107 , 1.09906 , 0.601583 , 0.800174 , 0.846523 , 0.809076 , 1.28934 , 1.00617 , 1.26759 , 0.684583 , 2.74394 , 0.898972 , 1.34487 , 0.800708 , 0.845544 , 1.19323 , 0.884576 , 0.976214 , 1.28403 , 0.659425 , 0.841524 , 0.790865 , 0.873039 , 1.25901 , 0.66191 , 1.20622 , 0.642233 , 1.22375 , 1.18173 , 1.11717 , 0.905872 , 0.734325 , 1.06239 , 0.897997 , 1.27746 , 1.43358 , 1.55885 , 0.576685 , 1.05003 , 0.743622 , 1.50328 , 1.4335 , 1.12085 , 1.65645 , 1.20338 , 1.26149 , 1.51424 , 1.93714 , 2.32077 , 0.950247 , 1.49039 , 1.17566 , 0.89385 , 0.810126 , 0.851271 , 0.666899 , 0.720701 , 1.31202 , 0.870634 , 2.03666 , 2.12874 , 1.11149 , 0.982398 , 0.624972 , 2.18027 , 0.645043 , 1.60726 , 0.71746 , 0.750364 , 0.922687 , 0.691909 , 1.84522 , 0.889808 , 0.8643 , 1.02458 , 1.158 , 1.19287 , 1.06915 , 0.728913 , 0.584394 , 1.20799 , 1.0901 , 1.61391 , 1.52995 , 2.10539 , 1.25498 , 1.65808 , 2.07577 , 1.25487 , 1.20695 , 2.01005 , 1.907 , 1.21871 , 0.505342 , 0.542289 , 0.947321 , 1.1121 , 1.49573 , 1.28959 , 0.627286 , 0.662726 , 0.803321 , 1.53251 , 0.772823 , 2.09202 , 0.695654 , 1.06117 , 0.894458 , 2.12434 , 1.06982 , 0.919981 , 1.37131 , 1.76592 , 0.681395 , 1.31676 , 0.578603 , 1.64905 , 1.32937 , 1.26729 , 1.09456 , 1.16 , 0.749887 , 1.00619 , 1.14334 , 2.12019 , 1.19091 , 0.872273 , 0.82369 , 0.789449 , 0.715744 , 1.4792 , 0.791969 , 0.989249 , 1.1353 , 1.93646 , 1.04505 , 0.70073 , 0.827039 , 1.07306 , 0.92837 , 0.918591 , 1.01379 , 1.02966 , 0.699491 , 1.30765 , 1.30486 , 1.06162 , 1.22046 , 1.55339 , 1.46047 , 1.71961 , 0.972217 , 0.769821 , 1.02223 , 1.10147 , 1.10175 , 0.848432 , 0.820859 , 0.514314 , 0.936925 , 0.652203 , 1.32124 , 0.991463 , 1.06615 , 1.21852 , 0.830204 , 0.917654 , 0.932336 , 0.682337 , 1.41462 , 0.858711 , 0.856035 , 0.98371 , 1.45396 , 0.566542 , 0.561369 , 1.23276 , 1.34929 , 0.859396 , 0.943506 , 0.824822 , 0.617634 , 1.46404 , 1.55952 , 1.08345 , 1.25763 , 2.07558 , 1.20696 , 0.921723 , 0.987954 , 1.23298 , 0.996956 , 1.79025 , 1.37234 , 1.47407 , 0.710779 , 1.0431 , 1.44431 , 0.978358 , 1.03736 , 0.8719 , 1.20035 , 1.39083 , 1.69496 , 0.541819 , 0.869795 , 0.933727 , 0.907118 , 1.28593 , 1.0234 , 0.942629 , 2.31274 , 1.01201 , 0.608834 , 0.850534 , 0.911447 , 0.81125 , 0.803703 , 0.587336 , 0.755993 , 0.812148 , 1.46181 , 0.568332 , 0.517379 , 1.26713 , 1.41794 , 1.2659 , 1.16586 , 1.23102 , 1.45177 , 1.00756 , 0.409392 , 0.688115 , 0.683074 , 0.802906 , 0.691338 , 1.08622 , 0.817301 , 1.35101 , 0.702806 , 0.376913 , 1.11714 , 1.21147 , 1.78271 , 1.1053 , 0.738533 , 0.949217 , 0.894023 , 1.09844 , 1.18367 , 1.25168 , 1.84128 , 1.129 , 1.08325 , 1.24524 , 1.18015 , 0.89025 , 0.696693 , 1.26969 , 0.873751 , 0.843182 , 1.94025 , 1.09571 , 1.09526 , 0.719139 , 0.813357 , 1.16636 , 1.53107 , 0.792783 , 1.75211 , 0.713213 , 0.878166 , 0.555629 , 1.2009 , 0.849158 , 0.994616 , 1.14921 , 0.955923 , 1.87379 , 1.09131 , 1.03455 , 1.32556 , 1.23844 , 1.09543 , 0.666854 , 2.0352 , 1.29052 , 1.12168 , 1.10862 , 1.10688 , 1.15768 , 1.13561 , 1.32868 , 1.03278 , 1.03452 , 0.856827 , 0.95374 , 2.025 , 1.66538 , 1.72415 , 0.931129 , 1.35812 , 0.648317 , 1.59223 , 1.19795 , 1.92705 , 1.08808 , 1.22164 , 0.810638 , 0.72133 , 0.811931 , 0.711094 , 0.745436 , 1.51448 , 1.36003 , 1.23687 , 1.14817 , 1.0015 , 0.854117 , 0.724256 , 1.63603 , 1.20531 , 1.19724 , 1.34466 , 1.67796 , 1.18125 , 1.20267 , 1.43882 , 0.668872 , 1.21132 , 0.911635 , 1.03547 , 0.913192 , 0.872879 , 0.749587 , 1.35034 , 0.790504 , 1.15389 , 0.498007 , 1.04249 , 0.98854 , 0.979614 , 0.992479 , 0.750049 , 1.32787 , 0.736623 , 1.29431 , 0.84141 , 0.517211 , 1.24498 , 1.03649 , 1.05184 , 0.963593 , 1.6587 , 1.29832 , 0.914477 , 0.955923 , 0.852348 , 0.689681 , 1.14006 , 1.50373 , 1.09796 , 0.937551 , 1.16323 , 0.59615 , 0.727848 , 0.619435 , 0.373787 , 1.10593 , 1.0352 , 0.985204 , 1.01907 , 0.915158 , 0.776847 , 0.643455 , 1.78769 , 2.46259 , 0.884916 , 0.946755 , 1.15751 , 0.865802 , 2.39394 , 0.995649 , 1.03388 , 0.824214 , 0.888658 , 0.936689 , 0.698979 , 0.58638 , 2.13224 , 0.517382 , 0.802946 , 1.4357 , 1.48441 , 0.986262 , 0.826005 , 1.47293 , 1.13692 , 0.963976 , 0.925426 , 2.20876 , 0.952197 , 1.05828 , 1.57476 , 0.841277 , 0.974975 , 1.64923 , 1.49797 , 1.05908 , 0.772599 , 0.797422 , 1.22757 , 1.15883 , 0.771083 , 1.46165 , 1.23546 , 0.931643 , 0.700999 , 0.694823 , 1.06279 , 0.575508 , 1.12714 , 0.723074 , 0.62674 , 0.737759 , 0.833079 , 0.885203 , 1.21443 , 1.46068 , 0.884125 , 0.91733 , 2.63152 , 0.885833 , 1.09078 , 0.900083 , 1.15432 , 0.663878 , 0.779349 , 0.898261 , 0.858367 , 0.837833 , 0.662703 , 0.918451 , 1.13684 , 1.50494 , 1.54188 , 1.46621 , 0.814732 , 0.916716 , 0.984411 , 1.01227 , 0.837598 , 1.006 , 0.660502 , 1.42305 , 0.665658 , 1.11521 , 0.666186 , 0.995641 , 0.746164 , 1.55233 , 0.536348 , 1.59443 , 1.6173 , 0.945062 , 1.03851 , 1.06898 , 0.976706 , 0.722017 , 0.733217 , 1.52393 , 1.28425 , 0.609353 , 0.644902 , 0.974612 , 0.838501 , 1.46888 , 0.836068 , 0.946157 , 1.74915 , 2.44827 , 0.701727 , 1.04778 , 1.12732 , 0.969329 , 1.25851 , 0.943416 , 0.646087 , 0.827608 , 0.783431 , 0.772287 , 1.1046 , 1.47821 , 0.94916 , 0.862411 , 0.988975 , 0.579134 , 0.972226 , 1.44767 , 1.14446 , 0.449412 , 0.858789 , 0.624025 , 0.627364 , 0.836465 , 1.52785 , 0.860343 , 1.1543 , 0.998945 , 1.39615 , 1.10543 , 0.785298 , 0.540956 , 1.19288 , 0.849835 , 0.94532 , 1.13121 , 0.831099 , 0.745425 , 0.877225 , 0.635438 , 1.08733 , 0.990452 , 1.30936 , 0.67425 , 1.72743 , 1.22378 , 0.792124 , 0.614954 , 1.25044 , 0.9685 , 0.58547 , 1.74695 , 0.982712 , 1.00689 , 0.866322 , 0.937845 , 0.800212 , 1.49308 , 1.80315 , 1.34987 , 1.60058 , 1.22648 , 1.22173 , 1.49559 , 0.813746 , 0.720905 , 1.07911 , 1.28871 , 1.13869 , 0.698081 , 0.664834 , 1.8945 , 1.42057 , 1.13775 , 1.36468 , 1.07028 , 0.806018 , 1.10462 , 1.01181 , 1.12172 , 1.58248 , 1.07823 , 0.529557 , 1.06107 , 1.33234 , 2.20598 , 0.82018 , 0.909631 , 1.06232 , 1.12648 , 0.963373 , 1.41692 , 1.3808 , 1.12662 , 0.9287 , 1.21402 , 0.611267 , 1.00475 , 1.16908 , 1.77016 , 1.1041 , 2.30033 , 0.804312 , 0.910952 , 1.19859 , 1.32682 , 1.07919 , 1.3383 , 0.528623 , 0.804158 , 0.667056 , 0.78386 , 1.22535 , 1.85221 , 0.760159 , 0.801464 , 1.13913 , 1.05292 , 0.88826 , 1.36203 , 1.21659 , 0.77556 , 1.14641 , 0.822985 , 1.58429 , 0.954988 , 0.568915 , 1.10446 , 0.580908 , 1.47374 , 0.978429 , 1.01961 , 2.40462 , 0.847679 , 1.67454 , 0.940682 , 0.967971 , 2.37484 , 1.03232 , 1.00773 , 0.828365 , 0.827233 , 1.18578 , 0.909286 , 0.966836 , 1.3577 , 1.20233 , 0.931707 , 0.934911 , 0.767349 , 0.402517 , 2.13189 , 1.02767 , 0.493805 , 0.885463 , 0.716833 , 0.839769 , 1.08987 , 1.18869 , 0.844723 , 0.706295 , 1.08608 , 2.46773 , 0.698428 , 1.04236 , 0.527399 , 0.978271 , 0.833127 , 1.15767 , 0.683664 , 1.40847 , 1.68287 , 1.1261 , 0.980784 , 1.13185 , 0.882311 , 0.691998 , 1.67874 , 0.527165 , 0.592963 , 1.52233 , 0.889267 , 1.45347 , 0.754322 , 0.999128 , 1.45907 , 0.641667 , 1.36419 , 0.927807 , 0.609057 , 0.943651 , 1.38487 , 0.598523 , 0.843989 , 0.69672 , 1.1255 , 0.963945 , 0.783832 , 1.48458 , 0.832693 , 1.4358 , 1.79286 , 1.85577 , 0.936203 , 0.790187 , 0.993852 , 0.971655 , 1.12153 , 1.11177 , 1.01461 , 1.22038 , 0.821288 , 1.39959 , 0.862267 , 1.17344 , 1.02641 , 1.18745 , 1.53699 , 0.536312 , 0.916012 , 0.832897 , 1.36014 , 0.851753 , 1.25325 , 0.555484 , 1.00113 , 