avg1=[0.702469 , 1.05543 , 1.46783 , 0.621242 , 1.22578 , 0.647051 , 1.28144 , 0.607281 , 0.679401 , 0.792956 , 1.12013 , 0.907601 , 0.570632 , 1.33566 , 0.873862 , 0.695574 , 0.972627 , 1.15755 , 1.05689 , 0.672034 , 1.04218 , 0.738206 , 0.812589 , 1.14958 , 1.55042 , 1.08019 , 0.954356 , 0.801326 , 1.19263 , 0.516098 , 1.07152 , 0.834059 , 1.17346 , 1.08479 , 1.12302 , 0.889459 , 0.659335 , 0.80807 , 0.879655 , 0.822538 , 0.94339 , 0.679118 , 1.07778 , 1.11697 , 1.19116 , 1.22902 , 0.823002 , 1.24248 , 1.10525 , 0.831235 , 0.842779 , 1.33867 , 0.94678 , 0.672793 , 0.976633 , 1.0978 , 1.90962 , 1.14276 , 0.905251 , 0.8933 , 1.38263 , 1.33228 , 1.40929 , 0.883905 , 0.991612 , 0.975076 , 1.39057 , 1.17978 , 0.875013 , 0.888275 , 0.731613 , 1.12908 , 1.04874 , 1.42809 , 1.35285 , 1.14405 , 1.02791 , 1.38627 , 0.949838 , 0.686098 , 1.71654 , 1.1124 , 1.15212 , 1.12233 , 1.53655 , 1.20612 , 0.899466 , 1.30674 , 1.10736 , 1.73383 , 1.32364 , 0.757566 , 0.94159 , 1.0362 , 0.710009 , 1.17417 , 0.911767 , 1.12709 , 1.27235 , 0.790695 , 1.47203 , 1.53557 , 0.917579 , 0.926099 , 1.17076 , 0.999872 , 1.63989 , 1.05062 , 0.674556 , 1.2126 , 0.811359 , 1.5437 , 0.683918 , 1.08871 , 0.777507 , 0.930579 , 1.00467 , 0.701818 , 0.953616 , 1.13871 , 1.43037 , 1.31673 , 1.12819 , 0.907155 , 1.18677 , 0.800013 , 0.934211 , 0.861741 , 0.569623 , 0.684494 , 0.685678 , 0.45333 , 0.897915 , 1.29956 , 1.77165 , 1.69549 , 0.946164 , 1.29856 , 1.75257 , 0.995884 , 1.17697 , 1.26482 , 1.14752 , 1.43498 , 1.19204 , 0.74018 , 0.732844 , 0.972298 , 1.12624 , 1.24132 , 1.53443 , 1.39406 , 1.61784 , 1.04474 , 1.37558 , 1.06754 , 1.31471 , 0.710654 , 0.738086 , 1.29509 , 0.432235 , 1.09388 , 1.13162 , 0.72845 , 1.83806 , 1.12137 , 1.30112 , 0.93876 , 0.83109 , 0.942011 , 0.834516 , 1.55267 , 1.84214 , 1.0642 , 0.84033 , 1.3731 , 1.21415 , 1.21561 , 1.11333 , 1.40594 , 1.45977 , 1.3698 , 0.904645 , 0.820799 , 0.78861 , 1.46779 , 0.913796 , 1.08682 , 0.939571 , 0.652724 , 1.83944 , 1.55556 , 0.810449 , 1.36104 , 0.980621 , 1.45516 , 1.28973 , 0.990393 , 1.21567 , 1.82061 , 0.992038 , 0.82101 , 1.67856 , 0.750339 , 0.713044 , 1.12677 , 1.05696 , 1.76731 , 0.759136 , 0.72897 , 1.54799 , 0.750451 , 0.912697 , 1.31286 , 1.70276 , 1.42627 , 1.09012 , 1.1676 , 0.823378 , 0.959267 , 0.552492 , 1.23326 , 1.08376 , 0.611422 , 1.0355 , 1.77774 , 0.744699 , 0.782459 , 0.806809 , 0.540033 , 1.2736 , 0.723727 , 1.75518 , 1.06317 , 1.41901 , 0.899653 , 0.890992 , 0.813257 , 0.775003 , 1.61031 , 1.85692 , 1.10842 , 1.27457 , 0.878009 , 1.0736 , 0.908843 , 1.22685 , 0.667498 , 0.989035 , 1.35495 , 1.46636 , 1.46222 , 0.939425 , 1.1135 , 1.62457 , 0.908417 , 1.38913 , 0.914545 , 0.832071 , 0.950224 , 0.925079 , 1.68135 , 0.853653 , 1.17348 , 1.366 , 1.34183 , 1.5224 , 0.684727 , 1.18432 , 0.868691 , 1.01532 , 1.26097 , 0.94287 , 0.789869 , 2.35605 , 1.09589 , 0.732009 , 0.89826 , 0.950555 , 1.32133 , 0.527848 , 0.799078 , 0.679627 , 1.02244 , 1.04177 , 1.11917 , 0.936494 , 0.75606 , 1.06892 , 0.882105 , 0.764056 , 1.12876 , 0.514203 , 1.05174 , 1.22904 , 1.13705 , 0.608422 , 0.673148 , 0.640312 , 0.706821 , 1.10253 , 1.62765 , 0.706138 , 0.600394 , 0.882823 , 0.779445 , 1.40538 , 1.2468 , 0.87693 , 1.45178 , 0.934998 , 0.669743 , 0.890138 , 0.811286 , 0.986711 , 0.612029 , 1.11996 , 0.588618 , 0.998448 , 0.957751 , 0.811923 , 1.64061 , 1.36633 , 1.56947 , 1.19291 , 0.997319 , 1.41408 , 0.782887 , 0.972957 , 0.885401 , 0.78039 , 0.883379 , 1.10948 , 0.714447 , 1.4089 , 0.624864 , 1.51628 , 0.614685 , 1.05031 , 0.649798 , 0.818084 , 0.820072 , 0.772432 , 0.886197 , 0.723327 , 0.840418 , 1.32935 , 1.45204 , 1.25438 , 1.25388 , 2.12461 , 1.12661 , 0.70772 , 1.40575 , 1.18699 , 1.9846 , 0.93647 , 1.11939 , 0.837314 , 1.6056 , 1.198 , 1.21082 , 1.02428 , 1.00093 , 0.909195 , 1.77953 , 1.32289 , 1.15614 , 1.4914 , 1.4876 , 1.00968 , 1.09509 , 0.842157 , 0.659909 , 1.10183 , 1.2939 , 1.15347 , 0.580467 , 0.800176 , 1.7614 , 0.842474 , 1.13807 , 0.833091 , 1.71487 , 0.840615 , 0.974065 , 1.21728 , 0.904012 , 0.85145 , 1.29942 , 1.25978 , 0.930778 , 0.650348 , 0.42455 , 0.848156 , 0.717347 , 1.01097 , 0.939155 , 1.00662 , 0.702094 , 1.1702 , 0.78534 , 0.911532 , 1.0479 , 1.68825 , 1.02865 , 1.17471 , 0.97839 , 0.71611 , 1.25335 , 0.6913 , 0.676047 , 0.616556 , 0.793206 , 1.38079 , 0.81574 , 1.67586 , 1.08631 , 1.18578 , 1.52945 , 0.797001 , 0.931315 , 1.00635 , 0.850632 , 1.65938 , 0.513918 , 1.27981 , 0.752773 , 1.18441 , 0.936218 , 1.73603 , 0.974317 , 1.89103 , 1.02999 , 0.985603 , 0.908042 , 0.798266 , 1.13067 , 1.32155 , 2.07988 , 1.54455 , 1.19049 , 1.13823 , 1.05097 , 1.24214 , 0.785685 , 1.27607 , 0.599873 , 0.94511 , 0.857475 , 0.799875 , 1.08677 , 1.40839 , 0.778203 , 1.3692 , 1.30111 , 0.887219 , 0.957368 , 0.79043 , 1.20801 , 0.620784 , 0.662511 , 0.682544 , 0.800804 , 1.04116 , 1.75758 , 0.994722 , 0.670941 , 0.738404 , 1.18719 , 1.4149 , 1.00087 , 1.54717 , 1.692 , 1.26891 , 0.797744 , 1.56782 , 1.36094 , 1.40399 , 0.759378 , 0.862714 , 1.09217 , 1.19234 , 0.92186 , 0.791534 , 0.863277 , 0.62873 , 0.665644 , 1.14332 , 1.22714 , 0.687639 , 0.76074 , 0.863078 , 0.499961 , 1.23575 , 1.16316 , 0.632157 , 0.914607 , 1.06306 , 0.943654 , 0.663595 , 0.748276 , 0.846594 , 1.16995 , 0.941717 , 0.812352 , 1.07776 , 1.16224 , 0.916209 , 1.07131 , 0.841662 , 1.43833 , 0.803819 , 0.875015 , 0.922863 , 1.14141 , 1.26966 , 1.01608 , 0.964216 , 1.29177 , 1.38513 , 1.10984 , 1.18231 , 1.52354 , 1.17175 , 1.32533 , 2.06486 , 0.915997 , 0.910969 , 1.22627 , 1.28548 , 0.510787 , 1.59186 , 1.15278 , 1.26112 , 0.732702 , 1.36325 , 1.27269 , 1.40998 , 0.905737 , 0.982903 , 1.12884 , 1.76224 , 1.34137 , 0.68947 , 1.1755 , 0.470859 , 0.664607 , 0.949977 , 1.13152 , 1.08637 , 0.940958 , 1.06902 , 0.793726 , 1.09346 , 1.425 , 1.78426 , 0.959862 , 1.02736 , 0.698781 , 1.14061 , 1.21288 , 0.894061 , 0.880245 , 1.13728 , 0.979555 , 1.01429 , 1.62807 , 1.09625 , 1.09381 , 0.787915 , 1.16886 , 0.849275 , 2.11005 , 1.15915 , 1.31609 , 0.937543 , 0.723539 , 1.19471 , 0.801403 , 1.0397 , 1.00081 , 0.692004 , 0.74965 , 1.29573 , 1.04074 , 0.96641 , 1.17137 , 0.917956 , 0.955737 , 1.12917 , 0.763004 , 0.625291 , 0.878246 , 1.1966 , 0.905522 , 1.10265 , 0.808739 , 1.18217 , 0.558972 , 0.744271 , 1.03213 , 1.4179 , 0.988569 , 1.0361 , 1.10874 , 1.15639 , 1.23295 , 0.737475 , 1.04691 , 1.10776 , 0.906284 , 0.658541 , 1.23864 , 1.27064 , 0.649945 , 0.812874 , 0.758377 , 1.12153 , 0.864916 , 1.47465 , 1.37788 , 0.736486 , 1.14022 , 1.71894 , 0.830953 , 0.845923 , 1.45762 , 1.14579 , 2.09206 , 0.566652 , 0.874743 , 1.24931 , 0.659594 , 1.29397 , 0.829739 , 1.04437 , 0.440749 , 1.50506 , 1.15078 , 0.745037 , 0.848057 , 1.04834 , 0.767225 , 1.43872 , 1.09805 , 1.20134 , 1.07382 , 0.703832 , 1.10495 , 0.483656 , 0.940233 , 0.801974 , 1.05225 , 1.18388 , 0.904905 , 1.28076 , 1.5085 , 0.653691 , 0.697335 , 1.14998 , 1.15171 , 0.810185 , 0.996261 , 0.820548 , 0.783634 , 0.795947 , 1.2554 , 1.23724 , 0.659995 , 0.798596 , 1.01792 , 1.20824 , 1.02688 , 0.858851 , 0.919966 , 0.644871 , 0.648321 , 2.02355 , 1.25289 , 1.12378 , 0.888428 , 0.974447 , 0.679235 , 0.884554 , 0.606571 , 1.06719 , 1.15552 , 1.27978 , 0.998377 , 1.0511 , 1.02816 , 1.3322 , 0.688874 , 0.571241 , 0.964073 , 1.44706 , 1.2488 , 0.544215 , 1.25526 , 0.919087 , 0.897833 , 1.4768 , 0.791994 , 0.863493 , 1.3954 , 1.10405 , 0.763586 , 0.867336 , 1.28477 , 1.9197 , 0.838857 , 1.02741 , 0.738179 , 1.01075 , 1.28925 , 1.25009 , 0.933776 , 1.40545 , 0.980897 , 0.565596 , 0.722746 , 0.56478 , 0.723237 , 0.913536 , 0.805794 , 1.90851 , 0.577418 , 1.07622 , 1.29699 , 0.942581 , 1.18953 , 1.07806 , 0.732309 , 1.76568 , 0.652481 , 1.07973 , 0.998324 , 0.830562 , 1.25196 , 1.09227 , 1.1207 , 1.21089 , 1.05521 , 0.892598 , 0.660638 , 0.785466 , 0.819547 , 1.00045 , 0.594511 , 0.822009 , 1.13294 , 1.57636 , 1.03058 , 0.839997 , 1.46177 , 0.973978 , 1.13333 , 1.00571 , 0.639924 , 0.861767 , 1.08192 , 0.76791 , 1.00295 , 1.09704 , 0.824923 , 0.84946 , 1.23909 , 0.928831 , 1.05944 , 0.80225 , 