avg1=[0.433528 , 1.21441 , 1.22476 , 0.797706 , 1.53259 , 0.848854 , 0.501764 , 0.685456 , 1.32704 , 0.556318 , 1.31707 , 1.39085 , 0.483722 , 1.03435 , 0.907702 , 0.770791 , 0.813127 , 0.911373 , 1.44197 , 1.19377 , 1.80809 , 0.649392 , 0.256809 , 0.745567 , 1.68121 , 1.0327 , 1.07666 , 0.834438 , 1.09482 , 0.578857 , 1.14362 , 1.09019 , 1.65917 , 1.17583 , 1.20808 , 1.81673 , 0.942402 , 0.603839 , 0.828444 , 1.21988 , 1.18409 , 2.0487 , 1.5542 , 0.393844 , 0.83656 , 0.360307 , 0.911577 , 2.08191 , 1.51083 , 0.268802 , 1.60782 , 0.651661 , 0.964381 , 1.08419 , 0.917516 , 1.53194 , 0.641318 , 2.03024 , 0.637145 , 0.401196 , 3.50704 , 0.852113 , 1.0559 , 1.22325 , 1.74875 , 0.748074 , 1.10002 , 2.47467 , 0.566026 , 1.92906 , 0.669165 , 1.30712 , 1.17986 , 2.04082 , 1.38282 , 1.55186 , 0.729189 , 1.30218 , 0.800209 , 2.01632 , 1.12541 , 0.948694 , 0.928089 , 0.527386 , 3.53667 , 1.38672 , 1.13064 , 1.46456 , 0.838316 , 0.992419 , 1.34307 , 0.934687 , 0.791713 , 1.06497 , 0.709692 , 1.42674 , 0.987595 , 0.800544 , 1.24478 , 1.32173 , 0.788226 , 1.12495 , 1.32065 , 1.30384 , 4.38396 , 1.58092 , 2.06173 , 1.2571 , 0.777935 , 1.91953 , 0.746237 , 1.38911 , 0.998831 , 1.23953 , 1.32106 , 1.49975 , 0.643891 , 1.5862 , 1.1076 , 2.07165 , 0.830441 , 0.726243 , 0.818323 , 0.498032 , 0.808643 , 0.911865 , 0.509713 , 0.590138 , 0.728971 , 0.848144 , 0.691666 , 0.668328 , 1.20551 , 2.43077 , 4.43018 , 0.757607 , 0.612055 , 1.16702 , 1.35198 , 1.42105 , 0.383282 , 0.854823 , 1.09022 , 0.651566 , 1.14621 , 2.01553 , 1.55339 , 0.5851 , 1.293 , 0.658624 , 0.539891 , 2.20757 , 0.710666 , 1.73066 , 1.28543 , 0.69202 , 1.16289 , 0.408006 , 0.994369 , 1.13107 , 1.80917 , 0.893318 , 1.71045 , 0.358997 , 0.820764 , 2.42016 , 1.55969 , 0.713353 , 1.44835 , 0.94862 , 0.826349 , 1.03609 , 1.01602 , 1.19256 , 1.1218 , 1.3591 , 0.847314 , 0.640809 , 2.3313 , 2.15498 , 0.880668 , 1.52382 , 0.75799 , 0.758696 , 0.474979 , 1.68063 , 0.748764 , 0.503531 , 0.614407 , 0.872585 , 0.651905 , 0.640891 , 1.33945 , 1.81838 , 0.87041 , 1.43428 , 0.634206 , 1.27208 , 0.440643 , 0.956449 , 0.700799 , 1.35029 , 1.1215 , 0.799605 , 0.891558 , 0.583766 , 1.23482 , 0.594486 , 0.944596 , 1.3528 , 0.870504 , 0.559152 , 0.995174 , 0.910424 , 0.95655 , 1.68891 , 0.558598 , 1.27058 , 0.871805 , 0.842738 , 0.831196 , 0.712976 , 1.59766 , 0.886478 , 1.19188 , 1.31537 , 0.420826 , 0.570474 , 0.947149 , 2.53159 , 0.496848 , 1.8544 , 1.27133 , 0.735777 , 1.56136 , 0.893408 , 0.846489 , 2.79407 , 1.05463 , 0.649057 , 1.34994 , 1.39494 , 0.722498 , 0.783447 , 0.783837 , 1.74805 , 0.881526 , 1.11407 , 0.701226 , 1.96087 , 2.50413 , 0.314156 , 0.893873 , 1.08827 , 1.64646 , 0.915931 , 2.23165 , 1.23374 , 1.04577 , 2.19649 , 2.52368 , 0.866621 , 1.52102 , 0.476682 , 0.521131 , 1.12529 , 2.14202 , 1.69376 , 0.764363 , 1.27803 , 1.8286 , 1.70064 , 1.22197 , 0.991995 , 0.851137 , 0.892201 , 1.5066 , 1.04271 , 1.02143 , 0.772388 , 1.11425 , 1.24934 , 0.867184 , 0.871572 , 1.09246 , 0.528668 , 0.912243 , 1.20917 , 1.16521 , 0.950316 , 2.65075 , 1.5864 , 1.1121 , 1.67128 , 0.975954 , 1.07205 , 1.69846 , 0.837489 , 1.40643 , 1.47319 , 0.581165 , 2.2669 , 0.429086 , 0.709123 , 0.772645 , 1.47033 , 0.777847 , 0.748486 , 0.646096 , 0.722914 , 1.13774 , 1.83626 , 0.929649 , 0.906258 , 1.1344 , 0.687351 , 0.815638 , 1.04241 , 0.51787 , 0.747906 , 1.0525 , 1.28309 , 1.7058 , 0.929767 , 0.949313 , 0.946844 , 1.22919 , 0.901793 , 1.62415 , 1.20671 , 1.00332 , 1.11831 , 0.577095 , 1.27749 , 0.545995 , 2.06363 , 2.51923 , 0.740142 , 1.92812 , 2.54636 , 1.25664 , 1.32544 , 0.744985 , 0.791787 , 0.81324 , 0.429852 , 1.37601 , 0.726841 , 0.892622 , 1.73777 , 0.438068 , 2.06935 , 1.05466 , 0.570499 , 1.11437 , 0.861198 , 1.58546 , 0.712216 , 1.48788 , 1.4452 , 2.27934 , 1.52244 , 0.949307 , 1.11926 , 0.550908 , 0.837372 , 1.06292 , 1.51702 , 0.911157 , 3.15705 , 1.17937 , 0.857521 , 1.27302 , 0.969286 , 1.48624 , 2.71626 , 0.935681 , 1.07966 , 0.947411 , 0.690366 , 2.06939 , 0.901851 , 0.709509 , 0.704932 , 1.51122 , 1.41627 , 0.946956 , 1.23292 , 0.560583 , 1.66384 , 1.38345 , 2.03349 , 1.22079 , 0.774785 , 0.668402 , 1.60736 , 0.508134 , 0.63593 , 2.4854 , 1.04021 , 1.22995 , 0.412792 , 1.53952 , 1.20802 , 1.37544 , 0.720728 , 0.767464 , 1.05275 , 1.60505 , 1.97923 , 1.7884 , 0.57966 , 0.803369 , 1.9404 , 0.888671 , 1.09696 , 0.725299 , 1.60943 , 0.961039 , 0.794757 , 1.35029 , 0.631063 , 0.916386 , 0.752768 , 0.64732 , 1.60004 , 0.620839 , 0.782512 , 1.07129 , 3.01564 , 0.801699 , 0.935764 , 0.836174 , 3.45258 , 1.17479 , 0.752016 , 1.1442 , 1.21161 , 0.632287 , 1.51963 , 1.0482 , 1.3683 , 1.50575 , 2.04849 , 1.95243 , 0.634316 , 0.805225 , 1.44322 , 0.920574 , 1.40777 , 0.361231 , 0.580587 , 1.27404 , 1.67506 , 1.5318 , 2.01828 , 0.679831 , 1.16202 , 0.616979 , 1.15048 , 1.72703 , 1.14013 , 1.26549 , 1.13493 , 1.30203 , 1.67258 , 1.47534 , 1.26877 , 0.629685 , 1.81302 , 0.631741 , 0.817542 , 0.297002 , 0.82594 , 0.710966 , 0.953236 , 1.52376 , 0.727904 , 1.49459 , 0.849813 , 1.06901 , 1.05822 , 0.447306 , 1.6882 , 1.20764 , 0.441802 , 0.963153 , 0.840415 , 2.41021 , 1.22034 , 1.70115 , 0.970183 , 0.984481 , 0.84387 , 1.25032 , 1.20388 , 0.531747 , 2.70669 , 0.928023 , 0.725276 , 0.858753 , 5.56824 , 1.17181 , 1.65673 , 1.30348 , 0.92658 , 1.29964 , 1.30062 , 2.83941 , 2.05753 , 0.407166 , 1.15159 , 0.956592 , 0.554624 , 0.60148 , 1.89082 , 1.61711 , 0.929282 , 1.0509 , 0.665731 , 0.895187 , 1.43029 , 0.907445 , 0.326482 , 0.757991 , 1.01467 , 2.41296 , 0.842493 , 0.743225 , 1.07807 , 2.12946 , 2.55633 , 0.762907 , 1.17873 , 1.72258 , 1.00229 , 0.840715 , 0.812526 , 1.0171 , 0.869719 , 0.74245 , 0.993446 , 1.17029 , 1.01662 , 1.87018 , 1.19265 , 0.738156 , 0.789497 , 0.779821 , 0.678232 , 0.821811 , 1.18654 , 2.20344 , 0.594763 , 1.74927 , 0.506706 , 0.542849 , 1.00624 , 1.66906 , 0.896965 , 0.88211 , 1.11522 , 1.65655 , 1.34266 , 1.31515 , 0.899175 , 0.68235 , 1.61136 , 0.579676 , 2.28288 , 1.14603 , 1.20212 , 0.928082 , 2.86887 , 2.38419 , 0.528704 , 1.19081 , 1.41344 , 0.525376 , 1.0678 , 1.78477 , 0.97966 , 1.84052 , 1.12755 , 0.506555 , 0.701833 , 0.522332 , 0.938744 , 1.5228 , 0.983929 , 0.614807 , 1.96779 , 1.96169 , 1.27604 , 0.759106 , 1.0976 , 1.62181 , 1.53855 , 0.6823 , 0.903991 , 0.795806 , 1.19419 , 1.81167 , 1.18202 , 1.59341 , 1.06608 , 0.707419 , 0.911561 , 1.41285 , 0.636855 , 0.891171 , 2.58765 , 0.573311 , 0.857645 , 0.809835 , 0.877614 , 1.17105 , 2.23829 , 2.4798 , 0.825046 , 1.78603 , 0.807461 , 0.901441 , 0.659012 , 1.50581 , 1.12892 , 0.64369 , 2.29751 , 0.713945 , 0.551076 , 0.315331 , 1.68856 , 2.50851 , 1.56978 , 1.36499 , 0.563466 , 1.58035 , 0.721692 , 0.950135 , 1.96642 , 1.61177 , 0.797648 , 1.00871 , 1.29018 , 1.70618 , 0.784231 , 0.256851 , 0.894271 , 0.620051 , 2.25557 , 1.74053 , 1.21149 , 1.21503 , 0.686557 , 0.480925 , 1.5603 , 0.627812 , 0.695115 , 1.18828 , 1.68076 , 0.832932 , 0.573268 , 1.53678 , 1.03731 , 0.883844 , 1.79324 , 0.748151 , 1.19789 , 1.16055 , 1.25893 , 0.734676 , 1.43791 , 0.580124 , 0.538528 , 1.15819 , 1.40601 , 1.55023 , 2.37334 , 1.05544 , 0.547839 , 1.06941 , 1.75221 , 0.496806 , 0.904346 , 2.18749 , 1.10718 , 0.98846 , 0.491093 , 1.43078 , 2.50906 , 0.6751 , 0.74376 , 0.977661 , 1.00765 , 1.28718 , 1.23397 , 0.943547 , 1.68221 , 1.20662 , 1.09165 , 0.319506 , 1.41483 , 1.65853 , 1.50218 , 1.00336 , 1.21612 , 1.02883 , 1.46936 , 0.788134 , 3.64637 , 0.928237 , 0.903041 , 0.68422 , 1.32865 , 2.049 , 1.14952 , 1.15795 , 2.87709 , 1.21556 , 0.821612 , 0.798476 , 0.513976 , 0.571722 , 2.61364 , 1.49162 , 1.22438 , 0.713662 , 0.666373 , 1.71994 , 0.72173 , 1.0944 , 0.930674 , 1.93386 , 1.94717 , 0.982928 , 0.904762 , 1.60805 , 0.739099 , 1.99784 , 1.23301 , 0.734487 , 1.11137 , 0.609531 , 1.24413 , 1.42402 , 0.860828 , 1.60353 , 0.719145 , 0.603782 , 0.73594 , 1.1794 , 2.66135 , 1.2234 , 0.540609 , 0.768342 , 1.59061 , 1.38385 , 2.05792 , 1.12538 , 1.26922 , 1.25269 , 3.12688 , 0.544305 , 1.18017 , 0.623645 , 0.801593 , 1.62327 , 1.25868 , 2.76277 , 0.919813 , 2.73004 , 