avg1=[0.551108 , 0.754779 , 1.13171 , 0.54751 , 1.17338 , 1.47376 , 0.895968 , 0.527878 , 1.09252 , 0.492076 , 0.549244 , 0.886559 , 1.16927 , 0.800168 , 3.66885 , 1.0902 , 1.31173 , 1.26744 , 0.830965 , 1.02801 , 0.963286 , 0.677352 , 1.12301 , 1.1773 , 2.40595 , 1.22545 , 0.361133 , 1.39407 , 0.51665 , 1.57125 , 1.11488 , 0.606556 , 1.69125 , 1.0772 , 2.47709 , 0.482893 , 1.36911 , 0.406083 , 3.44539 , 1.13092 , 1.26301 , 0.46443 , 1.23472 , 0.813888 , 2.75748 , 0.400739 , 1.16628 , 0.951687 , 0.815894 , 0.375991 , 0.335089 , 0.65181 , 0.899447 , 1.53065 , 0.24145 , 1.32039 , 2.39027 , 2.50004 , 1.87812 , 1.41867 , 1.22044 , 1.17916 , 3.98332 , 1.64937 , 0.656892 , 0.545168 , 0.896269 , 1.43172 , 1.01539 , 0.427144 , 1.70025 , 1.30742 , 1.63931 , 1.05169 , 0.456821 , 1.77261 , 2.22424 , 1.43946 , 1.17058 , 2.12849 , 2.03478 , 1.36327 , 1.7911 , 1.61716 , 0.647131 , 1.48775 , 1.04767 , 1.00195 , 0.571041 , 0.426813 , 0.941196 , 1.20058 , 1.40814 , 0.879537 , 0.576486 , 1.49258 , 1.51329 , 1.67601 , 1.25231 , 0.647442 , 0.869167 , 0.837701 , 0.54666 , 0.91196 , 0.997559 , 0.89976 , 3.18519 , 1.51484 , 1.21913 , 1.33072 , 0.65789 , 0.324711 , 1.77866 , 1.40586 , 0.643564 , 1.44321 , 0.96405 , 1.25461 , 0.969144 , 1.3205 , 0.273373 , 0.428788 , 1.13226 , 1.14495 , 1.82203 , 1.38582 , 1.30188 , 0.935055 , 1.25739 , 0.475371 , 0.847071 , 1.20695 , 1.32999 , 1.62248 , 0.99796 , 0.868473 , 1.83501 , 0.678806 , 2.92119 , 1.12711 , 1.02287 , 0.460813 , 1.68984 , 1.59146 , 0.637946 , 1.29894 , 1.17439 , 0.623514 , 1.64769 , 1.31378 , 0.952905 , 0.843156 , 0.500412 , 2.59368 , 0.926782 , 0.979622 , 1.63583 , 2.25233 , 1.05988 , 1.19736 , 1.28023 , 0.562515 , 0.999249 , 1.97793 , 2.62888 , 0.948749 , 1.00538 , 0.391367 , 1.06102 , 0.624468 , 1.8099 , 0.611418 , 1.30432 , 0.96569 , 1.19031 , 1.12105 , 0.789581 , 1.14945 , 1.17613 , 4.10849 , 1.96349 , 0.845594 , 0.599319 , 1.62743 , 1.22191 , 3.70172 , 2.36266 , 0.756428 , 0.652522 , 1.90163 , 0.565082 , 1.19803 , 1.36843 , 0.556592 , 1.17587 , 2.03068 , 1.04991 , 2.71641 , 2.27121 , 1.85171 , 1.57658 , 1.1959 , 0.804507 , 1.75533 , 3.21904 , 2.39061 , 0.796254 , 0.895715 , 0.630447 , 0.402741 , 0.521826 , 1.40854 , 1.46945 , 1.36687 , 0.738763 , 1.19235 , 1.61787 , 2.4979 , 0.539294 , 0.813152 , 0.348784 , 0.720876 , 1.27484 , 1.69569 , 1.33377 , 0.690985 , 0.694265 , 0.956847 , 0.750735 , 0.366285 , 0.912958 , 1.28905 , 0.746833 , 1.34968 , 0.778051 , 1.79244 , 1.36972 , 0.73397 , 1.29988 , 0.704862 , 0.787586 , 1.17955 , 1.87828 , 0.713617 , 0.671482 , 1.07249 , 1.17899 , 0.994855 , 0.992506 , 1.47529 , 0.578182 , 1.59677 , 1.62598 , 3.4042 , 1.92357 , 1.4445 , 1.82845 , 2.80312 , 1.32122 , 0.234116 , 1.09281 , 2.69274 , 2.64017 , 1.99736 , 1.0808 , 0.629275 , 1.39924 , 1.08183 , 0.565004 , 1.26806 , 0.38406 , 1.29159 , 1.39168 , 0.993218 , 1.60327 , 0.544866 , 1.37311 , 1.80298 , 0.800188 , 0.39956 , 0.597183 , 1.65104 , 2.55618 , 1.53258 , 3.08121 , 1.23751 , 0.836572 , 1.88979 , 2.78469 , 1.16382 , 0.887661 , 1.60676 , 0.368272 , 2.14073 , 1.72355 , 1.36356 , 1.14743 , 1.5235 , 0.822287 , 0.68212 , 0.607969 , 0.71196 , 1.58005 , 0.602972 , 0.647132 , 0.489424 , 1.98603 , 1.48871 , 0.715923 , 1.4311 , 1.39422 , 0.953282 , 0.91696 , 0.408154 , 0.669845 , 0.743491 , 1.5893 , 1.17718 , 0.599198 , 0.671891 , 1.85404 , 1.3914 , 1.63826 , 0.751072 , 1.14317 , 0.68587 , 1.23318 , 0.955103 , 1.26603 , 2.0425 , 0.949178 , 0.607173 , 0.832596 , 0.72621 , 1.56288 , 1.26567 , 1.89601 , 1.2896 , 1.02816 , 2.14447 , 3.4841 , 1.27334 , 0.905988 , 0.81838 , 1.09193 , 2.66483 , 2.65237 , 1.81226 , 1.17582 , 2.63645 , 1.54247 , 1.19953 , 0.803372 , 0.727924 , 0.720855 , 0.98185 , 1.15463 , 0.581564 , 1.56641 , 1.71804 , 0.452404 , 0.676936 , 0.915981 , 1.67918 , 1.06557 , 1.18704 , 0.523112 , 0.658399 , 0.896909 , 1.83924 , 0.394514 , 0.755934 , 0.917338 , 0.534886 , 0.86754 , 1.21496 , 0.505592 , 1.89817 , 0.919603 , 0.846755 , 0.987553 , 0.805742 , 2.81125 , 3.54269 , 1.41423 , 1.02348 , 1.25133 , 2.75162 , 0.998305 , 2.09064 , 1.16441 , 0.609419 , 1.63031 , 1.40833 , 0.707306 , 1.20354 , 1.58591 , 1.28394 , 4.14383 , 0.951758 , 0.855991 , 0.658968 , 2.19682 , 1.10454 , 2.11988 , 0.510705 , 0.275368 , 0.657059 , 0.961874 , 3.04885 , 0.577539 , 0.313258 , 0.389003 , 1.49052 , 2.2925 , 0.843299 , 0.872835 , 1.20172 , 0.94583 , 0.519178 , 3.53456 , 0.352462 , 0.955624 , 2.5347 , 1.51014 , 0.590647 , 0.497863 , 0.316643 , 1.12272 , 0.743318 , 0.894828 , 1.25427 , 0.756063 , 0.506202 , 1.22725 , 1.78128 , 0.826953 , 0.42646 , 1.43917 , 0.63269 , 1.30648 , 0.584205 , 1.12097 , 1.54052 , 0.692901 , 1.30216 , 1.61848 , 1.35097 , 1.11991 , 1.80613 , 1.39514 , 1.35522 , 0.575935 , 1.01047 , 0.415869 , 1.16926 , 0.727026 , 1.79085 , 1.60974 , 1.58293 , 0.77154 , 1.39417 , 0.963653 , 0.799193 , 1.94347 , 1.82477 , 1.39642 , 1.51431 , 0.895814 , 0.936491 , 0.885016 , 2.26712 , 0.811365 , 3.16459 , 2.71021 , 3.56442 , 2.94947 , 0.722765 , 0.737104 , 0.467957 , 0.645254 , 0.955179 , 0.976028 , 1.25393 , 1.01971 , 5.40199 , 2.5285 , 1.19932 , 2.11236 , 0.380735 , 1.79025 , 0.683116 , 1.46266 , 1.27787 , 1.25073 , 0.651184 , 1.21219 , 0.759365 , 1.45088 , 1.62858 , 0.962348 , 0.956156 , 0.841464 , 0.890948 , 1.23461 , 0.745892 , 2.32175 , 0.600448 , 2.32114 , 1.55357 , 0.805172 , 1.01415 , 0.728747 , 1.14541 , 0.928484 , 2.139 , 0.628617 , 0.617603 , 0.974827 , 2.29379 , 1.49215 , 1.00292 , 1.19803 , 1.17858 , 1.4477 , 0.545717 , 0.458974 , 2.20431 , 1.15333 , 1.19698 , 0.474645 , 1.087 , 0.541758 , 4.1328 , 1.71506 , 1.43663 , 1.32796 , 0.895216 , 2.46045 , 1.44047 , 1.50683 , 1.53905 , 2.27075 , 0.655594 , 0.610222 , 0.864687 , 0.585663 , 1.7332 , 4.00314 , 1.12573 , 1.05297 , 0.993576 , 1.86986 , 1.3714 , 0.469941 , 0.834064 , 1.45565 , 0.938831 , 1.26608 , 1.11367 , 0.639703 , 1.65027 , 1.30082 , 2.24323 , 1.91577 , 0.919538 , 1.642 , 2.55725 , 3.05776 , 0.6791 , 0.694994 , 2.4398 , 0.864705 , 0.899055 , 1.0634 , 0.806058 , 1.37261 , 1.05546 , 1.69774 , 0.529516 , 1.291 , 0.735148 , 3.2741 , 0.993203 , 0.491934 , 0.436819 , 0.691672 , 0.78566 , 0.856133 , 2.41412 , 0.795321 , 3.12532 , 0.858762 , 1.13229 , 0.736049 , 1.63999 , 0.647199 , 0.844358 , 1.26293 , 0.714085 , 0.863773 , 2.20707 , 1.65821 , 0.886344 , 1.3907 , 0.954271 , 0.485661 , 1.01944 , 1.98561 , 0.874156 , 0.195491 , 1.1497 , 1.13845 , 0.372562 , 2.29548 , 1.22931 , 0.684645 , 3.12136 , 1.21385 , 1.4113 , 3.4436 , 1.67822 , 0.42069 , 0.71579 , 1.11176 , 1.52179 , 0.910606 , 2.20824 , 0.700335 , 1.37243 , 0.551816 , 1.00838 , 0.787505 , 1.41598 , 0.823655 , 1.08821 , 2.49266 , 0.433868 , 0.908103 , 2.53418 , 2.86242 , 1.71732 , 1.78384 , 6.19598 , 1.27019 , 0.889649 , 0.316576 , 1.23671 , 1.78674 , 0.509765 , 1.21624 , 0.497453 , 0.267993 , 1.92051 , 0.796941 , 1.34853 , 0.709349 , 1.40345 , 1.49315 , 0.631562 , 1.04069 , 0.565625 , 0.889638 , 1.19381 , 1.13009 , 0.775524 , 0.823872 , 0.798591 , 0.746037 , 1.14781 , 1.07474 , 1.10802 , 0.956836 , 1.81791 , 0.665803 , 0.668706 , 1.88859 , 1.23931 , 1.23069 , 1.13081 , 0.760345 , 1.85675 , 1.40528 , 3.38692 , 0.433947 , 0.857226 , 2.07798 , 0.790212 , 1.51954 , 2.23138 , 0.679385 , 2.73053 , 0.520369 , 1.46563 , 0.403069 , 1.42069 , 0.856211 , 0.98964 , 0.98177 , 0.632968 , 1.66068 , 0.898387 , 4.46771 , 5.06172 , 0.87846 , 1.21287 , 0.788049 , 2.87417 , 2.13992 , 0.984647 , 0.682557 , 0.429581 , 2.29602 , 0.365255 , 1.81797 , 1.60587 , 0.791792 , 0.325369 , 0.769414 , 1.10535 , 0.564636 , 3.26256 , 0.616668 , 0.834585 , 1.19114 , 2.22644 , 1.96458 , 0.899909 , 2.51652 , 1.32254 , 1.08599 , 1.03802 , 0.805952 , 2.15013 , 0.552768 , 0.722578 , 6.61416 , 0.746654 , 0.309463 , 1.20179 , 0.794348 , 1.1065 , 1.25885 , 1.15355 , 4.05815 , 0.463443 , 1.32872 , 0.487169 , 0.275829 , 0.931818 , 1.02348 , 0.81871 , 4.01202 , 1.49578 , 0.787859 , 0.764059 , 0.549498 , 1.09016 , 0.418239 , 0.848101 , 1.31282 , 2.00712 , 0.82198 , 1.08658 , 0.548005 , 1.27048 , 1.41299 , 2.66087 , 0.904754 , 2.37067 , 2.08204 , 0.737713 , 1.81274 , 