avg1=[2.2677 , 1.35533 , 3.65541 , 2.00293 , 1.09134 , 2.78561 , 0.912479 , 0.33284 , 0.417003 , 0.946253 , 0.57381 , 3.17085 , 1.76846 , 1.76909 , 0.738455 , 0.585265 , 0.798747 , 1.04694 , 1.04839 , 0.958861 , 0.993425 , 1.76651 , 0.819629 , 0.616785 , 4.13171 , 1.83571 , 1.53511 , 0.991742 , 1.42326 , 0.524106 , 1.01205 , 3.31186 , 1.47507 , 2.09242 , 2.33893 , 0.90581 , 1.62027 , 1.06031 , 1.26915 , 3.46848 , 1.3169 , 0.859173 , 2.3042 , 1.41839 , 0.938398 , 4.33781 , 10.2189 , 0.944838 , 0.555564 , 0.443373 , 1.35239 , 0.70606 , 0.797563 , 1.76572 , 0.641621 , 0.958645 , 0.148894 , 2.52367 , 0.923521 , 1.74714 , 0.758817 , 0.637668 , 1.19995 , 1.03324 , 3.2452 , 1.05887 , 1.57992 , 0.529553 , 1.00644 , 0.42783 , 0.774513 , 0.564959 , 1.84314 , 1.82694 , 2.2129 , 4.84043 , 0.789101 , 2.06271 , 0.360042 , 1.36069 , 0.876405 , 1.7605 , 4.28968 , 1.62408 , 0.65761 , 1.04297 , 0.957293 , 4.41646 , 3.20894 , 1.51199 , 1.20605 , 1.02449 , 1.74126 , 0.62621 , 0.814816 , 1.05696 , 0.86629 , 1.32655 , 0.860657 , 0.28664 , 2.03361 , 0.575185 , 1.48598 , 1.00348 , 0.612644 , 1.11377 , 1.69495 , 0.900055 , 1.14067 , 0.760085 , 1.08296 , 0.455645 , 1.29322 , 1.89948 , 0.684973 , 0.800112 , 0.830791 , 1.58206 , 0.419565 , 1.01607 , 0.847182 , 0.846449 , 0.642127 , 0.521423 , 1.30152 , 0.51317 , 1.08509 , 0.819983 , 0.778957 , 1.60825 , 0.259966 , 1.54269 , 1.79456 , 1.10565 , 1.33205 , 0.707003 , 1.52721 , 0.396696 , 2.51189 , 0.603411 , 1.86847 , 0.983594 , 3.99949 , 0.785627 , 1.92287 , 1.59604 , 0.571669 , 2.19509 , 0.578251 , 3.07883 , 1.07101 , 0.569364 , 0.233021 , 0.783602 , 1.50385 , 0.489756 , 1.86742 , 0.867256 , 3.35414 , 1.98826 , 3.21043 , 0.425334 , 1.9816 , 0.753396 , 4.73732 , 0.958822 , 0.92834 , 1.38721 , 1.11831 , 0.812534 , 1.67985 , 1.10047 , 0.849907 , 0.62996 , 0.261993 , 0.591945 , 0.82578 , 0.81718 , 0.165998 , 2.63705 , 0.721653 , 0.927727 , 0.98493 , 1.21903 , 2.00534 , 2.75259 , 0.924989 , 1.25732 , 0.496952 , 1.72325 , 1.46699 , 1.16119 , 0.388868 , 1.31071 , 1.49926 , 0.38529 , 0.714678 , 0.770493 , 0.876776 , 1.05981 , 2.0186 , 2.11287 , 2.57583 , 1.13253 , 1.91741 , 0.495185 , 1.27869 , 0.839184 , 1.69908 , 0.499628 , 0.652871 , 1.33914 , 1.45996 , 1.22351 , 1.3568 , 0.232073 , 1.62488 , 1.1852 , 2.20499 , 2.44783 , 0.63401 , 0.867494 , 1.02706 , 0.900912 , 0.596346 , 0.268051 , 1.04082 , 0.537978 , 0.568017 , 0.457458 , 0.875879 , 1.4153 , 4.88527 , 2.89214 , 2.07407 , 0.973067 , 2.31818 , 1.48129 , 0.576321 , 0.346714 , 0.272992 , 0.501252 , 1.31163 , 0.605312 , 0.794573 , 2.18913 , 2.47746 , 1.59271 , 0.719982 , 0.553718 , 0.164757 , 0.645612 , 0.259343 , 0.302336 , 1.04809 , 1.94066 , 1.01676 , 0.79214 , 0.441397 , 2.53375 , 1.59425 , 1.22491 , 1.96273 , 0.409618 , 1.07364 , 4.95172 , 0.929029 , 1.09063 , 0.592256 , 0.651391 , 0.34878 , 0.876656 , 0.713567 , 1.87044 , 0.732979 , 0.633641 , 1.85026 , 0.904366 , 0.79608 , 1.24235 , 0.81137 , 1.45292 , 0.399999 , 4.00832 , 0.935229 , 0.933953 , 1.39624 , 1.65172 , 0.506681 , 0.970565 , 0.414177 , 0.886347 , 0.618969 , 1.35904 , 0.9917 , 0.77767 , 1.24812 , 1.41017 , 0.281995 , 1.19428 , 0.887003 , 1.40814 , 3.00944 , 1.46793 , 0.128764 , 0.567021 , 4.2566 , 1.66449 , 1.07916 , 0.517882 , 3.83179 , 1.44258 , 1.31377 , 1.11285 , 1.21869 , 1.08729 , 1.0902 , 3.60695 , 9.76465 , 0.820875 , 0.923581 , 0.743043 , 1.1398 , 0.791984 , 1.85496 , 1.29341 , 1.20995 , 0.520744 , 5.12085 , 1.26635 , 2.39587 , 0.781887 , 1.49579 , 0.776569 , 0.676069 , 0.576375 , 1.82361 , 0.986566 , 0.870932 , 1.79313 , 2.80605 , 1.53639 , 0.282213 , 0.697084 , 1.5583 , 3.33976 , 0.493103 , 0.737961 , 0.689327 , 0.746854 , 0.344056 , 1.55527 , 1.90599 , 0.771113 , 1.11169 , 1.02882 , 2.08202 , 2.14404 , 0.868301 , 1.46678 , 2.82699 , 1.0448 , 2.65773 , 0.626374 , 1.05873 , 0.613297 , 1.69396 , 2.773 , 1.08917 , 0.30673 , 1.99413 , 0.360582 , 0.916157 , 1.96758 , 1.40509 , 0.568867 , 0.485636 , 1.87261 , 1.51425 , 1.56174 , 4.32014 , 1.14185 , 0.448281 , 1.087 , 2.47406 , 0.712431 , 1.20919 , 1.89942 , 2.01372 , 0.931771 , 0.836344 , 1.92837 , 3.53205 , 0.283032 , 0.552392 , 1.74203 , 0.759469 , 0.764132 , 0.445907 , 1.00496 , 0.875392 , 0.616279 , 0.910201 , 2.95445 , 1.98542 , 0.872135 , 1.01102 , 1.41908 , 0.728649 , 0.588245 , 0.582707 , 3.01815 , 1.78851 , 3.79799 , 1.12779 , 0.150993 , 1.41914 , 0.467308 , 0.391019 , 1.14639 , 0.678168 , 0.465717 , 0.632412 , 1.20162 , 0.570022 , 0.92833 , 1.27666 , 0.997188 , 0.482682 , 0.339037 , 2.86503 , 0.53015 , 0.30898 , 1.55908 , 0.799569 , 0.586281 , 1.38654 , 0.849567 , 0.878436 , 0.851846 , 0.926749 , 4.62267 , 0.370209 , 1.56105 , 1.48645 , 1.6081 , 1.17556 , 0.5956 , 1.20375 , 4.69337 , 1.3795 , 1.41101 , 1.40488 , 1.30203 , 1.16524 , 0.993112 , 3.87768 , 0.861435 , 2.14043 , 0.948534 , 2.13158 , 1.17457 , 1.47616 , 0.251473 , 1.23864 , 2.35264 , 2.24872 , 0.884573 , 0.971356 , 1.90729 , 0.459382 , 0.599846 , 2.36479 , 1.50501 , 2.244 , 3.5957 , 1.07948 , 0.666971 , 1.38133 , 0.608844 , 2.25573 , 0.665184 , 0.565507 , 1.37828 , 0.780257 , 1.99705 , 8.26378 , 1.99184 , 1.12217 , 1.26273 , 1.15179 , 0.501373 , 1.57454 , 0.898026 , 0.969677 , 1.06309 , 0.609222 , 0.538743 , 1.43928 , 0.387415 , 0.639239 , 0.847986 , 0.479965 , 0.841925 , 8.61214 , 1.00026 , 0.942998 , 3.05178 , 0.60084 , 1.26593 , 0.451282 , 0.516626 , 1.20434 , 3.59722 , 0.6218 , 1.0688 , 0.905108 , 0.197098 , 0.895889 , 0.708785 , 0.379215 , 1.58122 , 0.784342 , 0.85288 , 0.649158 , 1.10165 , 1.21451 , 0.96677 , 1.02518 , 1.55093 , 0.84123 , 0.64586 , 0.907091 , 0.692932 , 0.965177 , 1.34873 , 0.813322 , 1.27151 , 0.835213 , 1.0585 , 1.79345 , 1.10392 , 0.257939 , 0.903458 , 0.725331 , 0.590922 , 2.29963 , 1.2425 , 0.494803 , 0.452923 , 2.10151 , 2.36485 , 1.05261 , 1.87682 , 0.294544 , 1.03177 , 0.452151 , 0.824479 , 1.4892 , 0.535345 , 0.352242 , 0.988503 , 5.19102 , 1.57849 , 0.563136 , 1.04166 , 0.281372 , 1.93212 , 0.688528 , 3.16823 , 1.20889 , 1.07447 , 2.50013 , 0.412558 , 1.23607 , 1.36673 , 0.425784 , 0.882718 , 2.22106 , 2.37109 , 0.941349 , 0.892682 , 1.30981 , 1.85679 , 0.390907 , 0.614931 , 0.562202 , 1.08683 , 2.9106 , 0.751167 , 0.596112 , 2.92026 , 2.14413 , 0.506194 , 1.31112 , 0.760312 , 0.642583 , 0.832812 , 0.804476 , 0.654541 , 0.52279 , 2.01916 , 3.61394 , 4.3434 , 2.07391 , 0.298297 , 1.20558 , 1.51864 , 1.15999 , 0.695497 , 2.05371 , 1.72843 , 0.785062 , 1.35833 , 1.20893 , 3.27874 , 1.54768 , 0.508072 , 1.56939 , 0.793616 , 1.29496 , 1.63713 , 0.647744 , 0.244186 , 1.22067 , 0.569222 , 1.0631 , 1.03949 , 0.736416 , 0.520373 , 0.999335 , 0.961438 , 1.35828 , 0.307213 , 1.08833 , 1.10254 , 1.53247 , 0.722971 , 1.87207 , 1.37517 , 4.76895 , 2.51959 , 3.21144 , 1.22796 , 3.71198 , 0.827494 , 1.69078 , 1.08414 , 4.06518 , 0.984055 , 1.20828 , 1.87987 , 1.27622 , 2.80068 , 0.699435 , 1.98476 , 2.18315 , 2.31007 , 1.71231 , 0.757938 , 1.12552 , 1.50649 , 1.06234 , 0.77702 , 1.33196 , 3.89775 , 2.36901 , 0.484666 , 0.629846 , 2.87416 , 0.627847 , 1.02156 , 1.10843 , 1.93402 , 0.726238 , 2.14924 , 2.76285 , 0.951174 , 0.771593 , 1.3007 , 0.701443 , 1.77286 , 1.43801 , 2.38787 , 1.8529 , 1.29917 , 1.22085 , 1.48677 , 2.67434 , 0.836806 , 0.745158 , 0.614496 , 0.93537 , 2.50857 , 1.49157 , 0.877303 , 5.49942 , 0.367396 , 0.43093 , 0.743057 , 0.397886 , 1.06112 , 1.10082 , 1.13865 , 0.976701 , 1.16247 , 1.66384 , 0.48246 , 2.54247 , 0.585551 , 2.50851 , 1.52588 , 1.69946 , 0.174834 , 0.943261 , 0.936593 , 1.73814 , 0.63879 , 1.40897 , 0.593905 , 1.50697 , 2.50362 , 0.404593 , 0.235316 , 1.93532 , 1.89628 , 1.48619 , 1.07325 , 0.786187 , 1.0442 , 0.567475 , 0.844984 , 1.60219 , 1.14788 , 1.01499 , 1.88388 , 4.62995 , 0.860568 , 1.07488 , 1.04816 , 1.30978 , 1.92304 , 1.27817 , 0.615147 , 1.85465 , 0.854662 , 1.4187 , 0.959841 , 0.488201 , 0.341053 , 0.475126 , 1.99398 , 0.477167 , 1.00905 , 0.828767 , 2.89318 , 1.0957 , 3.87464 , 0.194229 , 0.720539 , 1.50921 , 1.0001 , 1.6262 , 1.97891 , 1.05041 , 0.907654 , 1.10111 , 2.11276 , 3.30827 , 0.337149 , 2.22571 , 3.17251 , 0.351 