avg1=[1.01605 , 1.59712 , 0.83039 , 0.515659 , 0.708426 , 0.930247 , 0.944688 , 0.902063 , 1.4442 , 0.705671 , 0.945691 , 0.987267 , 0.608278 , 0.704538 , 0.735697 , 0.694646 , 0.704176 , 1.48126 , 1.86288 , 0.721192 , 1.84702 , 0.736354 , 1.26336 , 1.43532 , 1.69913 , 1.0425 , 0.938609 , 0.834915 , 1.15315 , 1.22752 , 1.06337 , 1.06645 , 1.77547 , 1.02671 , 0.800979 , 0.654068 , 0.636747 , 1.09756 , 1.38521 , 1.96948 , 1.46664 , 1.21891 , 0.881176 , 0.881007 , 0.776891 , 0.950077 , 0.631043 , 0.678687 , 1.00004 , 1.45033 , 0.846802 , 1.10748 , 0.767575 , 0.544364 , 0.6917 , 1.25146 , 1.48804 , 1.21757 , 1.20372 , 0.974626 , 0.929399 , 0.912403 , 0.94107 , 0.991602 , 0.840302 , 1.39599 , 0.974717 , 1.80054 , 1.13152 , 1.03811 , 0.91649 , 1.00252 , 1.11121 , 1.63491 , 1.08317 , 0.937235 , 1.462 , 1.37143 , 1.02366 , 0.938632 , 1.45402 , 1.01291 , 0.804391 , 0.831199 , 0.74202 , 0.958724 , 0.97295 , 0.563077 , 1.39399 , 1.48203 , 0.828829 , 1.09103 , 1.17296 , 1.43088 , 0.885374 , 1.44544 , 1.08209 , 1.32045 , 0.797408 , 1.09393 , 1.1662 , 1.08459 , 1.16408 , 1.35077 , 2.33832 , 0.748271 , 1.23589 , 1.0186 , 1.049 , 1.52887 , 0.808127 , 1.59842 , 0.65534 , 0.954693 , 1.036 , 1.12494 , 0.866439 , 0.942139 , 0.909183 , 1.06837 , 1.20204 , 0.767731 , 0.747371 , 0.86335 , 0.534103 , 0.938744 , 0.675777 , 1.15224 , 0.843698 , 0.822935 , 1.19399 , 0.841469 , 1.01405 , 1.34076 , 0.942434 , 0.648085 , 0.963816 , 1.27795 , 0.828258 , 1.24841 , 0.860543 , 1.16946 , 1.30518 , 1.32997 , 1.21763 , 1.52776 , 1.17741 , 0.952925 , 1.02285 , 0.643263 , 1.26324 , 1.45231 , 1.05219 , 0.817385 , 1.20232 , 1.31655 , 1.37662 , 0.614827 , 0.861546 , 1.03294 , 1.14157 , 1.26104 , 0.992436 , 0.974387 , 0.669756 , 1.06276 , 1.3125 , 1.55267 , 0.778213 , 1.3633 , 0.792835 , 1.39434 , 0.670788 , 0.811571 , 1.78825 , 1.40536 , 1.29388 , 0.954427 , 0.870969 , 0.89571 , 1.29559 , 1.20726 , 0.771115 , 0.767848 , 0.972084 , 1.44516 , 0.763885 , 0.900079 , 1.70408 , 0.847111 , 1.10898 , 0.996617 , 1.01568 , 1.08055 , 0.872443 , 1.07064 , 0.434668 , 1.36579 , 0.847237 , 1.09381 , 1.4218 , 1.24631 , 1.0575 , 1.22613 , 1.13304 , 1.09736 , 1.2041 , 1.10601 , 1.56437 , 1.87791 , 0.841011 , 1.0449 , 0.850737 , 1.07272 , 0.811204 , 1.10286 , 0.631514 , 0.61123 , 0.807661 , 1.05365 , 0.740444 , 0.790049 , 0.954336 , 1.38734 , 1.32561 , 1.39823 , 1.18907 , 1.08757 , 0.985546 , 1.47489 , 2.10698 , 1.06737 , 1.18422 , 1.0779 , 0.723674 , 0.910401 , 0.917674 , 0.991877 , 1.22579 , 1.15405 , 1.02909 , 1.2409 , 0.807845 , 1.17875 , 1.59443 , 0.601763 , 1.21359 , 0.926648 , 0.761558 , 1.62538 , 0.705158 , 0.685215 , 1.29369 , 1.28609 , 1.29505 , 0.845466 , 1.41779 , 0.76104 , 0.660152 , 1.16451 , 1.33332 , 1.35688 , 0.676036 , 0.678297 , 0.828003 , 1.10421 , 1.52615 , 0.648003 , 1.5862 , 0.817892 , 1.32844 , 1.27316 , 1.26857 , 0.700846 , 1.17454 , 0.937066 , 0.903577 , 0.691018 , 0.926113 , 0.570333 , 0.619944 , 1.55318 , 0.970887 , 0.941591 , 1.27062 , 0.834098 , 0.822823 , 0.973497 , 0.846951 , 0.809002 , 1.0389 , 1.01465 , 0.958402 , 1.27959 , 0.815057 , 1.27841 , 1.113 , 0.904986 , 0.843952 , 0.690096 , 0.83826 , 0.834628 , 0.615201 , 0.967939 , 1.43259 , 1.01241 , 1.30736 , 1.07427 , 0.800207 , 0.834958 , 1.15426 , 1.011 , 1.35546 , 0.977113 , 1.3929 , 0.80464 , 2.08349 , 0.852464 , 0.702357 , 1.24506 , 1.0641 , 1.2605 , 1.04138 , 0.7104 , 1.62509 , 0.95056 , 1.17011 , 0.806961 , 0.701638 , 0.576514 , 0.754061 , 1.75231 , 1.14971 , 0.939644 , 1.26178 , 0.392301 , 1.30388 , 0.680757 , 0.846656 , 0.959433 , 1.04776 , 0.743867 , 1.09491 , 1.57064 , 0.955766 , 1.5482 , 1.00443 , 0.535065 , 1.19461 , 0.907579 , 1.32328 , 0.925196 , 1.04926 , 1.35412 , 1.27411 , 0.768284 , 0.896261 , 0.408328 , 0.910588 , 1.91778 , 1.62857 , 1.69711 , 1.00434 , 0.899529 , 1.08078 , 1.43356 , 0.83066 , 1.306 , 0.911756 , 1.09338 , 1.16756 , 0.935349 , 0.837654 , 0.744831 , 1.17814 , 0.670882 , 0.7566 , 0.908906 , 1.12432 , 1.16503 , 1.46687 , 1.11105 , 1.22325 , 0.852502 , 0.841628 , 0.592721 , 0.853741 , 1.07528 , 0.853138 , 1.09551 , 0.890428 , 0.737371 , 0.883214 , 1.32681 , 1.31117 , 1.16422 , 1.52653 , 0.624983 , 1.09211 , 0.962241 , 1.86034 , 1.45348 , 1.53698 , 1.93448 , 1.59702 , 1.39021 , 1.3521 , 1.02369 , 1.01036 , 2.23881 , 0.642869 , 0.623497 , 0.704658 , 0.725337 , 0.732221 , 1.38408 , 1.00016 , 0.585284 , 1.46976 , 0.834622 , 1.05557 , 0.845575 , 0.891205 , 0.84978 , 2.05537 , 1.37753 , 0.931457 , 0.842104 , 0.850753 , 0.408636 , 1.42186 , 0.910071 , 1.554 , 0.890623 , 1.39867 , 1.44821 , 1.1736 , 0.643242 , 1.2855 , 1.53796 , 1.15717 , 1.14576 , 1.2249 , 0.625445 , 1.53616 , 1.42133 , 2.04873 , 1.38603 , 1.23238 , 0.951364 , 0.713252 , 0.894017 , 1.22224 , 0.981654 , 0.799119 , 1.24762 , 1.60507 , 1.73522 , 1.06251 , 1.39567 , 1.12168 , 0.623942 , 0.923049 , 1.05499 , 1.1643 , 1.34204 , 1.96192 , 0.776957 , 0.841356 , 1.67468 , 1.97094 , 1.2954 , 1.20931 , 0.687948 , 0.975778 , 1.22964 , 1.01252 , 1.00477 , 1.36234 , 0.768998 , 1.04058 , 0.43128 , 0.941177 , 0.993481 , 0.979813 , 0.720567 , 0.49279 , 1.4876 , 1.68927 , 0.993147 , 0.919469 , 1.00035 , 1.05599 , 1.26745 , 1.12501 , 0.72181 , 0.480537 , 0.883955 , 0.948529 , 1.02926 , 0.811574 , 1.40468 , 0.905728 , 0.73 , 1.0526 , 1.13991 , 0.593924 , 1.02538 , 0.963551 , 2.99033 , 0.80627 , 0.912425 , 1.51723 , 1.01257 , 1.42413 , 0.973628 , 0.954868 , 0.969206 , 0.899052 , 1.48248 , 1.30763 , 0.96966 , 1.47341 , 1.87327 , 0.786305 , 1.0731 , 1.14407 , 1.09563 , 0.732475 , 0.914973 , 1.10593 , 0.794434 , 1.895 , 1.32117 , 0.999497 , 0.725911 , 1.77095 , 1.15378 , 1.69 , 1.40692 , 1.12718 , 1.34623 , 1.43178 , 0.942354 , 0.951959 , 1.04457 , 0.563283 , 0.657649 , 0.721346 , 1.31215 , 0.631094 , 1.16439 , 0.998527 , 1.19875 , 0.751645 , 1.63361 , 0.919764 , 1.92025 , 0.722912 , 0.911463 , 1.29648 , 1.11567 , 0.842126 , 0.516913 , 1.27747 , 0.967555 , 1.44297 , 0.786172 , 0.687507 , 0.75807 , 1.02821 , 1.41651 , 0.831035 , 0.987612 , 0.82204 , 0.829609 , 1.12238 , 0.61736 , 0.782935 , 0.980689 , 1.69231 , 0.710801 , 1.11259 , 0.56243 , 0.760572 , 1.18622 , 0.823118 , 1.07571 , 1.56898 , 0.934199 , 1.70838 , 1.15857 , 0.889074 , 0.817024 , 1.88474 , 1.06459 , 1.15545 , 0.747732 , 1.04808 , 0.819021 , 0.667521 , 1.27098 , 1.4893 , 1.301 , 0.822812 , 1.3019 , 0.666174 , 0.675673 , 0.836245 , 0.887237 , 0.784262 , 0.7558 , 1.03512 , 1.25181 , 0.955295 , 0.901092 , 1.37915 , 0.650109 , 0.908963 , 0.900452 , 1.40919 , 1.3131 , 0.935006 , 1.26023 , 1.48854 , 0.743299 , 1.82715 , 1.89176 , 1.50612 , 1.51789 , 0.759578 , 1.25978 , 0.910833 , 1.02052 , 1.26436 , 0.871001 , 1.04975 , 0.819747 , 0.876074 , 0.994568 , 0.602306 , 0.455261 , 0.972551 , 1.23595 , 0.984315 , 1.02779 , 1.17332 , 0.888786 , 0.780596 , 0.757242 , 0.757579 , 1.64207 , 1.0936 , 0.69228 , 0.90435 , 1.18103 , 2.2203 , 0.931135 , 1.25032 , 0.988942 , 0.697083 , 0.65401 , 0.99948 , 0.543905 , 0.775306 , 0.862968 , 1.42371 , 0.601309 , 1.06413 , 1.04497 , 1.03932 , 1.42819 , 0.692005 , 0.969558 , 0.76516 , 0.672042 , 1.05531 , 0.673267 , 1.17669 , 0.838834 , 1.33826 , 2.0667 , 1.16431 , 0.69462 , 0.897163 , 1.16751 , 0.8877 , 1.64619 , 1.22024 , 1.04228 , 1.09713 , 1.06911 , 0.919887 , 0.692823 , 0.871156 , 1.11138 , 0.828531 , 0.592014 , 1.3379 , 1.06413 , 1.49327 , 0.970286 , 1.49319 , 0.866345 , 0.748081 , 0.955409 , 1.21992 , 1.34833 , 0.760639 , 0.900605 , 1.02874 , 1.27172 , 1.44993 , 0.835179 , 0.660537 , 0.89903 , 1.31152 , 1.3403 , 1.11882 , 1.10109 , 0.751839 , 1.27038 , 1.00772 , 0.703335 , 0.708247 , 0.709127 , 1.16154 , 0.696484 , 1.29691 , 1.05291 , 0.934116 , 1.05048 , 1.15412 , 1.20841 , 0.826261 , 0.690178 , 1.53895 , 0.711488 , 1.47199 , 1.017 , 0.600261 , 0.85479 , 0.931799 , 0.861025 , 0.792691 , 1.14519 , 0.741107 , 0.855305 , 0.735755 , 0.922251 , 1.36165 , 1.59303 , 1.90368 , 1.08368 , 0.811274 , 1.00379 , 1.175 , 1.85978 , 1.08748 , 1.00015 , 0.840696 , 1.14234 , 0.495599 , 0.86627 , 0.961782 , 1.48252 , 0.725417 , 1.08587 , 0.99806 , 1.52896 , 1.00528 , 1.22014 , 1.3709 , 