avg1=[1.06474 , 0.557882 , 1.115 , 0.856861 , 0.992362 , 0.704527 , 0.652479 , 0.838358 , 0.578849 , 0.795366 , 1.00587 , 0.805187 , 0.92144 , 1.34777 , 1.08394 , 0.718899 , 0.990785 , 1.21532 , 1.63675 , 0.530757 , 1.07103 , 0.892453 , 1.37026 , 1.17322 , 2.99804 , 1.67122 , 1.13484 , 1.02094 , 0.963614 , 1.08094 , 1.69611 , 1.26087 , 1.97748 , 0.585672 , 1.11169 , 2.18803 , 0.847977 , 1.27035 , 0.838939 , 0.718869 , 1.16134 , 0.618955 , 1.16105 , 0.533575 , 1.46737 , 0.659099 , 1.23268 , 1.06484 , 0.933803 , 1.13128 , 1.04722 , 1.11748 , 0.714801 , 1.30024 , 0.442985 , 0.671345 , 0.958821 , 1.27902 , 1.36287 , 1.15136 , 1.08016 , 1.32426 , 0.823452 , 1.14217 , 0.951218 , 1.18767 , 0.580399 , 0.5325 , 1.35971 , 1.17011 , 1.27707 , 0.998297 , 1.30742 , 1.03625 , 0.945929 , 0.776698 , 1.74167 , 1.03928 , 1.71741 , 1.52585 , 0.968591 , 1.09433 , 0.918777 , 0.801454 , 0.96933 , 0.934698 , 0.454296 , 0.548101 , 2.47651 , 0.628394 , 1.56743 , 0.742079 , 1.28984 , 0.651627 , 0.775452 , 0.919365 , 0.685517 , 1.26771 , 0.689644 , 1.02935 , 0.647466 , 1.39222 , 1.66102 , 0.926446 , 0.48238 , 1.04329 , 0.919872 , 1.24405 , 0.864348 , 1.49329 , 1.77663 , 1.97281 , 1.14792 , 1.01908 , 1.35678 , 2.64303 , 1.02045 , 1.15777 , 1.08895 , 1.00498 , 0.94401 , 0.991105 , 0.706353 , 0.709523 , 0.800527 , 1.5082 , 0.828557 , 1.05649 , 0.718291 , 0.942733 , 0.555931 , 0.64749 , 1.00301 , 1.36931 , 0.955778 , 1.48874 , 1.00072 , 1.23965 , 0.708964 , 0.985368 , 1.91216 , 0.901897 , 1.0897 , 1.03691 , 1.38063 , 1.07204 , 1.56492 , 0.700635 , 1.57178 , 0.862378 , 1.22647 , 1.72625 , 1.48537 , 0.781448 , 1.04912 , 0.728216 , 0.877186 , 1.22485 , 1.05932 , 2.1772 , 0.880092 , 0.744405 , 0.863012 , 0.868477 , 1.67057 , 0.769841 , 0.860242 , 1.12107 , 0.799684 , 1.14127 , 0.76011 , 0.759953 , 1.27768 , 1.3336 , 0.691373 , 0.534435 , 1.39399 , 0.47345 , 0.456645 , 1.91796 , 1.52239 , 1.51116 , 0.640489 , 0.992085 , 0.593489 , 1.48253 , 1.16435 , 0.510372 , 0.697058 , 1.03433 , 0.709846 , 1.16782 , 0.980914 , 1.21234 , 0.467106 , 1.19256 , 0.645897 , 0.842621 , 1.37172 , 1.3838 , 0.683184 , 0.772511 , 0.750724 , 0.801561 , 1.01782 , 0.89759 , 1.23794 , 1.69166 , 1.4931 , 1.46765 , 1.4034 , 1.6906 , 0.618717 , 0.994678 , 1.00445 , 0.729672 , 1.1246 , 1.03847 , 1.23272 , 1.05211 , 1.01808 , 0.724021 , 1.31091 , 0.840634 , 0.650024 , 1.26425 , 0.467804 , 1.69715 , 0.834154 , 0.81481 , 0.883494 , 0.628727 , 0.868487 , 1.36756 , 0.833057 , 1.74284 , 0.97184 , 0.988875 , 1.26189 , 1.24687 , 1.13657 , 0.539807 , 0.486892 , 1.57916 , 0.898872 , 1.17048 , 1.57373 , 0.893135 , 0.937869 , 0.580073 , 0.905432 , 0.808283 , 1.07022 , 0.882738 , 1.79659 , 0.918505 , 1.20261 , 1.75632 , 0.583777 , 1.33044 , 1.18112 , 0.947836 , 1.42953 , 1.40633 , 1.1127 , 1.15682 , 0.994659 , 0.903929 , 0.623455 , 0.983281 , 0.549852 , 0.682099 , 1.02672 , 1.47634 , 1.45629 , 1.40717 , 0.627819 , 1.52703 , 1.01231 , 0.629369 , 0.97791 , 0.689565 , 0.954466 , 1.17453 , 1.06355 , 0.534244 , 0.762864 , 0.596376 , 1.34386 , 1.31442 , 1.40958 , 1.07025 , 0.620398 , 1.0631 , 0.815494 , 1.21391 , 0.716518 , 1.49695 , 0.480143 , 1.97875 , 0.872419 , 1.07668 , 0.645413 , 0.811216 , 1.06963 , 0.530005 , 1.11454 , 1.15396 , 1.84444 , 1.44327 , 1.1565 , 0.840151 , 1.18611 , 0.749679 , 1.6022 , 1.05298 , 1.20998 , 0.561215 , 0.857799 , 1.03311 , 0.6028 , 1.38308 , 1.06068 , 0.995191 , 1.18085 , 1.10713 , 1.08229 , 0.639671 , 1.0773 , 1.48953 , 0.725836 , 0.712657 , 2.03698 , 0.888746 , 0.801027 , 0.506534 , 1.80027 , 0.655649 , 1.78355 , 1.1294 , 1.43545 , 1.32876 , 1.3523 , 1.12949 , 2.35645 , 0.831145 , 1.20567 , 0.913372 , 1.87819 , 1.79627 , 1.00146 , 0.795744 , 1.1039 , 0.744276 , 1.0982 , 1.40776 , 0.986744 , 0.73232 , 0.439962 , 1.48366 , 1.65038 , 1.50148 , 0.845083 , 1.18166 , 1.41965 , 0.648609 , 1.17678 , 0.997255 , 0.701831 , 2.48199 , 1.05093 , 0.722149 , 1.05058 , 0.617539 , 0.883072 , 0.434629 , 0.895452 , 1.44138 , 1.01569 , 1.02902 , 1.42777 , 0.654514 , 1.01291 , 0.853567 , 1.20564 , 0.630554 , 0.980934 , 1.01663 , 1.14324 , 0.571213 , 1.96737 , 1.70302 , 1.01555 , 0.741829 , 1.21511 , 0.762074 , 0.874867 , 1.51508 , 0.858735 , 0.99629 , 1.31346 , 0.957441 , 1.09868 , 0.539266 , 1.96321 , 1.21252 , 1.61055 , 0.559996 , 1.27047 , 0.9141 , 0.736773 , 0.689556 , 1.09284 , 1.4449 , 1.54182 , 1.34467 , 2.1883 , 0.877538 , 0.716693 , 0.714114 , 0.618616 , 1.13315 , 1.686 , 0.972274 , 1.20919 , 1.0061 , 0.783383 , 0.903432 , 1.28213 , 0.747901 , 1.60179 , 1.06513 , 0.984664 , 0.693837 , 1.38125 , 1.45574 , 1.42741 , 1.01631 , 0.709562 , 2.15346 , 1.02258 , 0.870281 , 1.09596 , 1.47875 , 1.98699 , 0.5842 , 1.16659 , 1.41861 , 1.87001 , 1.75352 , 0.422061 , 1.07762 , 0.819285 , 0.869934 , 0.960543 , 1.45681 , 1.45517 , 1.49991 , 1.12438 , 0.612351 , 0.868138 , 0.970609 , 0.902623 , 1.46386 , 1.35885 , 1.08039 , 0.95661 , 1.20392 , 0.864544 , 1.50256 , 2.36452 , 0.614878 , 1.90713 , 1.35073 , 1.33281 , 1.09656 , 0.644863 , 0.816287 , 1.26876 , 1.14807 , 0.931562 , 0.467048 , 0.989593 , 1.10622 , 1.19217 , 1.3217 , 0.868151 , 1.54299 , 1.52012 , 1.392 , 0.937311 , 1.05441 , 0.935526 , 1.62648 , 0.929104 , 1.32597 , 0.868734 , 1.38189 , 1.38196 , 0.811935 , 0.969063 , 1.72357 , 0.805668 , 1.31605 , 0.538889 , 0.782439 , 1.28511 , 1.53641 , 0.948385 , 1.34176 , 1.79915 , 1.60435 , 1.0673 , 0.707072 , 1.11848 , 0.840755 , 1.22483 , 1.98943 , 0.669998 , 0.947019 , 1.05788 , 0.603379 , 0.830433 , 1.2384 , 1.20353 , 1.30013 , 0.979114 , 0.537525 , 1.14379 , 0.823718 , 1.76135 , 1.31988 , 1.10139 , 1.32949 , 1.39591 , 0.877441 , 1.22851 , 0.979845 , 0.528453 , 1.40656 , 1.00019 , 1.2149 , 0.787787 , 0.984557 , 0.617599 , 1.09748 , 0.393029 , 0.917402 , 0.935157 , 0.745316 , 0.463199 , 2.27261 , 0.555743 , 1.39702 , 1.03533 , 1.06218 , 1.03894 , 2.1379 , 1.39576 , 1.13274 , 1.2007 , 0.718961 , 1.31784 , 1.01845 , 0.902295 , 0.955196 , 1.22601 , 0.859867 , 0.89301 , 1.6773 , 0.605165 , 0.958195 , 0.924703 , 1.24823 , 0.730156 , 1.41099 , 1.02115 , 0.865251 , 0.837319 , 0.840089 , 2.12136 , 0.525904 , 1.04356 , 0.437497 , 1.35764 , 1.05011 , 1.05846 , 1.01781 , 1.56765 , 1.15817 , 1.37678 , 0.789826 , 0.562876 , 1.47227 , 0.928889 , 0.583805 , 1.2558 , 0.743952 , 1.43626 , 0.656086 , 0.920375 , 0.925272 , 1.30826 , 0.660027 , 1.69043 , 1.22566 , 0.919889 , 0.564657 , 1.34638 , 0.572883 , 1.68638 , 0.941021 , 0.544487 , 1.12898 , 0.691516 , 1.29776 , 1.65361 , 1.56902 , 0.980964 , 1.40761 , 1.12659 , 0.731796 , 1.40051 , 1.52726 , 1.12618 , 1.48935 , 1.48612 , 1.21218 , 1.29312 , 1.3929 , 1.26784 , 1.66629 , 1.34124 , 0.544088 , 1.11288 , 0.913358 , 0.811788 , 0.778775 , 1.19744 , 0.707268 , 0.634489 , 0.631489 , 1.56452 , 1.34332 , 0.805979 , 0.620084 , 0.717902 , 0.835663 , 1.6348 , 0.528635 , 0.890113 , 0.530062 , 1.19099 , 1.03609 , 0.794685 , 0.422401 , 1.99971 , 1.44735 , 0.632348 , 0.763484 , 0.526997 , 1.17356 , 1.07193 , 0.838033 , 1.0001 , 0.80728 , 1.80358 , 0.928734 , 1.42654 , 0.6197 , 1.3398 , 1.48738 , 1.06786 , 0.975435 , 1.09716 , 0.790223 , 1.14931 , 0.815833 , 1.45291 , 1.22934 , 1.42705 , 1.03677 , 0.931845 , 0.953404 , 0.91713 , 1.61671 , 1.33185 , 1.27401 , 1.5248 , 0.91047 , 1.16471 , 0.984254 , 0.555034 , 0.684398 , 0.606481 , 1.38412 , 1.7985 , 0.64676 , 1.15649 , 0.988577 , 1.23227 , 0.623211 , 0.807653 , 0.981127 , 0.730892 , 1.57688 , 1.18676 , 1.27814 , 1.03154 , 0.761353 , 0.791955 , 0.752484 , 2.55552 , 1.28468 , 0.975432 , 1.03694 , 1.34542 , 2.17628 , 0.68439 , 1.57018 , 1.02355 , 1.91147 , 0.531412 , 1.60496 , 0.729893 , 1.82647 , 0.938452 , 0.429059 , 1.15818 , 1.09236 , 1.44809 , 0.97485 , 0.734623 , 1.12805 , 0.972092 , 0.95693 , 0.973736 , 1.23344 , 1.01896 , 1.75896 , 0.855815 , 1.00368 , 0.660337 , 0.962543 , 0.961982 , 1.32185 , 0.8672 , 0.815796 , 1.02561 , 1.27009 , 0.841113 , 0.898085 , 0.716179 , 0.919745 , 1.02549 , 0.598277 , 0.854499 , 0.782861 , 1.25585 , 2.27546 , 1.22596 , 0.844506 , 0.933844 , 1.3885 , 1.7018 , 0.866658 , 0.700212 , 1.2117 , 0.952739 , 0.645658 , 0.829518 , 