avg1=[1.20961 , 0.88936 , 1.54845 , 0.794107 , 0.921735 , 0.76584 , 0.807263 , 0.880633 , 0.918713 , 1.12618 , 1.11755 , 0.559896 , 0.973607 , 0.88728 , 1.05407 , 1.01048 , 0.766909 , 1.09863 , 1.3351 , 1.2781 , 0.875794 , 0.847837 , 0.695516 , 0.533171 , 1.20665 , 1.10143 , 0.837755 , 1.16137 , 0.964977 , 0.699715 , 0.924649 , 0.982697 , 1.39556 , 0.808583 , 1.13807 , 1.03489 , 0.591736 , 0.969137 , 1.06886 , 0.904396 , 0.842824 , 1.17268 , 1.00873 , 0.861314 , 1.06967 , 1.34647 , 0.76249 , 1.14298 , 1.65154 , 1.25194 , 1.13023 , 0.600523 , 0.898078 , 0.796687 , 0.963853 , 1.13977 , 1.30326 , 1.6655 , 0.751001 , 0.893775 , 1.0761 , 1.3101 , 0.968431 , 0.953924 , 1.12346 , 1.12395 , 1.29958 , 0.795161 , 0.768742 , 1.01071 , 0.865027 , 0.646999 , 0.928398 , 1.03778 , 0.896317 , 1.22175 , 1.02662 , 1.16805 , 0.768873 , 1.11739 , 0.770445 , 0.880087 , 0.863591 , 1.7643 , 1.48976 , 0.771721 , 0.858818 , 1.07185 , 1.4183 , 1.08588 , 1.21558 , 1.04063 , 0.566082 , 1.21215 , 0.913562 , 1.59014 , 0.732883 , 1.24087 , 1.02582 , 1.13044 , 0.584499 , 1.1172 , 1.32783 , 0.977895 , 0.859199 , 1.01507 , 1.16606 , 1.33338 , 1.0026 , 1.92407 , 1.21095 , 1.27384 , 1.22713 , 1.36804 , 1.13045 , 1.20747 , 1.29495 , 1.12785 , 1.21001 , 0.701494 , 1.34693 , 1.04809 , 0.683532 , 0.970889 , 0.778829 , 0.948521 , 1.0324 , 1.41501 , 0.919505 , 1.05026 , 1.32477 , 1.24523 , 1.15068 , 0.858241 , 0.860594 , 2.24654 , 0.741043 , 0.961078 , 1.34692 , 1.29236 , 1.56796 , 1.24817 , 0.989797 , 1.12477 , 1.23583 , 0.891341 , 1.38888 , 0.884901 , 0.842537 , 1.07185 , 1.81414 , 0.809604 , 1.71645 , 1.02913 , 1.87587 , 0.721174 , 1.30756 , 0.837292 , 1.07637 , 1.35471 , 0.825447 , 1.32259 , 1.03262 , 0.835945 , 1.05292 , 0.868531 , 0.770438 , 1.05296 , 0.866692 , 1.34491 , 1.05097 , 1.15694 , 1.09142 , 1.12618 , 0.968401 , 1.13088 , 1.44024 , 0.766674 , 1.04614 , 1.10102 , 1.03495 , 1.16632 , 0.959991 , 0.887112 , 1.10989 , 1.01414 , 0.972772 , 1.40112 , 1.11758 , 0.547974 , 1.15151 , 0.882236 , 1.43527 , 0.978207 , 1.40118 , 1.35716 , 1.08587 , 1.23874 , 1.1308 , 1.07824 , 1.01559 , 1.45891 , 1.17087 , 1.10161 , 0.862813 , 0.969366 , 1.09559 , 1.12223 , 1.57638 , 0.931075 , 1.22792 , 0.77602 , 1.11368 , 0.756383 , 1.51927 , 0.777525 , 1.01204 , 1.24369 , 1.20061 , 0.993822 , 0.741367 , 0.983217 , 0.90749 , 0.863454 , 1.06127 , 1.81942 , 0.771614 , 0.974659 , 0.918352 , 1.02823 , 0.877692 , 0.724351 , 0.79265 , 1.1039 , 1.39062 , 1.04045 , 1.39949 , 1.19116 , 1.171 , 0.764208 , 1.4457 , 1.03424 , 0.859097 , 0.931436 , 1.05594 , 0.966575 , 0.984236 , 0.997202 , 0.691823 , 0.976424 , 0.79825 , 0.744873 , 0.881145 , 0.85183 , 0.829575 , 1.18631 , 1.64952 , 1.03435 , 1.36256 , 1.10159 , 0.700978 , 1.10706 , 1.08125 , 0.605589 , 1.10777 , 1.16727 , 1.01223 , 0.604749 , 1.02615 , 1.01565 , 0.505198 , 0.908471 , 1.12232 , 0.615141 , 0.871982 , 1.25345 , 1.12209 , 0.95791 , 1.04905 , 0.792641 , 1.17625 , 0.698087 , 0.967728 , 1.10864 , 1.27849 , 0.693336 , 0.779262 , 0.804365 , 1.37506 , 1.10806 , 1.22934 , 0.814097 , 1.19968 , 1.20006 , 0.69399 , 1.61253 , 1.0387 , 0.866252 , 1.2455 , 0.832454 , 0.907511 , 1.4512 , 1.00378 , 1.18439 , 0.89006 , 0.938013 , 1.56477 , 0.999991 , 0.967607 , 1.06828 , 1.63035 , 1.51375 , 0.845234 , 0.992369 , 1.54442 , 0.98809 , 0.98331 , 1.37836 , 0.669615 , 1.07793 , 0.679876 , 1.33643 , 1.32808 , 0.956236 , 1.04081 , 1.45503 , 1.08317 , 0.873094 , 0.942079 , 0.761128 , 0.611626 , 0.921957 , 1.50843 , 0.970404 , 0.838755 , 0.617416 , 2.1933 , 0.603076 , 1.24701 , 0.970834 , 0.885467 , 0.980416 , 0.710929 , 1.23588 , 1.07923 , 0.828709 , 0.828829 , 0.868554 , 0.974661 , 1.19855 , 1.21686 , 0.852668 , 0.848228 , 1.18865 , 1.42009 , 0.963156 , 1.11032 , 1.13895 , 0.694666 , 1.14877 , 0.939481 , 1.10598 , 0.913587 , 0.856504 , 1.29274 , 0.910172 , 1.67034 , 1.01006 , 1.21804 , 1.18267 , 0.856535 , 0.969107 , 0.958398 , 0.739298 , 1.49238 , 1.58115 , 0.79255 , 0.961348 , 1.44871 , 1.02127 , 1.32001 , 0.753863 , 1.03393 , 1.16257 , 0.765102 , 0.750552 , 1.38854 , 0.950318 , 0.795564 , 1.18189 , 0.811002 , 1.24426 , 1.32037 , 0.62302 , 1.18506 , 1.32405 , 0.691507 , 0.752443 , 1.25161 , 0.761124 , 1.60005 , 1.1595 , 1.39077 , 0.868885 , 1.21165 , 1.12426 , 1.58802 , 0.765878 , 0.843914 , 1.92486 , 1.01283 , 0.657662 , 0.747985 , 1.3628 , 1.04928 , 1.31834 , 1.28903 , 1.0925 , 1.38075 , 0.875895 , 0.679813 , 0.997929 , 0.967606 , 1.2575 , 1.1455 , 1.16896 , 1.02659 , 0.810725 , 0.913614 , 1.28371 , 1.88019 , 1.44574 , 1.79566 , 1.35488 , 0.908971 , 1.05754 , 0.954591 , 0.96097 , 1.2359 , 2.04133 , 1.15245 , 0.980713 , 0.787561 , 1.0802 , 0.815433 , 1.32237 , 1.38931 , 0.830857 , 0.781728 , 0.668854 , 0.743901 , 1.08947 , 1.19227 , 1.03179 , 1.06353 , 1.15494 , 1.57442 , 0.784179 , 0.91773 , 1.35116 , 0.978146 , 0.813583 , 0.921389 , 0.932901 , 1.04234 , 1.64113 , 1.66159 , 1.03019 , 1.12751 , 1.71002 , 1.37096 , 1.10444 , 0.933433 , 0.927361 , 0.946949 , 1.33198 , 1.33741 , 1.04064 , 0.889711 , 0.648304 , 1.37299 , 0.990361 , 0.974529 , 1.18283 , 0.94264 , 1.54947 , 1.22257 , 0.947699 , 0.839719 , 1.1842 , 0.657464 , 0.947725 , 1.09071 , 0.870936 , 0.97612 , 1.16227 , 0.761458 , 1.57916 , 1.29879 , 0.945914 , 0.904268 , 1.40332 , 0.945473 , 0.842951 , 1.55983 , 0.730571 , 0.773374 , 0.877886 , 1.0009 , 1.564 , 0.968301 , 1.19344 , 0.853027 , 1.11019 , 0.611567 , 1.09828 , 1.19201 , 1.14445 , 0.809855 , 1.37215 , 0.794194 , 1.01343 , 1.10854 , 0.971393 , 0.772026 , 0.984649 , 1.20467 , 0.799105 , 0.707588 , 0.751527 , 0.868647 , 0.984013 , 1.27712 , 1.40139 , 1.57347 , 0.73046 , 1.42203 , 0.89634 , 1.32972 , 1.25913 , 1.00531 , 0.846772 , 0.845896 , 1.54516 , 0.571681 , 1.68875 , 0.531209 , 0.910635 , 0.792609 , 1.02777 , 1.07012 , 0.984469 , 0.745951 , 1.32691 , 0.716182 , 1.57546 , 1.22565 , 0.666819 , 0.97989 , 0.933097 , 0.856644 , 1.08371 , 0.709628 , 1.10535 , 1.3678 , 1.13997 , 1.2286 , 0.883131 , 1.00981 , 0.768332 , 0.976896 , 0.989374 , 1.12103 , 1.13495 , 1.59743 , 0.675757 , 0.85131 , 1.12463 , 1.14038 , 0.754817 , 1.51667 , 0.631665 , 0.647213 , 0.99793 , 0.872421 , 0.929995 , 0.816149 , 0.958917 , 1.0417 , 1.1001 , 1.11562 , 1.22527 , 0.804499 , 0.912838 , 1.03064 , 0.912678 , 1.08373 , 0.945637 , 1.1926 , 0.992675 , 0.931949 , 1.14221 , 1.15801 , 0.866133 , 2.57895 , 1.24641 , 1.06027 , 0.797767 , 0.812123 , 0.703915 , 0.957248 , 1.05534 , 0.805482 , 0.760807 , 0.972778 , 1.29341 , 0.899399 , 1.10987 , 1.25668 , 0.852274 , 1.01405 , 0.868533 , 1.02925 , 1.09687 , 0.821552 , 0.88062 , 0.534647 , 1.18424 , 1.16115 , 2.0287 , 0.909818 , 0.998148 , 1.24083 , 0.926194 , 1.53714 , 0.821579 , 0.962054 , 1.07785 , 0.85211 , 0.965166 , 0.728794 , 0.604762 , 0.885781 , 1.06069 , 0.855024 , 0.782646 , 1.04766 , 0.996082 , 0.685332 , 0.782977 , 0.872342 , 1.13915 , 0.753778 , 0.691068 , 0.902757 , 0.886374 , 0.851989 , 1.02511 , 0.49495 , 0.858889 , 1.37497 , 1.02863 , 0.966324 , 0.780745 , 0.838162 , 0.793937 , 1.28601 , 1.0688 , 1.28645 , 1.17319 , 0.591891 , 1.39607 , 1.29862 , 1.28209 , 1.32043 , 0.854267 , 1.63702 , 0.630973 , 1.8434 , 1.52479 , 1.00718 , 1.10673 , 1.23887 , 1.07853 , 1.00657 , 1.19867 , 1.04933 , 1.17192 , 1.0962 , 1.38294 , 1.78362 , 0.883209 , 0.718712 , 1.20137 , 0.741803 , 1.02977 , 1.06271 , 0.934551 , 1.66798 , 1.05393 , 1.35794 , 0.574477 , 1.23122 , 0.656201 , 0.786421 , 1.18584 , 1.1121 , 1.10272 , 0.963219 , 0.835192 , 1.27715 , 0.878944 , 0.764583 , 0.754232 , 0.917862 , 0.947413 , 1.01051 , 1.23526 , 1.67855 , 1.44409 , 0.562469 , 1.0347 , 0.685979 , 1.35635 , 0.960792 , 1.23287 , 0.905375 , 0.698936 , 1.40958 , 1.82298 , 0.993086 , 0.986117 , 1.00416 , 1.02052 , 0.922061 , 1.35177 , 0.830657 , 1.22765 , 0.776034 , 0.981935 , 1.18124 , 0.798369 , 0.943239 , 0.775101 , 0.962228 , 1.00702 , 0.732911 , 0.886516 , 1.01065 , 1.26206 , 0.970079 , 1.27958 , 1.28315 , 0.949032 , 0.894233 , 0.8472 , 1.26747 , 1.29348 , 1.05767 , 1.05864 , 0.814587 , 0.97706 , 0.627107 , 1.16072 , 0.990102 , 0.820828 , 0.880845 , 1.19237 , 0.831392 , 1.28735 