avg1=[0.793293 , 1.18106 , 0.744974 , 0.631837 , 0.832696 , 0.503577 , 1.20219 , 0.634678 , 0.908941 , 1.35668 , 1.92755 , 1.24371 , 1.44031 , 1.40863 , 0.82478 , 0.944441 , 1.40286 , 0.826223 , 1.24816 , 0.966578 , 1.0869 , 0.873855 , 0.75526 , 1.16649 , 1.73939 , 1.00288 , 0.755961 , 1.36292 , 1.42344 , 0.710815 , 1.37566 , 1.31867 , 1.1716 , 0.951375 , 0.742985 , 1.15312 , 0.580525 , 0.998004 , 1.1063 , 1.38569 , 1.38409 , 0.809453 , 1.64166 , 1.22487 , 1.11729 , 0.908675 , 1.0192 , 0.613847 , 1.33013 , 0.976453 , 0.886961 , 0.854307 , 0.760066 , 0.766601 , 1.14862 , 1.31898 , 1.13749 , 1.74555 , 0.732415 , 0.798481 , 0.908985 , 0.980839 , 0.630465 , 1.07334 , 1.15444 , 1.06799 , 1.48462 , 1.00042 , 0.863873 , 0.981942 , 0.975064 , 0.585356 , 1.41594 , 0.932547 , 1.05211 , 0.925852 , 1.50196 , 1.48335 , 0.949927 , 1.16979 , 1.82104 , 1.30812 , 1.15024 , 1.17971 , 0.903048 , 0.699001 , 0.75908 , 0.662261 , 1.38534 , 1.23246 , 0.982695 , 0.691797 , 0.565037 , 0.898368 , 0.566676 , 0.998785 , 1.00439 , 1.12389 , 1.47501 , 1.13686 , 0.99275 , 0.970143 , 1.54101 , 1.39069 , 0.972188 , 0.888689 , 1.5988 , 1.16295 , 0.568418 , 1.35103 , 1.24027 , 1.01399 , 1.46676 , 1.03418 , 0.843581 , 1.37235 , 1.00251 , 1.12254 , 0.892962 , 0.931744 , 1.60677 , 0.827939 , 1.48231 , 1.16685 , 0.736957 , 1.10593 , 0.623133 , 1.27311 , 0.844227 , 0.41935 , 0.46933 , 0.810611 , 1.11306 , 1.38938 , 1.34534 , 1.46377 , 0.630699 , 1.12164 , 1.17657 , 1.18955 , 1.60425 , 1.0884 , 0.595107 , 1.34755 , 1.1798 , 0.914513 , 1.48652 , 1.48159 , 1.23878 , 1.65177 , 0.936828 , 0.688064 , 1.03414 , 0.884253 , 1.36049 , 0.812553 , 1.80174 , 0.867699 , 1.07177 , 0.933706 , 0.601353 , 0.889286 , 1.26228 , 0.759899 , 0.925615 , 0.967034 , 1.50622 , 1.75257 , 0.677185 , 0.751311 , 0.794174 , 1.43895 , 1.33316 , 0.950962 , 1.25213 , 0.978693 , 1.411 , 1.02674 , 0.814501 , 1.09141 , 0.941382 , 0.815518 , 0.782731 , 0.964786 , 0.654134 , 1.14915 , 1.05825 , 1.11857 , 1.70984 , 0.782438 , 2.21157 , 0.965344 , 1.00855 , 0.660075 , 1.00309 , 2.09386 , 1.80454 , 0.515638 , 1.54292 , 0.913058 , 0.565894 , 1.00761 , 1.3563 , 1.18719 , 0.862825 , 0.909297 , 0.658314 , 0.80522 , 1.12791 , 1.26454 , 0.862584 , 0.925317 , 0.853641 , 0.868624 , 0.904237 , 0.907936 , 1.0476 , 1.48853 , 0.849222 , 0.589246 , 1.10086 , 0.934245 , 0.899643 , 0.767805 , 0.763644 , 1.03836 , 0.612095 , 0.710698 , 0.674725 , 0.613674 , 0.995459 , 0.928465 , 0.726635 , 0.874537 , 1.16997 , 0.658006 , 1.30597 , 1.00495 , 0.771815 , 1.09599 , 1.93505 , 0.82735 , 1.42995 , 1.19301 , 0.979049 , 1.14515 , 0.855914 , 0.871152 , 0.633689 , 1.90963 , 0.964627 , 0.778233 , 0.767169 , 0.930008 , 1.03935 , 1.48132 , 1.2762 , 0.854955 , 0.751219 , 1.41925 , 0.793373 , 0.797954 , 0.910276 , 0.453314 , 0.739363 , 0.956922 , 1.51524 , 0.566966 , 0.81231 , 0.898882 , 0.877023 , 0.672549 , 1.10061 , 0.692215 , 2.30852 , 1.0972 , 1.00662 , 0.846185 , 0.734116 , 0.848214 , 0.878313 , 0.679685 , 0.923244 , 1.02899 , 0.832777 , 0.894295 , 0.735365 , 1.15698 , 1.56589 , 1.20205 , 0.94546 , 1.49197 , 1.53979 , 0.742943 , 1.01842 , 1.31813 , 1.0601 , 1.34198 , 0.816704 , 0.822594 , 1.33101 , 1.05474 , 0.733171 , 0.930802 , 0.904958 , 0.852352 , 1.15052 , 0.584861 , 0.776436 , 1.10149 , 1.17345 , 1.13465 , 1.09789 , 0.831862 , 1.01169 , 0.993004 , 0.672949 , 0.906586 , 0.842989 , 1.11844 , 0.934972 , 0.839005 , 1.70483 , 1.31998 , 1.78134 , 0.902841 , 0.714411 , 1.05202 , 0.945587 , 0.672756 , 0.885621 , 0.903026 , 1.15756 , 0.620973 , 1.25996 , 0.514476 , 1.1289 , 0.814444 , 1.09118 , 0.9832 , 1.29476 , 1.22503 , 1.12601 , 1.11264 , 1.02716 , 1.1978 , 1.1814 , 0.954379 , 1.25587 , 1.02809 , 1.31118 , 1.08524 , 1.04415 , 1.27327 , 0.650006 , 1.46082 , 1.18461 , 0.983431 , 1.67326 , 0.973188 , 1.35915 , 1.91387 , 1.24056 , 1.28361 , 1.39886 , 0.81094 , 1.4864 , 0.879827 , 0.900297 , 1.36432 , 0.912522 , 0.984378 , 0.685024 , 0.662028 , 1.10357 , 0.513711 , 1.16985 , 0.823571 , 0.873013 , 1.02897 , 1.05109 , 1.3177 , 1.06446 , 1.34994 , 1.1575 , 0.601561 , 0.898807 , 0.948034 , 0.943783 , 1.13691 , 1.21892 , 0.760525 , 1.1289 , 1.3248 , 1.48038 , 0.73324 , 0.730299 , 0.803407 , 0.981048 , 0.754898 , 1.11051 , 1.75538 , 0.959715 , 1.03768 , 1.75384 , 1.1761 , 1.21253 , 1.06808 , 0.85784 , 0.862701 , 0.622362 , 0.685526 , 0.932043 , 0.888361 , 0.733329 , 0.70391 , 1.17599 , 1.10788 , 0.787988 , 0.523626 , 0.848507 , 1.5234 , 1.21275 , 1.22542 , 1.72262 , 0.629947 , 0.897919 , 0.819423 , 0.747717 , 1.14423 , 1.46074 , 0.840571 , 1.403 , 1.21452 , 1.08355 , 0.901431 , 1.00228 , 0.434238 , 1.18981 , 1.05138 , 1.36008 , 1.27779 , 1.07212 , 1.04145 , 1.57567 , 0.894028 , 1.28988 , 0.874978 , 1.67688 , 0.957996 , 0.713668 , 1.09496 , 1.1485 , 0.979699 , 0.658297 , 0.683546 , 1.01239 , 1.04173 , 1.01545 , 1.77752 , 1.09433 , 0.700018 , 1.00902 , 1.27245 , 1.07907 , 0.94795 , 0.896297 , 1.09769 , 0.927723 , 1.51634 , 0.755013 , 1.01706 , 1.14587 , 1.09847 , 1.24615 , 1.01615 , 1.47048 , 0.711105 , 1.78198 , 0.545246 , 0.925059 , 1.13062 , 0.709515 , 0.870965 , 0.75731 , 1.67714 , 0.932607 , 0.993155 , 1.35525 , 1.79786 , 1.27617 , 0.604915 , 0.67453 , 1.43057 , 2.04128 , 0.802385 , 0.720687 , 0.806163 , 1.03097 , 0.896202 , 1.58714 , 0.762887 , 1.13465 , 1.39712 , 1.07594 , 0.526692 , 0.48267 , 1.10571 , 0.981622 , 1.03034 , 1.0709 , 0.904945 , 0.629804 , 0.852843 , 0.600412 , 1.26188 , 1.08578 , 1.2778 , 1.32332 , 0.967554 , 1.25005 , 1.33937 , 0.697364 , 0.980545 , 0.86403 , 0.766251 , 1.46151 , 0.875828 , 0.842115 , 0.803333 , 0.723897 , 1.14342 , 1.18001 , 0.610622 , 0.982897 , 0.728885 , 1.96754 , 1.64376 , 1.25808 , 1.19551 , 0.605009 , 1.0796 , 1.25181 , 2.08147 , 0.516248 , 1.34266 , 1.13017 , 1.09824 , 0.844473 , 1.14289 , 0.741192 , 0.662771 , 0.781205 , 0.868578 , 0.557285 , 1.33139 , 0.720118 , 0.814005 , 1.00759 , 0.845345 , 0.952014 , 0.868307 , 1.32262 , 0.991662 , 1.04567 , 1.02193 , 1.13257 , 1.21604 , 1.02717 , 1.13919 , 0.863564 , 1.38142 , 1.15997 , 1.11077 , 1.03076 , 0.860792 , 1.49688 , 0.871508 , 1.00925 , 0.862137 , 0.971638 , 0.749433 , 0.765678 , 1.09855 , 1.04163 , 0.57594 , 0.60473 , 1.72147 , 1.36975 , 0.886025 , 0.779584 , 0.771953 , 0.746781 , 0.592577 , 0.863918 , 0.887575 , 1.24997 , 0.767274 , 1.38504 , 0.739709 , 0.68455 , 1.14091 , 1.88196 , 1.41971 , 0.903753 , 1.53132 , 0.556864 , 1.75489 , 0.763257 , 1.01789 , 1.20287 , 1.53873 , 1.10452 , 0.928837 , 0.97027 , 0.892691 , 1.48432 , 1.46713 , 0.778773 , 0.721179 , 2.23191 , 0.983 , 1.23222 , 0.705074 , 1.23571 , 1.25096 , 0.687977 , 1.07048 , 1.65311 , 1.31998 , 0.567874 , 1.04365 , 1.37694 , 0.946559 , 0.66626 , 0.681382 , 0.834026 , 1.17556 , 1.23426 , 1.20918 , 0.838552 , 0.606236 , 1.12497 , 0.909564 , 1.01005 , 1.47623 , 0.954156 , 1.00129 , 0.57239 , 1.29481 , 0.748646 , 1.38574 , 1.52446 , 1.04955 , 1.09157 , 2.28433 , 1.28592 , 1.65032 , 0.626056 , 0.940171 , 1.00791 , 1.29973 , 1.0993 , 1.07442 , 0.928455 , 0.886876 , 1.03126 , 0.768147 , 0.960339 , 0.949853 , 0.956854 , 1.58219 , 0.545065 , 0.754227 , 1.47057 , 1.45384 , 0.720608 , 1.07971 , 1.12252 , 1.33828 , 1.11988 , 1.26801 , 1.57284 , 0.733013 , 1.11484 , 1.04042 , 1.04248 , 1.11128 , 0.99012 , 0.979774 , 1.782 , 0.85886 , 0.923023 , 1.29052 , 0.917764 , 0.934285 , 1.15347 , 1.42579 , 0.916041 , 0.835034 , 0.831506 , 0.991139 , 0.711067 , 1.01877 , 0.750806 , 0.760719 , 0.995335 , 0.912709 , 1.69708 , 1.24754 , 1.18081 , 0.868642 , 1.54051 , 1.07946 , 1.54844 , 0.74569 , 1.53691 , 1.3124 , 1.73217 , 1.26294 , 0.922326 , 1.45326 , 0.923968 , 0.485105 , 0.528612 , 0.552683 , 0.910858 , 0.607033 , 0.944984 , 2.04582 , 1.14476 , 1.30398 , 1.22317 , 1.12022 , 0.872087 , 1.03673 , 0.785905 , 0.636083 , 0.682791 , 0.744575 , 1.27103 , 0.829176 , 1.58364 , 0.664788 , 0.677441 , 1.95769 , 1.18601 , 1.13602 , 1.23677 , 1.04035 , 2.00702 , 0.80345 , 1.32409 , 1.21248 , 1.45185 , 0.91933 , 1.09114 , 1.42437 , 1.49003 , 0.933273 , 0.764845 , 1.40232 , 0.650748 , 1.00482 , 0.509806 , 0.985256 , 0.864213 , 1.43866 , 