avg1=[1.10143 , 1.38393 , 1.85896 , 1.06166 , 1.07664 , 1.63372 , 1.68425 , 1.05985 , 0.976866 , 1.18086 , 1.04517 , 4.13729 , 1.74952 , 1.25656 , 1.81993 , 0.532593 , 1.0078 , 0.869117 , 1.56746 , 0.667728 , 1.02117 , 1.13736 , 0.845504 , 1.56325 , 0.65183 , 1.25877 , 1.62944 , 0.326963 , 0.308945 , 1.50386 , 2.09901 , 0.421637 , 1.62052 , 0.98688 , 0.614003 , 0.889505 , 0.735524 , 1.19492 , 1.86955 , 2.2605 , 0.9607 , 0.863548 , 2.22071 , 0.695768 , 0.920783 , 0.478376 , 1.02691 , 0.743716 , 0.720901 , 0.774849 , 1.3556 , 1.27672 , 0.705395 , 0.9601 , 1.57479 , 1.8317 , 1.9674 , 0.767338 , 2.34574 , 0.296787 , 1.6225 , 0.610236 , 0.833164 , 2.56383 , 1.56239 , 0.462582 , 0.711763 , 1.00839 , 0.942453 , 1.51002 , 0.729426 , 0.937903 , 1.22826 , 1.1202 , 1.27108 , 0.540536 , 0.438156 , 1.01618 , 0.401665 , 1.82751 , 3.15676 , 2.86958 , 2.01868 , 1.38778 , 0.630234 , 0.685947 , 0.979358 , 2.26752 , 1.58768 , 0.457029 , 0.944228 , 1.33731 , 0.625887 , 1.74107 , 0.38466 , 1.00511 , 1.73914 , 1.06169 , 0.641255 , 0.827715 , 3.05487 , 1.24379 , 1.50182 , 2.67483 , 1.21347 , 1.48915 , 1.2649 , 0.503219 , 1.33954 , 1.81456 , 1.07254 , 0.959876 , 0.6219 , 2.01445 , 1.23892 , 1.27814 , 0.574554 , 1.06536 , 0.99552 , 1.28611 , 0.745058 , 1.29198 , 1.0093 , 3.19009 , 1.28836 , 1.12119 , 0.43936 , 0.801719 , 1.03155 , 1.29315 , 0.612832 , 0.554136 , 0.88658 , 0.907491 , 2.60783 , 1.14091 , 1.53933 , 0.783351 , 1.52992 , 2.07863 , 0.762043 , 1.73863 , 0.833146 , 0.94676 , 0.934015 , 1.28656 , 1.33268 , 1.04599 , 0.788366 , 1.07218 , 0.836305 , 0.685379 , 0.478991 , 1.50385 , 0.645943 , 0.978112 , 0.850972 , 1.06977 , 0.985616 , 1.5485 , 1.81811 , 0.980792 , 1.05997 , 1.00288 , 1.2852 , 1.24155 , 0.533782 , 2.26118 , 0.857455 , 1.99777 , 1.15937 , 1.47179 , 1.31187 , 0.632872 , 1.88998 , 0.965808 , 1.44593 , 1.18975 , 0.543135 , 2.4212 , 0.622328 , 1.22642 , 2.18541 , 0.951178 , 0.943151 , 2.02449 , 1.9786 , 1.88468 , 1.37435 , 2.39612 , 0.435997 , 1.58427 , 0.770654 , 1.35682 , 1.35473 , 2.16386 , 0.625986 , 0.567953 , 0.775191 , 0.405967 , 1.44897 , 3.5353 , 0.891431 , 0.828893 , 1.17295 , 1.93835 , 1.07465 , 1.66274 , 0.878929 , 0.307039 , 1.49334 , 0.900315 , 1.71595 , 1.52711 , 3.65745 , 0.647519 , 0.766409 , 1.54496 , 0.87339 , 1.96439 , 0.737092 , 0.763137 , 0.93816 , 0.941765 , 1.32696 , 0.657496 , 0.561363 , 0.932213 , 0.650482 , 1.86749 , 1.9029 , 1.5428 , 1.19732 , 0.766368 , 0.742697 , 0.837067 , 0.751359 , 1.72624 , 0.720847 , 0.949939 , 1.25633 , 0.81501 , 2.35039 , 0.672193 , 0.872376 , 0.828013 , 1.51538 , 0.863329 , 1.25611 , 1.0587 , 1.30295 , 0.54913 , 1.08936 , 0.539137 , 0.452146 , 0.97388 , 1.54511 , 1.22243 , 1.11052 , 0.866645 , 0.86828 , 1.15302 , 1.52816 , 0.347223 , 0.462599 , 1.40346 , 2.01134 , 1.1031 , 0.861866 , 0.888489 , 0.735126 , 0.504039 , 2.22416 , 1.72374 , 0.908499 , 1.08171 , 0.77869 , 0.870748 , 1.0585 , 1.08255 , 1.00199 , 0.991832 , 0.363259 , 0.646911 , 0.992678 , 1.6449 , 0.68032 , 0.874713 , 0.786982 , 0.823205 , 1.02629 , 1.62543 , 2.03523 , 0.87798 , 0.433727 , 0.989389 , 0.490646 , 0.430984 , 0.615136 , 0.730223 , 0.77629 , 1.8943 , 1.06751 , 1.04276 , 0.859909 , 1.35169 , 1.96388 , 0.568712 , 2.09036 , 1.12124 , 2.09504 , 0.624244 , 0.326129 , 0.882912 , 1.07399 , 0.592272 , 1.24972 , 1.71541 , 2.14288 , 0.507362 , 0.885984 , 1.97432 , 0.733274 , 1.14256 , 1.01749 , 1.72028 , 2.26902 , 1.287 , 1.11095 , 1.38461 , 1.0555 , 1.71957 , 1.02703 , 1.08418 , 1.22959 , 1.14073 , 1.24634 , 0.440586 , 1.21247 , 1.66139 , 1.77473 , 1.16281 , 1.34594 , 1.18141 , 1.14062 , 0.976043 , 0.768261 , 3.91734 , 1.84388 , 0.694681 , 1.34442 , 1.41657 , 0.830434 , 0.723174 , 1.86542 , 1.25078 , 1.56546 , 0.764853 , 0.885326 , 1.93306 , 1.27798 , 1.43679 , 1.0072 , 0.510971 , 0.758397 , 1.28687 , 1.01637 , 0.814515 , 1.25374 , 1.73329 , 2.02258 , 1.10025 , 1.81817 , 0.823944 , 0.637866 , 1.86633 , 1.06066 , 0.519408 , 1.95094 , 1.33202 , 0.948876 , 2.32165 , 1.2364 , 0.365689 , 1.53823 , 0.790739 , 0.716832 , 1.26352 , 0.618519 , 0.944832 , 0.743358 , 1.33366 , 4.95895 , 1.89849 , 0.878354 , 2.23935 , 0.297001 , 0.423592 , 2.04034 , 0.547215 , 1.48941 , 1.12037 , 2.19858 , 0.83376 , 1.81094 , 1.00403 , 0.879005 , 1.02997 , 1.52758 , 1.15085 , 1.24041 , 1.94049 , 1.02728 , 0.830235 , 1.20049 , 0.708366 , 1.41802 , 0.808457 , 1.76709 , 1.26407 , 1.45023 , 2.26763 , 2.99554 , 1.57942 , 0.500643 , 2.00643 , 1.68985 , 0.861145 , 0.343315 , 1.84936 , 1.52384 , 0.440922 , 1.02752 , 0.654621 , 0.639024 , 1.1599 , 0.980591 , 0.600536 , 0.418823 , 1.55328 , 1.54085 , 1.00197 , 1.64677 , 2.61249 , 0.582727 , 0.809484 , 0.418106 , 0.724143 , 1.22736 , 0.940514 , 0.578791 , 1.36668 , 2.89706 , 1.07087 , 0.871401 , 0.540489 , 1.17099 , 0.58918 , 0.530524 , 0.593865 , 1.46251 , 0.778259 , 0.375269 , 0.591598 , 1.07631 , 0.840068 , 1.96431 , 0.584224 , 1.4433 , 0.750426 , 1.13496 , 0.93003 , 0.367842 , 1.15817 , 1.62496 , 0.494462 , 1.10605 , 1.83132 , 0.829303 , 1.58519 , 0.968346 , 0.647129 , 1.62042 , 0.883227 , 0.523806 , 0.747346 , 1.39222 , 1.07621 , 0.653872 , 1.30138 , 0.85931 , 0.525275 , 0.576964 , 0.925811 , 0.65955 , 0.580923 , 0.924041 , 0.693749 , 0.656296 , 1.79045 , 0.729334 , 1.09935 , 1.13078 , 0.505305 , 1.69182 , 0.598349 , 0.727854 , 0.624623 , 1.48615 , 1.17713 , 0.752054 , 0.69447 , 1.68973 , 1.32418 , 0.33294 , 0.600358 , 0.994647 , 1.14196 , 1.2568 , 0.707528 , 1.02168 , 1.25261 , 0.906326 , 1.59681 , 1.08679 , 0.632298 , 0.824637 , 1.79376 , 1.07785 , 2.06288 , 1.33895 , 0.745698 , 0.624142 , 2.21008 , 3.13545 , 1.02675 , 1.95627 , 0.697093 , 1.50622 , 2.08311 , 1.45778 , 0.980629 , 2.87692 , 0.970133 , 0.354965 , 1.70935 , 2.13186 , 0.501221 , 1.31699 , 0.840661 , 0.806606 , 0.329237 , 0.966878 , 1.40916 , 1.26872 , 0.678593 , 0.95887 , 1.58224 , 1.68567 , 0.630438 , 0.745537 , 0.779099 , 1.0576 , 1.23889 , 0.58896 , 1.75924 , 1.14405 , 0.754897 , 0.662604 , 1.33535 , 0.61065 , 0.941127 , 0.871879 , 0.437291 , 2.97803 , 1.04381 , 1.60392 , 0.464537 , 0.777029 , 0.972773 , 0.711997 , 1.70487 , 2.21921 , 1.00469 , 1.45594 , 1.30259 , 0.641445 , 0.627668 , 0.945122 , 0.72241 , 1.48825 , 0.893937 , 2.00073 , 1.27209 , 0.782325 , 1.00546 , 0.562836 , 1.44802 , 1.75736 , 0.787146 , 1.02607 , 0.651513 , 2.00673 , 1.83291 , 3.01774 , 0.871498 , 0.509542 , 1.05596 , 0.836099 , 0.312778 , 1.24319 , 1.00936 , 1.47072 , 0.390827 , 0.793305 , 1.80556 , 1.76424 , 0.808312 , 0.478843 , 1.06088 , 1.85482 , 2.80613 , 0.936101 , 0.763571 , 1.51926 , 1.31254 , 4.19306 , 1.55221 , 0.451428 , 1.71366 , 0.929522 , 1.24994 , 2.08455 , 1.15422 , 2.51858 , 1.86927 , 1.24092 , 0.650205 , 0.846889 , 1.38115 , 0.85972 , 0.702438 , 0.692876 , 0.752878 , 0.973898 , 0.725822 , 0.763954 , 0.774557 , 0.973476 , 1.31176 , 3.60566 , 1.11665 , 0.938682 , 2.01424 , 1.121 , 0.42966 , 0.838951 , 0.790434 , 1.41831 , 0.702287 , 1.39988 , 0.692139 , 1.37527 , 0.634719 , 1.15202 , 3.32629 , 0.964904 , 0.926683 , 1.5903 , 1.39191 , 0.888085 , 0.221771 , 0.749342 , 1.19969 , 1.46536 , 0.512461 , 0.703257 , 2.72086 , 0.765544 , 1.61938 , 0.533787 , 1.61617 , 0.805292 , 0.435901 , 0.841132 , 1.26647 , 0.405383 , 0.463841 , 1.7135 , 0.825797 , 0.760058 , 1.38776 , 0.518179 , 1.09207 , 0.982859 , 0.741127 , 1.6285 , 1.15601 , 0.812601 , 0.526698 , 1.63017 , 1.28033 , 0.779527 , 0.981227 , 0.852502 , 2.81955 , 1.16441 , 1.59265 , 0.399035 , 0.760998 , 3.11912 , 1.55495 , 3.34276 , 2.15623 , 1.30814 , 0.61234 , 1.20258 , 0.421238 , 2.70448 , 1.03551 , 0.451172 , 1.35785 , 1.15292 , 0.552443 , 1.07055 , 0.66107 , 1.01608 , 0.737176 , 1.05768 , 1.0967 , 1.83425 , 1.34909 , 0.862157 , 0.849823 , 0.83394 , 2.09235 , 3.00455 , 0.877572 , 1.67418 , 0.626508 , 1.03494 , 0.68254 , 1.55835 , 0.964296 , 0.819084 , 1.04498 , 1.59568 , 1.20077 , 0.434063 , 0.920179 , 1.04152 , 1.56259 , 1.1915 , 1.7688 , 0.982149 , 1.1379 , 2.67582 , 2.76921 , 3.33984 , 0.71531 , 0.674056 , 1.33249 , 1.79257 , 1.67106 , 0.325132 , 2.50153 , 2.1647 , 1.27225 , 0.973233 , 0.605417 , 1.40452 , 0.656671 , 