avg1=[1.25405 , 1.20226 , 1.17766 , 0.81902 , 1.35702 , 0.730737 , 1.20404 , 0.743951 , 0.958887 , 0.899115 , 1.14617 , 0.963395 , 0.616499 , 1.06163 , 1.17515 , 1.37717 , 0.889434 , 1.26843 , 1.3097 , 0.78441 , 1.20073 , 0.899814 , 0.744018 , 0.66051 , 2.11051 , 0.985829 , 1.29395 , 1.51644 , 1.42906 , 0.857349 , 1.08956 , 1.25809 , 1.05898 , 1.02004 , 1.17774 , 1.03815 , 0.677134 , 0.690117 , 1.21972 , 1.21835 , 1.3807 , 0.66152 , 0.829169 , 0.788042 , 0.846415 , 0.83679 , 1.17489 , 0.974472 , 1.0623 , 1.14607 , 1.04172 , 1.15932 , 1.08642 , 0.809945 , 0.996833 , 1.09533 , 1.42347 , 1.56388 , 1.37464 , 1.0332 , 1.02265 , 1.09646 , 1.49044 , 1.1853 , 1.03392 , 1.77453 , 0.85847 , 1.39974 , 1.55933 , 0.849774 , 1.11374 , 1.51654 , 0.948494 , 1.45289 , 0.82525 , 0.704734 , 1.34332 , 1.37773 , 0.812126 , 0.9517 , 1.41778 , 1.34656 , 0.638449 , 1.22788 , 0.814056 , 1.38041 , 0.60914 , 0.815682 , 1.43201 , 0.805247 , 1.09281 , 0.566598 , 1.12252 , 0.875875 , 0.927218 , 1.61232 , 1.07079 , 1.29535 , 0.892493 , 0.999154 , 0.893835 , 1.50257 , 1.35911 , 1.73909 , 0.827642 , 1.08733 , 1.5076 , 1.45713 , 0.774908 , 1.57546 , 1.1461 , 1.49043 , 1.26044 , 1.36179 , 1.29565 , 1.56018 , 0.803208 , 1.17035 , 0.930149 , 1.31076 , 0.93875 , 1.01257 , 0.691025 , 1.13694 , 0.963365 , 0.675398 , 0.955405 , 1.37081 , 0.527796 , 0.944367 , 0.95219 , 0.620803 , 0.994389 , 0.671124 , 1.10099 , 1.2091 , 0.962005 , 0.673814 , 0.889638 , 1.11956 , 1.09706 , 1.08995 , 0.859402 , 1.65585 , 1.15227 , 0.747039 , 1.63061 , 1.49748 , 1.06051 , 1.1371 , 1.04186 , 1.3001 , 1.33328 , 0.977151 , 1.2776 , 0.632645 , 1.67296 , 0.924455 , 1.42877 , 1.07334 , 0.648813 , 0.994 , 0.863807 , 0.827937 , 0.922399 , 0.827486 , 1.91252 , 1.35772 , 0.759327 , 1.35669 , 0.996913 , 1.13466 , 1.19286 , 1.25518 , 0.667864 , 1.59254 , 1.03021 , 0.814086 , 1.03679 , 0.769896 , 1.07275 , 1.14703 , 1.11982 , 0.88645 , 1.02666 , 0.673348 , 1.00295 , 0.992186 , 1.04088 , 1.14765 , 1.23023 , 0.904264 , 1.11977 , 1.17393 , 1.26736 , 1.04504 , 1.12444 , 0.814538 , 1.04544 , 1.51657 , 0.897532 , 1.01659 , 1.16013 , 0.865814 , 0.641366 , 1.25129 , 0.798979 , 1.39389 , 1.56042 , 0.99759 , 1.041 , 0.962749 , 1.55834 , 0.927981 , 1.25513 , 1.6054 , 1.24594 , 1.13184 , 0.907983 , 0.789333 , 0.978792 , 0.918848 , 1.0309 , 0.941754 , 0.978859 , 1.02602 , 0.477305 , 0.927261 , 0.865636 , 0.75412 , 0.843385 , 0.93301 , 1.37616 , 1.0038 , 0.978694 , 1.43711 , 1.50222 , 1.06043 , 0.864808 , 1.00953 , 1.16779 , 1.17771 , 0.741044 , 1.13076 , 0.802637 , 0.855256 , 1.24098 , 0.747381 , 0.574549 , 0.861888 , 0.941199 , 0.72108 , 1.09543 , 1.31193 , 1.11974 , 1.35876 , 1.10442 , 0.97676 , 0.734619 , 1.47201 , 1.34822 , 0.811578 , 0.915997 , 0.682167 , 1.04643 , 1.20415 , 0.979384 , 0.563445 , 1.46335 , 1.23116 , 1.08825 , 1.5635 , 0.996422 , 0.67262 , 1.09716 , 1.17358 , 0.738631 , 0.880109 , 0.823397 , 1.25133 , 0.703386 , 0.749834 , 0.739472 , 0.75041 , 0.932586 , 1.23403 , 0.808958 , 1.01357 , 1.11871 , 1.01911 , 1.62014 , 1.36839 , 0.963075 , 1.15061 , 1.16341 , 1.27127 , 1.13486 , 1.21602 , 0.977967 , 0.785386 , 1.79812 , 0.962324 , 0.782499 , 0.853985 , 0.963364 , 0.972047 , 0.676365 , 0.912467 , 1.37497 , 1.59859 , 1.67368 , 1.03373 , 0.99595 , 0.973901 , 0.769073 , 0.952881 , 1.1027 , 1.05099 , 0.839413 , 1.05325 , 0.788014 , 1.77993 , 1.14148 , 1.50684 , 1.11222 , 1.47698 , 1.13879 , 1.05361 , 0.85843 , 0.815454 , 1.28549 , 1.09316 , 1.02898 , 0.946665 , 1.17433 , 0.536248 , 1.14322 , 0.583563 , 1.25268 , 1.43682 , 1.17873 , 0.505186 , 1.32292 , 1.34048 , 0.94885 , 0.874871 , 1.4108 , 0.872975 , 0.93837 , 1.35624 , 1.39302 , 0.848148 , 0.769539 , 1.04913 , 0.952542 , 0.76828 , 1.03094 , 0.75905 , 0.79453 , 1.28262 , 1.3448 , 1.66087 , 0.964875 , 0.875572 , 1.17311 , 1.03991 , 0.954816 , 0.893963 , 0.973815 , 0.792364 , 0.64862 , 0.465285 , 0.901747 , 0.774756 , 0.996308 , 0.934392 , 0.877283 , 1.28775 , 0.824695 , 1.26983 , 1.41054 , 0.826174 , 1.28909 , 1.242 , 1.05065 , 1.06191 , 0.615794 , 1.0641 , 0.884086 , 0.66141 , 1.52974 , 0.967136 , 1.441 , 0.896801 , 1.58446 , 1.37203 , 1.02723 , 0.967472 , 1.36555 , 0.727928 , 1.34369 , 0.669925 , 0.89771 , 1.41695 , 1.33147 , 1.08297 , 1.10943 , 1.41801 , 0.874012 , 1.05754 , 1.17973 , 0.862914 , 0.767468 , 0.956365 , 0.611077 , 1.2204 , 1.10681 , 1.133 , 1.06166 , 0.988436 , 0.722602 , 1.16972 , 0.843816 , 0.860836 , 1.15183 , 0.98256 , 1.2182 , 1.11205 , 0.9097 , 0.705197 , 1.08171 , 0.541914 , 1.12785 , 1.65957 , 1.09741 , 0.894089 , 1.32773 , 0.906434 , 0.991984 , 1.18861 , 1.32721 , 0.996658 , 0.573733 , 1.41187 , 1.07467 , 1.43649 , 1.11416 , 1.0143 , 0.728502 , 0.913327 , 0.813827 , 1.10284 , 1.37534 , 1.26737 , 0.910104 , 0.768175 , 0.922167 , 0.809293 , 1.11335 , 1.52488 , 1.09029 , 0.799498 , 0.887982 , 1.2521 , 0.905321 , 1.15006 , 1.19407 , 0.833995 , 1.32196 , 1.33931 , 1.02369 , 0.789383 , 1.08745 , 1.5444 , 1.20764 , 0.947742 , 1.25765 , 1.43712 , 1.05085 , 0.827015 , 1.09605 , 1.46184 , 1.03198 , 1.15141 , 1.00878 , 1.01702 , 1.00599 , 0.864469 , 1.02423 , 1.25416 , 0.720266 , 0.856427 , 1.30073 , 0.992136 , 1.22587 , 1.17573 , 0.70609 , 1.16747 , 1.10324 , 0.957923 , 1.26626 , 1.04932 , 0.945383 , 0.860821 , 1.23971 , 0.59483 , 1.03688 , 1.0226 , 1.0226 , 1.13371 , 1.04431 , 0.742187 , 1.2893 , 1.03472 , 1.26412 , 0.91323 , 0.887895 , 1.50582 , 0.932596 , 1.02988 , 0.630189 , 0.805512 , 0.780442 , 1.27787 , 0.777864 , 1.03211 , 0.936733 , 1.17231 , 0.867106 , 0.890358 , 0.963454 , 1.2097 , 0.785442 , 0.964348 , 1.28614 , 0.827811 , 1.67751 , 1.19286 , 0.938209 , 0.787199 , 0.836462 , 0.665832 , 1.06689 , 0.619572 , 0.793273 , 0.990949 , 0.440905 , 0.592009 , 0.806967 , 1.59081 , 0.556462 , 1.09961 , 0.876096 , 1.10252 , 0.951355 , 1.04167 , 0.935557 , 0.815625 , 0.769795 , 0.940214 , 0.671347 , 1.35609 , 0.88478 , 0.719499 , 0.981364 , 1.15149 , 1.2671 , 1.04939 , 1.06837 , 1.12169 , 1.05169 , 1.15953 , 0.750493 , 0.882056 , 1.29254 , 1.08622 , 1.03866 , 1.35617 , 1.52256 , 0.940444 , 1.32243 , 1.22845 , 0.938669 , 0.597107 , 1.27659 , 1.28324 , 0.730829 , 0.943589 , 0.834104 , 1.05309 , 1.15988 , 1.3164 , 0.915848 , 1.40563 , 0.617172 , 1.04335 , 1.4027 , 0.884126 , 1.24921 , 0.958015 , 0.735929 , 0.990918 , 1.55473 , 1.1744 , 1.78693 , 1.01816 , 0.95253 , 0.872056 , 0.890698 , 0.787163 , 1.42512 , 0.579891 , 0.777653 , 0.596526 , 1.10889 , 0.895987 , 1.13826 , 1.52396 , 1.16712 , 1.04145 , 1.109 , 0.752026 , 1.43758 , 1.17672 , 1.09528 , 1.20054 , 1.45055 , 1.01875 , 1.01254 , 1.23005 , 1.33517 , 0.913723 , 1.67645 , 0.87295 , 1.10987 , 0.68784 , 1.13426 , 1.15235 , 1.5461 , 1.15148 , 0.932334 , 0.882995 , 1.13351 , 0.839095 , 0.81453 , 0.798106 , 0.732958 , 1.34693 , 0.99157 , 1.43591 , 0.749355 , 0.958354 , 1.11124 , 0.950445 , 0.93038 , 1.13629 , 0.971461 , 1.24915 , 0.871492 , 0.882869 , 1.02019 , 0.91046 , 0.992322 , 0.853809 , 1.16275 , 0.727584 , 1.06496 , 0.862841 , 1.90478 , 1.00236 , 0.567831 , 1.80596 , 0.885503 , 1.02461 , 1.21586 , 0.852213 , 1.23741 , 1.04216 , 1.03925 , 2.11092 , 1.36984 , 1.59212 , 1.40076 , 0.920198 , 0.766401 , 0.93024 , 0.845494 , 1.36706 , 1.09119 , 1.14619 , 0.937668 , 1.35953 , 0.68126 , 0.869283 , 0.960216 , 0.868595 , 1.17716 , 0.862966 , 0.549253 , 1.07544 , 1.08257 , 0.717105 , 1.53155 , 0.972663 , 0.717622 , 1.11222 , 1.25183 , 1.19924 , 1.16138 , 1.49285 , 0.873363 , 0.908235 , 0.92424 , 0.993878 , 1.36015 , 1.30265 , 1.12866 , 1.01499 , 1.77817 , 1.53432 , 0.776647 , 1.43704 , 1.42249 , 1.19397 , 0.652485 , 1.60797 , 0.703694 , 0.535599 , 0.699893 , 1.44119 , 0.690574 , 1.1922 , 0.931548 , 0.802417 , 1.02066 , 0.88947 , 1.22077 , 0.968862 , 0.78685 , 1.57555 , 0.92345 , 0.835827 , 0.973598 , 0.925896 , 1.12655 , 0.796742 , 0.612477 , 0.57688 , 0.783908 , 1.13515 , 1.15876 , 1.05423 , 1.21685 , 0.803768 , 0.741617 , 1.0934 , 1.64881 , 1.00377 , 1.35026 , 1.48921 , 0.894621 , 1.17443 , 0.653562 , 0.822321 , 0.876653 , 1.23825 , 1.42025 , 1.1192 , 1.24778 , 1.06626 , 1.31631 , 1.01946 , 1.75134 , 0.961522 , 