avg1=[0.73091 , 1.06092 , 1.09998 , 1.46526 , 1.18567 , 1.19415 , 0.794796 , 1.45753 , 1.16328 , 1.14058 , 1.15536 , 0.545579 , 0.853124 , 0.802082 , 1.11845 , 0.44323 , 1.24953 , 1.7483 , 1.0848 , 0.876542 , 0.556242 , 0.626265 , 1.15282 , 1.78785 , 1.77102 , 1.10385 , 0.844408 , 0.529266 , 0.809572 , 0.630235 , 1.32443 , 0.782562 , 1.60053 , 1.00143 , 0.817346 , 0.647052 , 0.783718 , 0.955417 , 0.911518 , 0.91249 , 0.935266 , 1.24554 , 1.01008 , 0.695411 , 1.68301 , 0.548988 , 1.68705 , 2.89011 , 1.133 , 0.932203 , 0.88911 , 1.82793 , 0.632308 , 0.739186 , 1.03641 , 1.27743 , 1.32492 , 1.54919 , 0.742839 , 0.587567 , 1.07884 , 1.28013 , 0.745198 , 2.17964 , 0.91191 , 1.14634 , 0.736286 , 1.07204 , 1.33415 , 0.888509 , 1.23943 , 2.14978 , 1.43884 , 1.39618 , 0.584822 , 0.995571 , 1.00235 , 1.35504 , 0.62515 , 1.43653 , 0.883094 , 1.41955 , 0.835841 , 1.98358 , 0.908674 , 0.59404 , 0.851829 , 1.07165 , 1.58716 , 1.49131 , 1.3871 , 0.61009 , 0.422384 , 1.17722 , 1.16613 , 1.71144 , 1.70347 , 0.867869 , 1.16649 , 0.723967 , 0.649765 , 1.42153 , 1.50763 , 2.21058 , 0.833801 , 1.17185 , 0.735247 , 0.627094 , 0.908852 , 0.609669 , 1.64328 , 1.18878 , 1.35091 , 1.31547 , 0.969788 , 2.06357 , 0.624032 , 1.35919 , 0.993995 , 0.734049 , 0.910644 , 0.655469 , 0.632012 , 0.697944 , 0.897549 , 1.31815 , 0.831527 , 0.980395 , 0.497669 , 1.6 , 0.885782 , 0.486155 , 1.64111 , 1.94447 , 1.28999 , 0.932202 , 0.404369 , 2.10821 , 1.06783 , 1.26947 , 0.922548 , 1.40309 , 0.888441 , 0.894386 , 1.74243 , 0.756531 , 1.8353 , 0.968592 , 1.08804 , 1.26442 , 1.33762 , 0.843696 , 0.867168 , 1.71498 , 0.866064 , 0.706254 , 1.84917 , 0.693046 , 1.30265 , 1.01968 , 0.708066 , 1.04212 , 0.711584 , 0.932652 , 3.25813 , 1.07468 , 0.762635 , 2.30309 , 0.669907 , 0.969881 , 0.495266 , 0.651465 , 1.02168 , 1.45602 , 2.05842 , 1.07309 , 0.894918 , 0.794974 , 1.00546 , 1.59652 , 1.44234 , 1.53536 , 0.6966 , 1.02914 , 0.94004 , 1.25402 , 0.819391 , 0.677602 , 0.649019 , 0.593507 , 0.598625 , 0.751337 , 1.4658 , 1.2397 , 0.499243 , 1.4579 , 1.38249 , 0.639356 , 1.31426 , 1.53328 , 0.755042 , 1.09821 , 0.842264 , 0.793531 , 0.828944 , 0.828051 , 0.974375 , 0.6432 , 0.665945 , 1.39228 , 1.1631 , 1.36198 , 0.820458 , 1.22192 , 0.599485 , 1.06633 , 0.746721 , 1.32749 , 0.872038 , 1.51153 , 0.488945 , 0.898137 , 0.828989 , 1.51844 , 0.603821 , 1.27836 , 1.49778 , 0.439832 , 0.774361 , 1.93575 , 1.12991 , 0.914635 , 0.643897 , 0.86846 , 1.7811 , 1.30523 , 1.22547 , 1.54258 , 1.20565 , 0.65386 , 1.35489 , 1.04926 , 0.77442 , 0.760312 , 0.761138 , 1.34909 , 1.38118 , 0.612275 , 0.975329 , 1.39214 , 0.620821 , 0.782786 , 0.979096 , 0.830132 , 0.64879 , 2.01226 , 1.08313 , 0.849996 , 1.7814 , 0.913048 , 2.45584 , 1.66956 , 1.10204 , 0.531256 , 1.97384 , 1.13033 , 1.46202 , 1.10508 , 1.18129 , 1.62191 , 0.942915 , 0.69829 , 1.6013 , 1.59251 , 0.623986 , 0.934887 , 0.929846 , 1.25708 , 1.10295 , 0.951583 , 0.93485 , 1.33631 , 0.558291 , 1.24155 , 0.937059 , 1.37186 , 0.863186 , 1.1712 , 1.21463 , 1.21308 , 1.20207 , 0.78868 , 1.1827 , 0.69723 , 0.844605 , 2.17136 , 1.3818 , 0.493188 , 1.30091 , 1.14977 , 1.0564 , 2.25031 , 1.01413 , 1.27177 , 0.835379 , 0.429692 , 2.24778 , 1.57979 , 1.02528 , 0.879471 , 0.698413 , 1.37602 , 1.05397 , 1.0126 , 0.708697 , 0.707422 , 0.783604 , 0.911481 , 0.742883 , 1.73658 , 0.758661 , 0.6919 , 1.11411 , 1.11843 , 1.02256 , 1.10818 , 1.42011 , 2.0333 , 0.926428 , 0.977768 , 1.01617 , 1.79967 , 0.979758 , 1.56235 , 2.23276 , 1.00031 , 1.3422 , 1.10264 , 0.970745 , 0.955707 , 0.687291 , 1.00916 , 0.915671 , 1.05173 , 0.910753 , 1.22653 , 1.24612 , 0.412057 , 1.12992 , 0.702891 , 2.00115 , 1.23082 , 0.614063 , 0.513409 , 1.091 , 1.11152 , 1.01433 , 0.645171 , 2.43483 , 0.913244 , 1.05233 , 0.767275 , 0.998255 , 0.715323 , 0.766174 , 0.892878 , 1.02864 , 0.990473 , 0.779156 , 0.974203 , 1.61201 , 0.750038 , 1.5207 , 0.882631 , 0.695295 , 0.991655 , 1.26128 , 0.70706 , 0.649769 , 0.90421 , 0.776271 , 1.32801 , 0.765917 , 1.24885 , 1.17035 , 0.550315 , 1.63022 , 0.925135 , 0.580791 , 1.73061 , 0.690034 , 0.558262 , 2.00161 , 1.18147 , 0.971776 , 0.626695 , 1.00807 , 1.20581 , 1.22508 , 1.33638 , 1.24031 , 1.10808 , 0.678931 , 0.995779 , 1.28186 , 0.938431 , 0.631142 , 1.9541 , 1.21734 , 0.907203 , 0.345166 , 0.933729 , 0.991697 , 0.49194 , 1.28493 , 0.824096 , 1.21827 , 1.02004 , 0.689148 , 1.42896 , 1.07285 , 0.945982 , 1.00985 , 0.942135 , 0.975975 , 0.496986 , 0.549507 , 0.929982 , 1.26398 , 2.18729 , 1.41282 , 0.822752 , 1.59053 , 1.54217 , 2.10542 , 1.77147 , 2.18382 , 0.764452 , 1.07482 , 1.29484 , 0.827196 , 0.474609 , 1.32753 , 0.729028 , 1.06031 , 1.30868 , 0.991048 , 1.32278 , 1.61182 , 1.089 , 0.678535 , 1.11554 , 2.02922 , 0.771142 , 1.28679 , 0.608079 , 0.659782 , 0.649259 , 1.07059 , 1.89205 , 1.06657 , 1.18616 , 1.34035 , 1.1104 , 0.649957 , 1.08209 , 1.4324 , 1.06679 , 1.31437 , 0.829541 , 1.10355 , 1.48849 , 0.773944 , 1.27767 , 1.23669 , 0.575649 , 0.967295 , 0.776917 , 0.578058 , 0.70586 , 0.687476 , 0.864486 , 1.59881 , 0.898979 , 0.416228 , 1.73766 , 1.00408 , 0.686208 , 1.79317 , 1.30013 , 1.31967 , 1.35389 , 0.802443 , 2.01468 , 1.76106 , 0.791285 , 0.791785 , 1.37655 , 1.23829 , 0.798464 , 0.988758 , 1.43861 , 1.04565 , 0.781638 , 0.952976 , 0.760681 , 1.77206 , 1.56039 , 1.1687 , 1.29162 , 0.649684 , 1.10822 , 1.19172 , 0.487201 , 0.695586 , 0.77939 , 1.22848 , 1.06509 , 1.84076 , 1.21179 , 0.881887 , 1.54295 , 0.795487 , 0.899692 , 1.16665 , 0.588639 , 1.20176 , 0.823908 , 2.13803 , 0.590432 , 0.851163 , 1.66227 , 0.554136 , 0.671343 , 2.28135 , 0.820586 , 1.57736 , 0.717001 , 1.64133 , 1.394 , 1.37305 , 0.576227 , 1.28143 , 1.44332 , 0.717712 , 1.99471 , 0.339924 , 0.694909 , 1.4245 , 1.43644 , 1.73415 , 0.532351 , 1.07247 , 0.617411 , 0.769819 , 1.27105 , 1.66185 , 1.04104 , 0.819728 , 1.81614 , 0.843261 , 0.635616 , 0.940108 , 0.525666 , 2.16165 , 0.730678 , 1.37153 , 0.546146 , 0.335808 , 1.04911 , 0.918287 , 2.19294 , 1.06813 , 0.536616 , 0.722238 , 1.02014 , 0.598478 , 0.507874 , 0.679719 , 1.03086 , 0.66435 , 1.61022 , 0.876503 , 0.692281 , 0.86822 , 1.14235 , 1.4914 , 0.681349 , 1.05626 , 0.985447 , 0.8678 , 0.545573 , 0.700904 , 1.06265 , 0.793637 , 1.1989 , 0.737907 , 0.820602 , 1.25134 , 1.10792 , 0.846911 , 0.851708 , 1.38573 , 1.71304 , 0.808192 , 1.13774 , 1.08186 , 1.18251 , 1.31807 , 0.952986 , 1.43742 , 1.2148 , 0.74254 , 1.10877 , 0.745301 , 2.14384 , 1.37819 , 1.19161 , 1.07115 , 0.982836 , 1.55666 , 0.908202 , 1.34151 , 0.901189 , 1.80728 , 1.0549 , 0.963272 , 0.599174 , 1.1199 , 1.62003 , 0.465021 , 0.601078 , 1.1894 , 1.38011 , 1.14556 , 1.8279 , 0.599987 , 0.692684 , 1.59667 , 0.624842 , 2.71921 , 1.2731 , 0.944288 , 1.77813 , 1.23515 , 1.02974 , 0.686695 , 0.994117 , 1.41789 , 1.64374 , 1.91274 , 1.67529 , 0.764321 , 0.679405 , 1.80226 , 0.665826 , 1.67458 , 0.981304 , 0.493829 , 0.790425 , 1.75746 , 0.851103 , 2.39387 , 0.994343 , 1.0855 , 1.37932 , 2.06769 , 1.09272 , 0.815115 , 0.982502 , 0.835342 , 1.96884 , 0.905506 , 2.07883 , 1.38065 , 1.0358 , 1.77469 , 0.462793 , 1.31525 , 0.914479 , 1.43576 , 0.941102 , 1.37939 , 1.46816 , 1.28601 , 2.2978 , 1.01714 , 0.955962 , 1.51188 , 0.711412 , 1.06016 , 1.42113 , 1.00867 , 0.759185 , 1.00057 , 1.26915 , 1.11552 , 0.78293 , 0.943544 , 1.16013 , 1.2578 , 1.88577 , 1.06628 , 1.09294 , 0.654915 , 0.961066 , 0.651596 , 1.46558 , 0.995323 , 1.0271 , 0.856308 , 1.25872 , 0.838084 , 0.973981 , 1.09786 , 2.21724 , 1.49899 , 1.28332 , 1.0022 , 0.734275 , 0.901755 , 1.43717 , 0.725751 , 0.750026 , 0.83389 , 1.29067 , 0.753767 , 0.469443 , 0.644607 , 1.33085 , 0.915279 , 1.14091 , 0.650597 , 0.898358 , 0.661946 , 0.877219 , 0.781249 , 1.24303 , 0.86347 , 1.78456 , 1.44791 , 1.16836 , 3.4829 , 1.30731 , 2.07137 , 0.937314 , 1.16412 , 1.45692 , 3.35847 , 1.06755 , 0.644119 , 0.884346 , 0.497311 , 1.38019 , 1.19701 , 1.13399 , 1.71236 , 0.97803 , 2.01182 , 1.67103 , 0.562836 , 2.5165 , 0.661743 , 1.17579 , 0.839245 , 1.66423 , 1.26736 , 0.763053 , 1.28982 , 1.14645 , 1.23775 , 0.539253 , 