avg1=[0.964978 , 2.69881 , 0.883302 , 2.07926 , 0.990464 , 3.351 , 0.834747 , 0.426133 , 4.12316 , 1.63631 , 1.14108 , 1.26996 , 4.14477 , 1.77151 , 1.75364 , 0.980402 , 0.994455 , 0.743148 , 0.989603 , 1.056 , 1.14994 , 0.663194 , 0.958115 , 2.12666 , 2.1228 , 1.58693 , 1.06934 , 1.29658 , 1.37283 , 0.478409 , 0.831382 , 0.498887 , 0.794404 , 0.818007 , 0.800771 , 1.37736 , 0.389359 , 0.452149 , 1.5289 , 1.21036 , 0.735239 , 0.306501 , 1.34571 , 1.02946 , 1.01451 , 0.518245 , 0.596811 , 0.406704 , 0.960185 , 0.946827 , 2.29941 , 0.571243 , 1.83995 , 1.41107 , 0.62905 , 0.474713 , 0.683335 , 2.24415 , 4.2423 , 1.15268 , 1.73856 , 0.626253 , 1.66466 , 3.48529 , 1.1677 , 1.02661 , 1.44834 , 0.301751 , 0.761221 , 0.873904 , 0.690107 , 4.16666 , 3.70643 , 1.28667 , 1.17827 , 2.0355 , 0.990327 , 0.895256 , 0.763431 , 2.22344 , 1.38519 , 1.20716 , 0.660087 , 1.87872 , 0.960004 , 3.75958 , 1.20221 , 1.00401 , 1.68378 , 0.42417 , 0.709427 , 1.01993 , 1.60326 , 0.454025 , 0.761486 , 2.19841 , 0.481797 , 1.12092 , 1.68944 , 0.590981 , 0.917874 , 2.6689 , 0.752313 , 1.67413 , 1.78826 , 1.81992 , 0.237791 , 2.64703 , 0.743969 , 0.319778 , 1.15625 , 3.12886 , 7.44733 , 0.634981 , 0.430387 , 0.676034 , 2.94049 , 2.07612 , 0.566963 , 1.67076 , 0.384033 , 2.92834 , 0.772692 , 0.809558 , 1.0083 , 2.59109 , 1.06218 , 0.525361 , 0.461068 , 1.35263 , 0.609494 , 2.20239 , 0.609385 , 0.510019 , 1.13925 , 1.13763 , 1.39879 , 0.183922 , 1.53463 , 1.32611 , 0.726487 , 1.5907 , 1.26198 , 0.736637 , 1.60093 , 1.04839 , 1.21367 , 0.40196 , 0.597677 , 0.885054 , 0.740582 , 0.789221 , 0.915158 , 2.26481 , 0.712472 , 0.781409 , 27.9699 , 1.0639 , 0.13497 , 0.332863 , 0.689363 , 3.3067 , 1.73039 , 0.226277 , 2.16422 , 0.685543 , 1.74456 , 0.82227 , 0.821829 , 2.12089 , 1.6506 , 1.12707 , 0.866026 , 3.3276 , 1.89656 , 2.53708 , 1.48607 , 0.940249 , 2.77888 , 2.23428 , 0.846126 , 0.48631 , 1.63014 , 1.51643 , 0.814843 , 1.19325 , 1.18047 , 0.835616 , 1.51947 , 0.690699 , 2.74125 , 3.47089 , 1.02751 , 0.171398 , 1.02737 , 0.812081 , 1.05701 , 0.86893 , 0.390967 , 0.153477 , 1.39465 , 1.55351 , 0.642526 , 0.692278 , 0.554053 , 1.13953 , 0.447905 , 1.94563 , 0.711969 , 1.99024 , 1.2197 , 1.68876 , 0.791332 , 1.03122 , 4.50379 , 0.675759 , 0.652727 , 1.75861 , 0.441469 , 0.994854 , 0.306945 , 0.930962 , 1.80129 , 1.6102 , 1.39735 , 3.03017 , 0.487873 , 1.96683 , 2.17231 , 1.78477 , 0.526547 , 1.67815 , 0.463814 , 1.87815 , 0.798125 , 2.66742 , 2.09627 , 2.39605 , 2.98214 , 0.49349 , 0.816018 , 2.24987 , 0.902705 , 0.491926 , 0.750166 , 1.18498 , 0.626111 , 1.53143 , 0.647651 , 1.17843 , 1.43228 , 1.08457 , 0.530766 , 0.384035 , 1.18105 , 1.43881 , 0.902665 , 0.669981 , 0.794515 , 0.66151 , 0.590912 , 1.73341 , 2.01322 , 1.28368 , 1.54847 , 1.43193 , 2.38933 , 5.74818 , 0.255873 , 0.423594 , 1.03365 , 0.561759 , 2.36656 , 0.905483 , 1.05253 , 0.395451 , 1.01347 , 1.3439 , 1.4124 , 1.14686 , 1.12403 , 1.75863 , 0.865658 , 2.92467 , 1.58154 , 0.726362 , 1.13869 , 1.01834 , 0.786564 , 0.633741 , 1.77488 , 1.20385 , 0.377163 , 0.446218 , 1.60839 , 4.37588 , 1.67477 , 2.05158 , 0.475291 , 0.453378 , 1.00038 , 1.88731 , 4.72467 , 0.895399 , 0.288512 , 1.40914 , 1.83526 , 1.29091 , 1.59809 , 1.43986 , 0.510271 , 0.867867 , 0.325551 , 0.89808 , 2.75626 , 1.25095 , 0.180934 , 0.578871 , 0.834898 , 1.18614 , 1.0988 , 0.671912 , 2.09751 , 1.41326 , 1.51938 , 0.543673 , 2.95459 , 0.856725 , 2.16495 , 4.29434 , 1.0472 , 1.62933 , 0.862732 , 0.997897 , 1.36714 , 0.829718 , 2.09418 , 0.947345 , 0.764377 , 1.32745 , 3.28892 , 0.891383 , 2.54725 , 0.291575 , 1.09017 , 2.50958 , 2.13191 , 1.33866 , 1.08962 , 2.25144 , 0.384657 , 0.681668 , 1.14061 , 1.70022 , 0.607733 , 0.731128 , 1.87064 , 1.06252 , 3.54136 , 0.623076 , 1.87206 , 0.96003 , 1.42029 , 0.965308 , 1.13757 , 0.89846 , 2.94855 , 3.69332 , 1.3428 , 0.699724 , 1.86095 , 0.797563 , 0.535576 , 0.668839 , 1.43715 , 2.45552 , 0.76971 , 0.446762 , 0.404536 , 0.719863 , 0.408976 , 1.42875 , 1.2207 , 0.920899 , 1.18153 , 1.01713 , 3.92513 , 1.64033 , 0.546948 , 2.60042 , 0.591372 , 1.49393 , 1.32007 , 1.15311 , 0.757778 , 0.63454 , 3.17462 , 0.72669 , 0.698684 , 0.224945 , 1.38916 , 1.65212 , 0.296798 , 2.71361 , 1.07374 , 0.9251 , 1.81887 , 2.16336 , 1.78911 , 1.34079 , 4.29463 , 0.285102 , 0.573633 , 1.5947 , 0.81969 , 1.11835 , 1.95739 , 0.894878 , 1.22791 , 0.920098 , 1.44191 , 0.216614 , 2.03547 , 4.20245 , 0.62069 , 0.442974 , 1.22656 , 1.14987 , 0.976641 , 1.21126 , 1.04876 , 2.72791 , 1.97185 , 1.6914 , 0.949188 , 1.14631 , 3.78801 , 2.74193 , 0.972347 , 1.4182 , 0.711256 , 0.818446 , 1.59922 , 1.18151 , 0.97538 , 2.33575 , 0.353227 , 2.36837 , 1.07731 , 1.30818 , 1.60465 , 1.31053 , 1.2865 , 0.576197 , 1.64552 , 1.41476 , 0.932906 , 0.647662 , 3.44089 , 0.793931 , 3.09096 , 1.46775 , 1.85542 , 1.78525 , 2.37031 , 1.66722 , 2.53339 , 0.762887 , 1.52221 , 0.981349 , 1.39313 , 0.701178 , 4.57537 , 2.54689 , 0.387194 , 0.927752 , 2.09888 , 0.875039 , 1.48195 , 0.221799 , 0.379883 , 1.07976 , 0.983848 , 3.12224 , 1.1833 , 0.710979 , 0.881218 , 1.52329 , 0.580795 , 0.664165 , 3.28909 , 0.340184 , 0.836461 , 0.997577 , 3.16462 , 1.04557 , 0.941754 , 0.537498 , 1.02305 , 1.04872 , 0.608531 , 1.41612 , 1.23798 , 1.18049 , 1.5035 , 1.23098 , 2.7759 , 1.65201 , 1.71174 , 1.17658 , 0.41458 , 1.41355 , 3.52138 , 0.526714 , 1.55588 , 1.01775 , 0.351097 , 0.234029 , 1.68859 , 0.361477 , 0.516219 , 0.553332 , 2.92666 , 1.90109 , 0.681738 , 0.505648 , 1.63128 , 1.78171 , 1.08079 , 1.13393 , 1.27906 , 0.51162 , 0.760079 , 3.50765 , 0.638955 , 0.99669 , 0.654131 , 1.32734 , 2.2731 , 2.45661 , 0.903742 , 1.11213 , 1.16632 , 0.592485 , 0.780538 , 1.61576 , 0.976651 , 1.81525 , 2.35184 , 0.699878 , 0.966981 , 2.14394 , 1.48299 , 0.376542 , 1.57195 , 2.82735 , 2.44568 , 0.274201 , 1.90517 , 1.14308 , 0.413121 , 1.51238 , 1.36866 , 2.47969 , 0.914855 , 1.33394 , 5.32373 , 2.79669 , 0.662321 , 4.046 , 1.59219 , 0.601886 , 0.519282 , 1.60131 , 1.03307 , 1.07275 , 1.77029 , 0.409675 , 0.931381 , 1.18484 , 0.561249 , 1.57798 , 3.3995 , 1.88076 , 0.759456 , 1.33495 , 1.12647 , 1.63963 , 1.39804 , 0.996293 , 0.936031 , 0.883737 , 1.12934 , 0.286655 , 1.34024 , 1.54131 , 0.204849 , 0.614723 , 1.51667 , 1.38937 , 1.43788 , 1.94346 , 1.49061 , 0.846719 , 1.41176 , 2.1836 , 5.32417 , 0.491669 , 0.803983 , 0.429648 , 2.30827 , 1.12459 , 0.570564 , 0.578366 , 0.70572 , 1.06393 , 1.14137 , 0.948115 , 0.875395 , 0.557003 , 1.56063 , 0.915185 , 0.499954 , 0.948877 , 0.943394 , 0.523155 , 1.24938 , 1.59182 , 1.63215 , 0.639494 , 1.09968 , 1.21783 , 1.20015 , 1.15632 , 1.20029 , 0.990072 , 0.981084 , 0.25659 , 0.699543 , 2.34028 , 4.98735 , 2.09568 , 0.625682 , 0.455038 , 1.95629 , 0.588133 , 1.26638 , 3.17019 , 0.913261 , 2.82024 , 1.62884 , 2.75042 , 0.914368 , 2.21858 , 0.529003 , 1.47172 , 1.61466 , 1.81469 , 2.53518 , 0.884992 , 1.77843 , 1.0355 , 1.32829 , 0.633842 , 1.14916 , 4.01174 , 1.77053 , 0.880365 , 0.789903 , 0.644572 , 1.25261 , 2.84547 , 0.396061 , 0.850185 , 1.7517 , 1.8683 , 1.0308 , 1.36535 , 1.47279 , 0.905969 , 0.678194 , 1.83503 , 1.09089 , 1.72531 , 2.24738 , 1.02647 , 2.67399 , 3.61413 , 6.07152 , 0.823703 , 2.24119 , 0.559379 , 0.309966 , 0.551675 , 0.499318 , 1.11701 , 0.95825 , 0.72988 , 0.629236 , 4.70272 , 0.865167 , 4.7247 , 2.53656 , 0.833982 , 0.52205 , 2.11049 , 0.898912 , 1.73019 , 3.28383 , 1.73712 , 1.08737 , 1.47878 , 0.517345 , 0.891225 , 1.83207 , 1.20452 , 9.1699 , 0.48996 , 3.02018 , 0.522807 , 1.81672 , 6.14933 , 1.06553 , 1.18919 , 0.633563 , 0.902065 , 1.99499 , 0.791744 , 0.682452 , 0.690789 , 0.923864 , 1.51218 , 1.0809 , 0.54795 , 0.83399 , 0.814929 , 0.405526 , 0.674622 , 1.11593 , 3.64018 , 0.665983 , 1.97891 , 0.830184 , 2.1957 , 0.533877 , 2.32129 , 5.46973 , 1.12348 , 1.34922 , 1.27034 , 1.06456 , 0.364039 , 1.29493 , 1.0361 , 0.835404 , 1.60079 , 0.852701 , 2.09092 , 0.564786 , 0.549171 , 1.36323 , 1.18288 , 1.30705 , 1.06126 , 0.465675 , 1.06029 , 1.49757 , 1.06547 , 4.69844 , 0.797168 , 0.570369 , 1.03635 , 2.19453 , 0.876515 ,