avg1=[0.318363 , 0.698255 , 1.75531 , 1.89012 , 0.343875 , 2.7017 , 1.54785 , 1.22556 , 1.20182 , 1.58244 , 1.71279 , 0.334933 , 1.44039 , 1.1591 , 1.32024 , 4.65764 , 1.64589 , 3.85872 , 0.904613 , 1.78111 , 0.706685 , 4.12554 , 0.650824 , 1.38116 , 0.788693 , 0.544998 , 0.782614 , 0.903236 , 1.66236 , 0.749885 , 0.899315 , 0.967882 , 0.91926 , 0.684037 , 0.8654 , 2.9614 , 0.26033 , 0.356537 , 2.33597 , 2.30465 , 0.890782 , 1.20906 , 0.654316 , 1.28808 , 1.55391 , 0.894039 , 0.937616 , 1.2379 , 0.855372 , 1.65303 , 1.33855 , 1.53126 , 1.45637 , 2.23673 , 0.735212 , 0.850501 , 0.677968 , 1.08299 , 0.546989 , 0.900715 , 1.004 , 2.04279 , 1.73186 , 1.67456 , 2.68654 , 0.434571 , 1.67147 , 0.804133 , 5.2355 , 0.757427 , 1.55247 , 1.42584 , 0.622982 , 1.34321 , 0.951063 , 0.77426 , 0.779504 , 1.18227 , 0.880652 , 0.50037 , 1.71432 , 1.35704 , 1.85238 , 0.519885 , 1.56573 , 2.34956 , 0.868735 , 0.591894 , 0.419529 , 1.00932 , 0.575584 , 0.483399 , 1.34426 , 1.01485 , 0.744447 , 1.46426 , 0.585689 , 1.37379 , 5.69362 , 0.347519 , 0.722901 , 0.318417 , 0.405347 , 0.65452 , 1.1039 , 0.754829 , 1.33442 , 2.2328 , 0.620274 , 1.80185 , 0.794771 , 3.46381 , 0.714189 , 1.01074 , 2.84271 , 2.48235 , 1.30446 , 1.76813 , 0.817856 , 1.64326 , 0.702497 , 0.675562 , 0.657243 , 2.19603 , 2.91317 , 0.801012 , 2.02556 , 0.716764 , 1.06036 , 4.65637 , 0.439609 , 1.10879 , 3.80687 , 0.421462 , 0.383489 , 1.43759 , 0.836974 , 0.892283 , 1.02409 , 0.595987 , 0.610814 , 0.44805 , 1.3359 , 0.746144 , 0.956376 , 0.469862 , 1.90148 , 1.21096 , 1.39673 , 1.09386 , 0.861119 , 0.83172 , 1.21748 , 2.12804 , 1.00013 , 0.547106 , 2.66724 , 1.95579 , 1.07818 , 0.358009 , 2.2576 , 0.908857 , 1.04145 , 0.370966 , 1.55204 , 2.19161 , 1.67128 , 1.0001 , 0.812481 , 1.40408 , 0.991737 , 0.395444 , 1.44171 , 0.81575 , 2.27562 , 0.181209 , 1.04441 , 0.37706 , 1.51267 , 0.984454 , 0.355388 , 0.839041 , 1.62984 , 0.575368 , 1.2507 , 2.82518 , 1.81816 , 0.651252 , 0.649022 , 1.46642 , 1.68776 , 1.17888 , 1.50062 , 1.08404 , 0.717086 , 0.452822 , 1.69366 , 1.99943 , 0.540473 , 0.36098 , 2.22404 , 1.6669 , 1.3463 , 1.3683 , 4.41455 , 1.92837 , 1.28217 , 2.4609 , 0.634267 , 1.34507 , 1.04087 , 1.28348 , 2.06895 , 1.20411 , 1.96525 , 1.5567 , 1.24199 , 0.987291 , 0.699517 , 1.40561 , 0.572016 , 1.25686 , 0.890788 , 1.54809 , 0.65001 , 0.92809 , 2.30828 , 2.27715 , 1.67084 , 0.650624 , 1.64592 , 1.14636 , 1.28673 , 1.83234 , 0.992602 , 0.765523 , 1.85884 , 0.942184 , 2.94477 , 1.01099 , 1.6177 , 0.414416 , 1.18958 , 0.93236 , 3.9245 , 2.12036 , 0.900831 , 0.862849 , 1.01089 , 2.59123 , 0.955154 , 0.996535 , 1.61642 , 1.00707 , 0.880543 , 0.934832 , 1.00871 , 1.8029 , 2.06596 , 1.00551 , 1.15729 , 2.16666 , 2.90092 , 0.283128 , 0.848416 , 0.463839 , 1.90715 , 3.07329 , 0.691869 , 0.885522 , 1.45252 , 2.22223 , 1.57576 , 1.62007 , 0.922728 , 0.432402 , 0.225704 , 0.85886 , 0.55 , 2.3391 , 1.34683 , 0.350793 , 0.692255 , 0.564679 , 0.933851 , 0.822087 , 1.16171 , 0.852369 , 0.682248 , 0.896857 , 0.822529 , 1.36015 , 0.480854 , 1.16843 , 2.00233 , 1.34154 , 1.74197 , 0.449605 , 1.07036 , 2.68949 , 1.05456 , 1.11144 , 1.90484 , 0.979664 , 1.48975 , 2.16761 , 2.32834 , 0.591876 , 0.314302 , 0.971325 , 0.761652 , 0.576143 , 1.14548 , 1.01577 , 0.632742 , 0.556995 , 0.63797 , 2.09938 , 0.67322 , 0.551049 , 2.08025 , 0.469185 , 1.87578 , 1.1003 , 1.37943 , 0.791012 , 1.87014 , 0.789479 , 1.24381 , 2.75113 , 0.818675 , 4.56977 , 1.26592 , 1.07279 , 0.532552 , 0.95861 , 2.07512 , 0.809782 , 1.95307 , 0.576014 , 2.68909 , 1.08336 , 0.249963 , 0.471444 , 1.18247 , 0.505742 , 1.37102 , 2.20063 , 0.846133 , 2.58842 , 1.2936 , 0.660391 , 0.338804 , 1.786 , 2.52672 , 0.597082 , 0.772315 , 0.416894 , 4.11614 , 0.859737 , 3.14031 , 1.70814 , 1.12514 , 0.597357 , 1.21597 , 0.417638 , 3.04596 , 0.979791 , 0.485757 , 1.70536 , 1.41389 , 0.450186 , 1.82116 , 0.754589 , 0.463998 , 1.95335 , 0.97 , 1.85987 , 2.63619 , 1.06761 , 1.80261 , 1.12367 , 3.61558 , 2.19836 , 2.13788 , 0.469916 , 1.09893 , 1.8014 , 0.862094 , 1.63244 , 1.08455 , 2.11615 , 1.56024 , 2.92495 , 0.683999 , 0.472106 , 4.00456 , 0.497502 , 1.70924 , 0.703393 , 1.57496 , 0.454622 , 0.622882 , 1.65062 , 0.763066 , 0.865727 , 1.30251 , 2.00399 , 1.12687 , 1.2331 , 0.733187 , 1.04474 , 1.30574 , 0.624142 , 1.14829 , 0.994502 , 0.912625 , 0.759753 , 0.49439 , 0.601588 , 0.74646 , 4.38454 , 0.446191 , 1.43128 , 1.48622 , 2.028 , 0.956311 , 0.774115 , 1.21543 , 1.36986 , 0.876523 , 1.36921 , 0.259449 , 1.54019 , 0.68577 , 1.05973 , 1.57868 , 1.09223 , 2.39591 , 0.979227 , 1.87242 , 1.05772 , 2.01119 , 1.15735 , 1.25896 , 0.633689 , 1.19419 , 2.131 , 0.750737 , 0.910194 , 0.488588 , 0.483472 , 1.88334 , 1.10964 , 1.38383 , 0.843797 , 2.22943 , 1.62566 , 1.13593 , 0.957775 , 1.17565 , 1.35706 , 0.849791 , 0.30882 , 2.01621 , 1.06062 , 0.709983 , 0.327903 , 1.03904 , 1.44617 , 2.19679 , 1.68402 , 0.577438 , 1.0972 , 0.54137 , 0.852474 , 1.21972 , 2.41709 , 1.07335 , 0.828137 , 1.09845 , 0.697339 , 1.47905 , 0.617029 , 0.968337 , 1.20436 , 2.37972 , 1.0152 , 2.29142 , 0.516688 , 0.513405 , 0.259044 , 0.533638 , 1.46618 , 1.15082 , 1.8997 , 0.512301 , 1.9902 , 1.01393 , 0.665443 , 1.18202 , 1.10296 , 1.25997 , 1.15401 , 0.723376 , 1.00705 , 0.500291 , 1.06351 , 0.510534 , 0.583221 , 2.18912 , 1.08263 , 0.794522 , 0.564032 , 2.08652 , 0.983679 , 1.95303 , 1.35921 , 0.78016 , 0.941804 , 0.766938 , 1.61563 , 0.734554 , 1.55297 , 2.47335 , 1.16028 , 1.29493 , 1.39684 , 0.328264 , 0.858416 , 0.847834 , 0.611053 , 0.943967 , 1.3306 , 0.860267 , 1.25464 , 1.47367 , 1.89766 , 0.74767 , 1.93233 , 0.901723 , 0.662755 , 0.940072 , 2.53343 , 1.08551 , 0.810677 , 0.53637 , 1.16183 , 0.931079 , 3.08343 , 0.868074 , 1.35112 , 2.79538 , 2.05651 , 1.32331 , 2.22579 , 1.80925 , 1.73733 , 0.935537 , 2.19884 , 0.320503 , 1.14815 , 0.948627 , 1.38774 , 2.17171 , 1.12758 , 1.18216 , 0.720893 , 0.750267 , 0.777014 , 0.417376 , 0.577356 , 1.50919 , 1.11453 , 1.9041 , 2.0238 , 0.924601 , 1.48185 , 1.75028 , 0.512168 , 1.2264 , 0.70121 , 1.56564 , 1.52728 , 0.890215 , 0.810095 , 0.695052 , 1.2308 , 1.13571 , 1.94705 , 1.04856 , 2.18058 , 1.33365 , 0.491926 , 3.36032 , 0.126298 , 0.355734 , 0.421545 , 0.601811 , 0.684514 , 1.31278 , 1.03896 , 0.934464 , 1.08776 , 1.93454 , 0.571769 , 1.47003 , 0.426974 , 0.774431 , 0.656819 , 0.699935 , 1.72858 , 0.473983 , 1.39033 , 1.90293 , 0.777064 , 0.839417 , 0.6881 , 1.7415 , 1.00241 , 1.4051 , 0.808723 , 0.69662 , 1.0023 , 1.01253 , 3.16319 , 1.03135 , 1.7272 , 1.12847 , 0.933898 , 1.21769 , 0.63079 , 1.80192 , 2.01432 , 0.458023 , 1.0104 , 0.397289 , 1.15421 , 0.863421 , 3.41588 , 2.66574 , 0.755516 , 1.22898 , 1.68114 , 0.512899 , 2.3344 , 0.435896 , 1.40796 , 0.881282 , 1.42457 , 2.67944 , 3.75803 , 0.543751 , 1.34136 , 0.951261 , 2.54959 , 1.72625 , 1.69259 , 3.62396 , 0.585317 , 0.946418 , 1.15864 , 1.34749 , 1.54869 , 4.24368 , 1.3298 , 1.04768 , 1.70558 , 1.21275 , 0.8127 , 1.35674 , 1.28191 , 1.48541 , 0.645675 , 0.413604 , 1.43579 , 1.2169 , 0.644516 , 1.28631 , 1.04552 , 1.28947 , 0.560677 , 0.671579 , 4.59945 , 0.802233 , 1.09693 , 0.967152 , 0.600748 , 1.90006 , 1.01512 , 0.365996 , 1.11793 , 0.857588 , 2.28433 , 1.24396 , 0.619469 , 0.801568 , 0.951494 , 0.591974 , 0.611742 , 1.41328 , 0.730864 , 0.385708 , 1.42073 , 0.71661 , 1.10326 , 1.31447 , 1.135 , 1.53809 , 0.713673 , 0.920648 , 1.94413 , 0.751343 , 1.65271 , 1.08009 , 1.1639 , 0.653489 , 0.890986 , 1.68693 , 1.91689 , 1.29449 , 0.211322 , 0.438446 , 1.51971 , 1.23198 , 0.668047 , 0.794794 , 1.67286 , 1.03932 , 1.64675 , 0.940357 , 1.51363 , 1.1925 , 0.596231 , 0.864927 , 0.459351 , 1.19499 , 1.56831 , 1.0132 , 0.978383 , 1.18573 , 1.3544 , 1.4081 , 0.787537 , 0.629735 , 3.09622 , 1.08212 , 1.27812 , 1.25087 , 0.800806 , 1.34093 , 4.04387 , 1.22813 , 0.848347 , 0.934337 , 1.4023 , 0.888598 , 2.12123 , 1.18558 , 0.799421 , 1.9537 , 3.2301 , 1.24891 , 1.39013 , 1.60579 , 2.23487 , 0.380359 , 1.60362 , 2.04039 , 0.713955 , 0.884891 , 3.29382 , 1.81094 , 1.17079 , 1.96776 , 0.379563 , 