avg1=[1.23251 , 0.828526 , 0.972244 , 0.763021 , 0.955621 , 1.33283 , 1.00724 , 0.981045 , 0.811603 , 1.16318 , 0.999681 , 1.6587 , 0.550271 , 0.715313 , 0.711248 , 0.491486 , 0.941443 , 1.39063 , 0.759905 , 0.657977 , 1.00142 , 0.774921 , 0.910363 , 0.852768 , 2.05702 , 1.24389 , 1.17162 , 1.14646 , 1.16285 , 0.575939 , 1.12362 , 1.10183 , 2.13466 , 0.670471 , 1.00545 , 1.1789 , 0.791243 , 1.12518 , 1.21161 , 1.0071 , 0.699497 , 0.652597 , 1.13335 , 0.71999 , 0.965806 , 0.868167 , 1.27199 , 0.617301 , 1.51805 , 1.18265 , 1.22838 , 0.985497 , 0.789044 , 0.806464 , 0.913222 , 1.33554 , 1.16448 , 0.95097 , 1.01955 , 0.959849 , 1.33243 , 0.932234 , 0.792866 , 1.0933 , 1.3113 , 1.12721 , 0.793997 , 0.773009 , 2.06351 , 0.910703 , 1.18955 , 1.10823 , 0.700631 , 1.38029 , 1.18291 , 0.812467 , 1.49453 , 1.20904 , 1.32091 , 1.10621 , 1.2532 , 1.09075 , 0.837409 , 1.07049 , 1.12155 , 0.687705 , 0.819703 , 1.3706 , 1.51292 , 0.94596 , 1.06525 , 0.639802 , 0.6524 , 1.08692 , 0.815313 , 1.91218 , 0.953428 , 1.08732 , 0.881164 , 0.959497 , 0.94351 , 1.02907 , 1.08556 , 1.06612 , 1.18405 , 1.27176 , 0.988515 , 1.09035 , 0.889188 , 1.31928 , 0.964059 , 1.90682 , 0.682197 , 1.19679 , 0.863359 , 1.04627 , 0.715591 , 1.21551 , 0.988179 , 1.03829 , 0.95771 , 1.10975 , 0.753256 , 0.751426 , 0.74635 , 0.907035 , 0.649188 , 1.1308 , 1.12309 , 0.785024 , 1.1858 , 0.99635 , 0.810773 , 0.963109 , 0.904637 , 1.36613 , 0.723709 , 1.27196 , 1.10921 , 1.24232 , 1.28248 , 0.999236 , 1.04679 , 1.27083 , 0.965713 , 1.49335 , 1.10841 , 0.737779 , 1.07738 , 1.1429 , 1.31605 , 1.04756 , 1.79672 , 1.52806 , 0.903947 , 0.624897 , 1.90246 , 0.887122 , 1.58267 , 0.949724 , 0.772071 , 1.3984 , 0.976761 , 0.700237 , 0.851693 , 0.983 , 1.14162 , 0.7266 , 0.622232 , 1.03604 , 1.10201 , 0.867718 , 1.20577 , 0.87506 , 1.14541 , 1.27727 , 0.957819 , 1.39017 , 0.909916 , 1.21867 , 0.991132 , 1.25681 , 0.695953 , 0.893745 , 0.966768 , 1.07566 , 0.610066 , 0.994516 , 1.16233 , 0.728941 , 1.17342 , 1.39755 , 0.738628 , 1.42106 , 1.30559 , 1.25298 , 1.30211 , 1.26659 , 1.41875 , 1.28641 , 0.840768 , 0.796646 , 0.916711 , 0.71515 , 0.921262 , 0.98315 , 0.969832 , 1.02488 , 1.01048 , 1.37284 , 1.30193 , 0.631561 , 0.885049 , 0.767328 , 1.15543 , 0.700402 , 1.43071 , 1.01717 , 0.849155 , 1.45427 , 0.715205 , 1.30504 , 1.06585 , 0.60303 , 1.03567 , 2.09021 , 1.03201 , 0.803648 , 1.27251 , 0.894798 , 0.794205 , 1.11904 , 0.683122 , 1.32132 , 0.853947 , 1.07155 , 1.0819 , 0.984763 , 1.42772 , 0.571125 , 1.72543 , 1.09211 , 0.757855 , 1.34961 , 0.872939 , 0.847117 , 1.23482 , 1.08259 , 0.862714 , 2.64212 , 0.761464 , 0.694679 , 0.799761 , 1.21714 , 1.06578 , 1.06744 , 1.16938 , 1.56373 , 0.964037 , 1.22783 , 1.01838 , 0.957711 , 1.34468 , 0.579607 , 0.862052 , 1.36235 , 1.02239 , 0.735956 , 1.01163 , 1.04133 , 1.07717 , 0.799426 , 1.06079 , 0.915841 , 0.869236 , 0.884015 , 0.835864 , 1.29436 , 1.35101 , 1.10094 , 0.607533 , 0.864469 , 0.571028 , 1.13761 , 1.10225 , 0.891511 , 0.841369 , 1.1618 , 1.06948 , 1.36752 , 1.44408 , 1.01557 , 0.860576 , 0.905418 , 1.00808 , 0.880925 , 0.720114 , 1.58854 , 0.769509 , 0.695752 , 1.65446 , 1.53509 , 0.492709 , 1.0327 , 0.869384 , 1.15121 , 1.03563 , 1.04237 , 0.691633 , 0.995268 , 1.09345 , 0.89598 , 0.669873 , 0.905453 , 1.01872 , 0.989737 , 0.89344 , 0.779263 , 1.20929 , 1.11879 , 0.627445 , 1.5871 , 1.34805 , 1.56134 , 1.12216 , 1.19225 , 1.23516 , 0.702883 , 0.877378 , 0.875605 , 0.844611 , 1.03008 , 0.925561 , 0.715945 , 0.810876 , 0.399261 , 1.80964 , 0.639124 , 1.12169 , 1.07783 , 0.760368 , 1.08612 , 1.0345 , 1.45441 , 1.01577 , 0.732927 , 1.15524 , 0.788464 , 0.775952 , 0.882227 , 0.959554 , 1.07081 , 0.864829 , 1.30585 , 0.588239 , 0.868053 , 0.718967 , 0.763061 , 1.39551 , 0.974406 , 0.826035 , 1.33013 , 1.00542 , 0.958753 , 1.07531 , 0.753965 , 1.21897 , 0.810878 , 0.688289 , 1.05581 , 0.670696 , 1.0249 , 0.986317 , 0.772569 , 1.09676 , 0.730047 , 0.929525 , 0.83765 , 1.24933 , 0.82842 , 1.3164 , 0.984717 , 0.762256 , 1.55696 , 1.05475 , 0.670893 , 1.08548 , 1.16827 , 1.25715 , 0.802236 , 1.06281 , 1.30086 , 1.12724 , 0.844708 , 1.26532 , 0.799452 , 1.20411 , 0.906032 , 1.05134 , 0.862305 , 1.2423 , 1.20541 , 0.796375 , 0.987706 , 1.39036 , 0.619135 , 1.18373 , 1.09788 , 0.98437 , 1.07637 , 1.10305 , 0.668985 , 1.25533 , 0.841766 , 0.738534 , 1.12517 , 1.03436 , 1.00217 , 1.19072 , 0.749442 , 0.781373 , 0.70094 , 0.801164 , 0.884586 , 1.51775 , 0.73832 , 1.02987 , 0.822095 , 0.587144 , 0.997184 , 1.25181 , 0.917997 , 1.14385 , 1.35812 , 0.995024 , 0.833136 , 1.08404 , 0.869584 , 1.08444 , 1.18434 , 1.15572 , 0.799538 , 1.12084 , 0.896324 , 1.2923 , 1.28439 , 1.4271 , 1.17458 , 0.603912 , 0.913438 , 0.683861 , 0.829021 , 1.09672 , 1.2239 , 0.511147 , 0.820625 , 0.85726 , 0.936328 , 0.980144 , 1.27832 , 0.644507 , 0.494343 , 0.825027 , 1.24736 , 1.05665 , 1.00744 , 0.827233 , 1.17059 , 0.682086 , 1.25484 , 0.965384 , 1.14318 , 1.26069 , 1.3621 , 0.946299 , 0.876315 , 0.804848 , 1.18475 , 0.939063 , 0.621272 , 1.11258 , 1.13902 , 0.756936 , 0.831338 , 0.924794 , 0.704769 , 0.898498 , 1.30127 , 1.34265 , 1.18633 , 0.669719 , 0.946178 , 0.928183 , 0.589635 , 0.871576 , 0.903994 , 0.715912 , 1.05394 , 1.2268 , 1.26149 , 0.990672 , 1.58532 , 0.959419 , 1.07948 , 0.700064 , 0.559886 , 1.09619 , 1.18052 , 0.898719 , 1.84179 , 0.860017 , 0.748133 , 1.02447 , 0.924716 , 0.811869 , 1.07053 , 1.09499 , 1.25473 , 1.27242 , 1.61689 , 1.03644 , 0.979436 , 0.933244 , 1.23647 , 1.3333 , 1.01858 , 0.94352 , 1.17267 , 0.781448 , 0.743603 , 1.04773 , 1.25474 , 1.02121 , 1.08272 , 1.24285 , 0.799205 , 1.52443 , 0.622376 , 1.64448 , 1.18716 , 1.03587 , 0.808803 , 1.32769 , 1.0052 , 0.855604 , 1.50607 , 0.795651 , 0.90983 , 1.26745 , 1.40204 , 0.74909 , 1.53565 , 0.927783 , 0.929573 , 1.07102 , 1.18019 , 1.37797 , 1.02198 , 0.717342 , 1.00057 , 0.94007 , 1.09409 , 1.20912 , 0.705584 , 0.795684 , 1.12396 , 1.10087 , 1.01933 , 1.17396 , 1.25449 , 0.921622 , 0.851234 , 1.30724 , 1.15355 , 1.10297 , 0.699032 , 1.0302 , 0.748748 , 1.14636 , 1.12509 , 1.29761 , 0.945084 , 1.07513 , 0.696453 , 0.929891 , 1.12017 , 0.833386 , 1.14873 , 0.905049 , 1.16049 , 1.1302 , 0.792744 , 0.791803 , 0.672956 , 1.42162 , 1.00588 , 1.02718 , 0.971291 , 0.960311 , 0.768979 , 1.10656 , 0.812617 , 1.29053 , 1.02543 , 1.4161 , 1.45252 , 1.06941 , 0.816466 , 0.646273 , 0.852002 , 0.980434 , 1.15964 , 1.38629 , 1.09124 , 1.04667 , 0.539927 , 0.861835 , 1.14199 , 0.892561 , 0.887502 , 1.41039 , 1.45688 , 1.37772 , 1.11926 , 1.38793 , 0.689471 , 0.692136 , 0.976761 , 1.35954 , 0.792478 , 1.02249 , 0.845133 , 1.38179 , 0.603929 , 1.53056 , 0.842694 , 1.41183 , 0.944437 , 0.980711 , 1.51296 , 0.682232 , 0.806572 , 1.43659 , 0.980684 , 1.06193 , 0.60642 , 0.870783 , 0.978907 , 0.889883 , 1.1933 , 1.11487 , 0.903503 , 0.992917 , 1.3042 , 1.0198 , 1.29811 , 0.780917 , 0.748751 , 0.976278 , 0.681764 , 1.2904 , 0.834636 , 0.9625 , 0.976286 , 0.895073 , 1.01322 , 0.946067 , 1.28354 , 1.47682 , 0.762972 , 0.804643 , 1.12037 , 0.986398 , 0.9681 , 0.713326 , 1.37906 , 0.953645 , 0.815953 , 1.94011 , 1.0104 , 1.09569 , 1.2266 , 1.12867 , 0.909901 , 1.03607 , 1.11677 , 0.945591 , 1.51168 , 1.18615 , 1.06266 , 1.77022 , 1.06263 , 0.756547 , 0.801187 , 0.664107 , 1.03104 , 0.917477 , 1.35398 , 1.22252 , 0.719244 , 1.1459 , 0.839752 , 1.05822 , 0.783605 , 0.891039 , 1.05119 , 1.12091 , 1.39699 , 1.10267 , 1.2185 , 0.979357 , 0.940639 , 0.842837 , 1.56631 , 1.16039 , 1.18844 , 0.821907 , 0.798076 , 1.20909 , 0.893064 , 0.734999 , 1.34236 , 0.786758 , 0.985784 , 0.823659 , 1.14464 , 1.06852 , 0.707443 , 0.923089 , 1.29718 , 1.07704 , 1.00924 , 1.20872 , 1.38466 , 1.00173 , 1.1915 , 0.915783 , 0.704554 , 0.974777 , 1.23116 , 1.10504 , 0.687307 , 1.54446 , 0.710396 , 1.17868 , 1.06615 , 0.816204 , 0.849538 , 0.990036 , 1.05497 , 1.58487 , 1.25616 , 1.05683 , 0.865147 , 1.02295 , 0.893728 , 1.38985 , 0.908603 , 0.853057 , 1.26636 , 0.879959 , 1.15868 , 0.724395 , 0.55776 , 0.821807 , 1.17103 , 0.741136 , 0.943408 , 0.970182 , 