avg1=[1.60746 , 1.07323 , 1.10876 , 0.802154 , 0.887761 , 0.834708 , 1.04702 , 0.844454 , 0.531235 , 1.20137 , 1.30515 , 1.29221 , 0.823855 , 1.34177 , 0.728931 , 0.629589 , 0.931466 , 1.10238 , 0.80863 , 1.14403 , 0.943818 , 0.95564 , 1.07482 , 1.0557 , 1.50303 , 0.955217 , 0.947908 , 1.19232 , 1.21559 , 0.608828 , 1.07316 , 1.13215 , 1.26451 , 0.826719 , 0.965252 , 1.49572 , 0.894293 , 0.848063 , 1.13114 , 1.33773 , 0.926548 , 0.882721 , 1.09022 , 0.915607 , 0.999073 , 1.10355 , 1.3047 , 0.951423 , 1.29105 , 1.106 , 1.00952 , 1.09861 , 1.00478 , 0.71071 , 0.553491 , 1.32696 , 1.76793 , 1.2361 , 0.769989 , 0.67959 , 0.708841 , 1.01406 , 0.853937 , 1.18927 , 0.985285 , 1.2494 , 0.967333 , 0.658157 , 0.978833 , 1.36019 , 1.71868 , 1.00202 , 1.15474 , 1.86151 , 0.928595 , 0.783115 , 1.40772 , 1.29612 , 1.13401 , 1.64309 , 1.29199 , 1.34591 , 0.869189 , 0.908403 , 1.14389 , 1.16788 , 0.699522 , 0.952501 , 1.2299 , 0.759474 , 1.09592 , 0.892497 , 0.764934 , 1.67351 , 0.75845 , 1.4075 , 0.733714 , 0.745256 , 1.27588 , 1.01033 , 0.441274 , 1.2889 , 0.946296 , 1.12065 , 1.2386 , 0.875672 , 1.07434 , 1.13686 , 0.966241 , 1.53781 , 0.971795 , 2.14939 , 1.19476 , 1.00702 , 0.949488 , 0.956848 , 0.6062 , 1.0045 , 1.09562 , 1.19925 , 0.895329 , 0.85655 , 0.988459 , 1.18798 , 0.93815 , 1.0292 , 0.674602 , 1.38705 , 0.856404 , 0.69548 , 0.861857 , 0.58715 , 0.896013 , 1.05738 , 1.12754 , 1.1942 , 0.709306 , 1.00918 , 0.858999 , 0.959306 , 1.63649 , 1.40445 , 0.978559 , 1.1985 , 1.10815 , 0.906397 , 1.03782 , 0.930847 , 1.18431 , 1.28636 , 0.980839 , 1.64193 , 0.979072 , 0.93917 , 1.26857 , 0.803661 , 2.00494 , 0.967355 , 2.39112 , 0.554498 , 0.86079 , 1.09092 , 1.21944 , 0.866332 , 0.80712 , 1.12972 , 1.03472 , 0.77835 , 1.02836 , 1.12343 , 1.12454 , 1.39232 , 1.07241 , 1.01987 , 1.47459 , 1.58702 , 0.875577 , 1.29802 , 0.819779 , 1.2333 , 1.09867 , 1.2233 , 0.916014 , 1.01482 , 0.741457 , 0.967483 , 0.998618 , 1.81284 , 1.41136 , 0.722394 , 1.26781 , 1.21719 , 1.21487 , 1.85629 , 0.661736 , 1.59967 , 1.11814 , 0.988254 , 1.52193 , 1.09233 , 0.896942 , 0.847416 , 0.973885 , 1.04006 , 0.683065 , 0.831728 , 1.06447 , 1.03806 , 1.4768 , 0.76509 , 1.20668 , 0.825316 , 0.703777 , 1.43456 , 1.48241 , 1.15283 , 1.03591 , 0.855822 , 0.803331 , 1.06491 , 0.768239 , 0.832599 , 0.942485 , 0.577269 , 0.897589 , 1.16003 , 0.984373 , 0.692455 , 1.12095 , 1.23554 , 1.03326 , 0.717791 , 1.17166 , 1.48932 , 1.03911 , 0.924571 , 1.28709 , 1.34766 , 1.2874 , 0.76669 , 1.94963 , 1.20707 , 0.744541 , 0.757305 , 0.634852 , 1.04103 , 1.37858 , 0.901525 , 0.771983 , 0.664273 , 0.877116 , 0.788111 , 1.02618 , 1.09892 , 1.12397 , 1.01967 , 1.33391 , 1.29056 , 0.81494 , 1.29075 , 1.29529 , 0.823869 , 1.5423 , 0.685145 , 1.09004 , 1.46788 , 0.848787 , 0.641158 , 1.03965 , 0.982853 , 1.02892 , 0.754268 , 1.14606 , 1.00948 , 1.2353 , 0.915519 , 0.769671 , 1.28246 , 0.974188 , 1.05431 , 0.738729 , 1.38983 , 0.60098 , 1.52132 , 1.2359 , 0.59291 , 0.885658 , 1.12688 , 0.970073 , 1.1358 , 1.06195 , 0.981624 , 1.01907 , 0.729622 , 1.15776 , 0.802725 , 0.692066 , 1.20184 , 0.943183 , 0.769415 , 1.28328 , 1.4413 , 0.751911 , 0.953938 , 1.15408 , 0.887473 , 1.33648 , 1.07149 , 1.27044 , 1.19773 , 1.2072 , 1.017 , 0.740037 , 0.848033 , 0.86221 , 0.941968 , 1.10414 , 0.810603 , 1.09404 , 0.993843 , 0.678434 , 0.898971 , 1.15974 , 0.951374 , 0.972775 , 1.52863 , 1.26349 , 0.993559 , 1.03605 , 0.750238 , 0.865164 , 0.900007 , 0.992123 , 0.852659 , 0.705884 , 0.577898 , 1.41458 , 1.1756 , 1.32447 , 1.31724 , 1.31916 , 0.930428 , 0.885418 , 1.38006 , 0.868464 , 1.00447 , 1.10281 , 1.00362 , 0.846087 , 1.12194 , 1.28387 , 0.802826 , 0.779981 , 1.19822 , 1.02213 , 0.688408 , 0.833022 , 0.759273 , 1.11268 , 1.01329 , 1.25159 , 1.21987 , 0.969588 , 1.12882 , 0.930009 , 1.15939 , 1.06084 , 0.858263 , 0.846688 , 1.07498 , 0.834502 , 0.722999 , 0.987122 , 0.628341 , 1.09134 , 1.10472 , 0.983604 , 1.08378 , 1.17679 , 1.26024 , 0.996792 , 1.35069 , 0.965071 , 1.39715 , 0.951126 , 0.923049 , 1.13425 , 1.06176 , 0.77468 , 0.594938 , 1.06309 , 1.01354 , 1.36612 , 0.899917 , 1.51261 , 0.838926 , 0.798163 , 0.897882 , 1.24383 , 0.880942 , 1.15094 , 1.51516 , 1.11687 , 1.09529 , 0.828807 , 0.573184 , 1.1116 , 1.00302 , 0.86264 , 0.947231 , 1.62985 , 0.788158 , 1.16288 , 0.703365 , 1.11856 , 0.908436 , 1.13009 , 1.0674 , 1.23712 , 1.03586 , 0.728803 , 0.927187 , 1.1649 , 0.893877 , 1.77431 , 0.915752 , 1.16779 , 1.00437 , 0.987327 , 0.875721 , 1.5882 , 1.08122 , 1.24713 , 1.07001 , 1.35363 , 1.33796 , 0.978275 , 0.814106 , 1.40089 , 1.42931 , 0.783383 , 1.15789 , 1.0564 , 1.34192 , 1.76849 , 1.33409 , 1.36339 , 0.741565 , 0.710119 , 0.566273 , 0.725692 , 1.80739 , 1.65995 , 1.15622 , 0.64902 , 1.16963 , 1.22423 , 0.966719 , 1.11779 , 1.43742 , 1.1285 , 0.743236 , 1.24735 , 1.18078 , 1.23349 , 1.23501 , 1.55374 , 0.710748 , 1.30669 , 1.5614 , 1.28445 , 0.998033 , 1.33846 , 1.10984 , 1.11265 , 1.51357 , 1.50117 , 1.10515 , 1.52802 , 0.6921 , 1.33231 , 0.98018 , 0.668672 , 0.940307 , 1.44193 , 0.654048 , 0.903288 , 0.996492 , 1.37063 , 1.2619 , 0.641314 , 0.778678 , 0.726184 , 1.21629 , 1.01585 , 1.25342 , 0.764577 , 0.862692 , 0.920692 , 0.865391 , 1.13196 , 0.76641 , 0.762276 , 0.913352 , 1.10226 , 0.776586 , 1.32015 , 1.43901 , 0.950478 , 1.75591 , 0.928526 , 0.776952 , 0.947442 , 0.731389 , 1.16631 , 1.19764 , 1.0063 , 1.07062 , 0.767588 , 0.74866 , 1.06765 , 0.914661 , 0.784548 , 0.977875 , 1.35245 , 1.16902 , 1.4508 , 0.910767 , 1.04659 , 1.04163 , 0.700007 , 0.917215 , 1.25391 , 0.897958 , 1.21397 , 0.604763 , 1.66466 , 0.783636 , 1.01015 , 0.951089 , 0.856675 , 0.804307 , 1.28775 , 1.63022 , 0.920529 , 1.6046 , 1.0557 , 0.731653 , 0.96241 , 1.02515 , 0.816561 , 0.928637 , 1.0978 , 1.18796 , 1.30417 , 1.02023 , 1.16927 , 0.87155 , 0.753925 , 1.09183 , 0.945715 , 1.04114 , 1.13997 , 0.845179 , 0.905873 , 0.98884 , 1.15973 , 0.82609 , 1.58315 , 1.07405 , 1.13983 , 1.65571 , 0.883263 , 1.16162 , 0.875928 , 1.22799 , 1.15046 , 0.683262 , 0.908435 , 0.709762 , 1.48515 , 0.541309 , 1.20101 , 1.17046 , 0.871183 , 1.30204 , 0.719431 , 1.05936 , 1.03986 , 1.31606 , 1.22109 , 0.895167 , 0.754782 , 0.889817 , 1.48515 , 0.947805 , 0.95915 , 1.09397 , 1.41631 , 0.844683 , 0.839025 , 1.2665 , 1.44441 , 1.07308 , 1.20807 , 1.50225 , 1.05715 , 1.09502 , 0.682821 , 0.99245 , 1.11676 , 0.524713 , 0.674308 , 0.791312 , 0.889602 , 0.71861 , 1.13078 , 1.06012 , 1.23414 , 1.03978 , 1.70925 , 1.34087 , 1.15177 , 1.01909 , 1.10652 , 1.01572 , 0.708851 , 1.51072 , 1.27279 , 1.54458 , 0.712189 , 1.08523 , 1.35165 , 0.510871 , 1.26911 , 1.28762 , 1.75765 , 0.678635 , 0.954483 , 1.58809 , 0.748004 , 0.982796 , 1.29296 , 1.07789 , 0.875381 , 0.913091 , 1.38555 , 1.1519 , 1.6587 , 0.996066 , 1.42022 , 1.03826 , 0.980961 , 1.12609 , 0.822891 , 1.39386 , 0.973232 , 0.991637 , 0.96666 , 0.968828 , 1.06139 , 1.10329 , 1.02422 , 0.88765 , 0.689861 , 0.604919 , 1.06194 , 0.784416 , 0.779174 , 0.772183 , 0.793176 , 1.36137 , 0.806691 , 1.26776 , 0.850206 , 1.09873 , 1.22934 , 0.704493 , 1.43506 , 1.3068 , 1.31467 , 1.55412 , 0.951353 , 0.870471 , 0.88089 , 1.18519 , 0.761834 , 2.19194 , 1.1109 , 0.966025 , 1.13203 , 0.997892 , 0.941889 , 1.12189 , 0.678471 , 1.63306 , 1.00788 , 1.00131 , 0.849025 , 1.02519 , 1.09893 , 1.3022 , 1.35872 , 0.89755 , 0.900507 , 1.11244 , 1.49017 , 0.784519 , 1.40699 , 0.9533 , 1.02299 , 1.15744 , 0.940817 , 0.712132 , 0.922574 , 1.19933 , 0.899536 , 0.959983 , 1.41422 , 0.931635 , 0.894475 , 1.65706 , 1.04925 , 1.45982 , 1.0028 , 1.15608 , 0.994508 , 0.729039 , 1.13099 , 1.23178 , 1.08978 , 1.21635 , 0.855193 , 0.676243 , 0.828777 , 0.624622 , 0.926492 , 1.23189 , 1.05871 , 1.6294 , 1.23573 , 0.831672 , 1.74175 , 1.00878 , 1.1579 , 0.946461 , 0.720316 , 0.795455 , 1.16529 , 1.02257 , 1.16229 , 0.978476 , 1.24536 , 0.811519 , 1.48867 , 0.918473 , 1.46527 , 1.19946 , 1.10931 , 0.937993 , 1.04955 , 1.00669 , 0.555998 , 0.85246 , 1.03596 , 0.881539 , 0.865088 , 0.966306 , 0.722747 , 1.39859 , 1.76598 , 0.849142 , 1.61436 , 