avg1=[0.557087 , 1.62663 , 1.79238 , 0.425637 , 0.75259 , 0.743728 , 1.35196 , 1.19337 , 0.532631 , 2.28994 , 0.970104 , 1.00413 , 0.45438 , 1.03551 , 1.11459 , 0.656669 , 1.00105 , 2.91835 , 1.95669 , 0.811598 , 0.992095 , 1.15842 , 1.04308 , 0.675488 , 2.48817 , 0.818445 , 0.37648 , 2.74536 , 1.18217 , 0.46034 , 1.33561 , 0.800409 , 0.290133 , 1.31084 , 1.13187 , 1.7342 , 0.629325 , 1.20546 , 1.10095 , 1.52895 , 1.10465 , 0.953466 , 2.15386 , 0.634941 , 1.43139 , 0.619898 , 1.41303 , 0.676437 , 1.37041 , 0.978075 , 1.19233 , 0.697751 , 1.40397 , 1.21261 , 1.44998 , 0.463497 , 1.03215 , 0.683968 , 1.01539 , 0.352413 , 0.996732 , 1.57508 , 0.785487 , 1.87814 , 1.93593 , 0.829258 , 0.863235 , 1.57902 , 0.718174 , 0.749877 , 0.885792 , 2.42351 , 0.998544 , 0.440899 , 0.686263 , 1.57407 , 0.593426 , 1.05029 , 0.921094 , 0.361401 , 1.46903 , 1.32022 , 0.725365 , 1.28136 , 1.19183 , 1.44017 , 0.885223 , 0.477303 , 0.646733 , 1.24891 , 1.70419 , 1.2333 , 0.778613 , 1.09696 , 0.916876 , 1.86785 , 0.766752 , 0.802188 , 1.28138 , 0.527714 , 1.31033 , 1.2269 , 0.847912 , 0.415582 , 0.987781 , 0.805872 , 0.814783 , 1.5073 , 0.475001 , 1.25343 , 0.834794 , 1.33065 , 0.825961 , 1.41232 , 0.882387 , 0.865011 , 0.884052 , 0.858448 , 0.570124 , 1.16898 , 0.434465 , 0.9526 , 2.45633 , 1.0806 , 0.664958 , 0.912704 , 0.721305 , 0.695492 , 0.888301 , 0.790166 , 0.613171 , 0.843067 , 1.50769 , 0.528033 , 1.75987 , 1.25574 , 1.4003 , 0.658201 , 0.857628 , 0.930849 , 1.37496 , 1.4895 , 1.09324 , 0.994333 , 1.17987 , 2.13722 , 1.4159 , 1.93102 , 0.428729 , 0.856157 , 0.865906 , 2.57909 , 0.748421 , 0.874063 , 1.52532 , 1.11808 , 0.853797 , 0.924873 , 1.13468 , 1.435 , 1.11576 , 0.604804 , 0.492401 , 0.703593 , 1.11237 , 0.790963 , 1.1785 , 2.21487 , 0.86314 , 1.15594 , 1.03994 , 1.03228 , 1.42329 , 0.801464 , 0.507284 , 0.73449 , 2.29609 , 0.843751 , 1.07874 , 0.878657 , 1.21954 , 1.58433 , 0.940444 , 0.492539 , 0.727786 , 1.54098 , 1.12153 , 1.4078 , 1.55902 , 1.28115 , 1.30228 , 1.18538 , 0.888871 , 0.852621 , 1.27722 , 0.787686 , 1.98793 , 1.14244 , 1.40945 , 1.48088 , 0.989564 , 1.03113 , 1.12522 , 1.46472 , 0.570486 , 0.699708 , 0.368344 , 1.29987 , 0.965154 , 0.435416 , 1.64275 , 0.93294 , 1.28868 , 1.5393 , 1.62287 , 1.5708 , 1.76347 , 2.32057 , 0.740371 , 1.25548 , 0.640478 , 0.737323 , 1.27323 , 1.35399 , 0.718571 , 1.00321 , 1.0854 , 1.23239 , 0.975473 , 0.667152 , 3.79505 , 0.838047 , 1.11029 , 1.59095 , 1.03867 , 1.05894 , 1.38705 , 0.552368 , 0.922589 , 1.10519 , 0.998443 , 1.36496 , 1.19211 , 0.64283 , 2.05706 , 1.08875 , 2.20993 , 1.17846 , 0.430677 , 1.4643 , 0.511717 , 0.762584 , 0.519835 , 0.405019 , 1.62264 , 1.36762 , 1.23952 , 0.995867 , 1.67904 , 0.875635 , 1.50102 , 1.33744 , 2.40497 , 0.389326 , 0.899313 , 1.28875 , 1.38823 , 1.01404 , 1.7465 , 0.783889 , 1.05852 , 0.863191 , 1.56076 , 0.348995 , 1.27873 , 1.21877 , 0.464563 , 2.97388 , 1.61901 , 2.21005 , 0.448288 , 0.676756 , 0.971097 , 1.58461 , 1.10938 , 0.397259 , 1.11015 , 1.2398 , 1.61314 , 1.0324 , 1.06504 , 0.870612 , 0.257325 , 1.42395 , 1.42747 , 2.2191 , 0.850152 , 0.79889 , 1.65002 , 0.758617 , 0.615907 , 1.41206 , 0.750167 , 1.11855 , 0.499637 , 1.18268 , 1.26618 , 0.62394 , 1.12649 , 0.470633 , 0.931925 , 0.6284 , 0.359768 , 0.781609 , 0.752679 , 0.758821 , 1.35864 , 1.10192 , 0.680388 , 0.83492 , 0.668735 , 1.11692 , 0.988411 , 0.978088 , 0.61764 , 1.08905 , 0.998573 , 0.728926 , 0.75956 , 1.43867 , 1.4759 , 0.983806 , 1.13817 , 1.32579 , 0.703457 , 0.436287 , 1.03901 , 0.86707 , 2.17539 , 0.496336 , 0.719172 , 0.402559 , 1.22482 , 0.503224 , 1.12464 , 0.56243 , 1.85902 , 1.04647 , 0.772621 , 0.957952 , 1.58622 , 1.44195 , 0.610542 , 1.44556 , 1.95599 , 1.19491 , 0.579626 , 0.793739 , 0.761479 , 1.40709 , 1.59033 , 1.41979 , 1.63291 , 0.595654 , 2.16319 , 1.22212 , 1.23948 , 1.07179 , 1.97476 , 1.92054 , 1.73185 , 1.66142 , 0.355035 , 0.626069 , 1.69475 , 0.845731 , 1.33711 , 1.04072 , 1.08121 , 0.89133 , 1.97545 , 1.25223 , 1.5677 , 1.32692 , 1.39361 , 0.813153 , 0.465248 , 0.95519 , 0.90007 , 1.27177 , 1.95166 , 1.1197 , 0.858561 , 0.800244 , 1.12185 , 0.73792 , 1.14728 , 0.664745 , 1.06676 , 1.01065 , 1.14904 , 1.11387 , 1.06327 , 1.11949 , 1.90042 , 1.11942 , 1.0204 , 1.90898 , 1.30788 , 1.31019 , 1.20368 , 0.341629 , 1.19256 , 1.59967 , 1.24121 , 0.405127 , 1.67042 , 1.03855 , 0.73745 , 1.0056 , 1.48525 , 1.34493 , 1.56853 , 1.66814 , 1.25729 , 0.810307 , 1.18248 , 0.7537 , 1.49798 , 0.776836 , 1.59592 , 0.753254 , 0.482836 , 1.14181 , 1.62292 , 0.67723 , 1.10238 , 0.700165 , 2.35768 , 1.64007 , 0.805225 , 0.578884 , 1.56949 , 1.59276 , 0.727044 , 0.573332 , 1.1554 , 0.837429 , 1.79034 , 0.580022 , 0.84701 , 1.04603 , 2.06673 , 1.0268 , 0.609339 , 0.691312 , 0.959639 , 1.06435 , 0.869579 , 0.843142 , 0.614566 , 1.1332 , 1.83401 , 0.526801 , 0.705223 , 1.30274 , 1.94723 , 1.20865 , 0.610684 , 1.24026 , 1.02277 , 1.78595 , 0.720789 , 3.00517 , 2.05379 , 0.694955 , 1.19515 , 1.05654 , 1.29878 , 1.07951 , 1.24326 , 0.498793 , 1.30541 , 1.75851 , 1.14671 , 0.478116 , 1.04002 , 0.81391 , 0.939125 , 0.799003 , 0.719518 , 1.01751 , 1.41667 , 1.06669 , 1.46089 , 1.25796 , 1.42434 , 0.958592 , 3.14945 , 0.666254 , 0.535571 , 2.01484 , 1.05546 , 2.05547 , 0.393941 , 0.475322 , 0.951103 , 0.753083 , 2.33154 , 0.542528 , 0.545905 , 1.06856 , 1.35171 , 0.886546 , 0.892591 , 0.524615 , 1.46252 , 0.901244 , 0.696853 , 0.640985 , 0.816548 , 1.17243 , 2.96095 , 0.511714 , 1.5935 , 1.32307 , 2.16538 , 0.56162 , 0.57609 , 2.73956 , 0.722005 , 0.857174 , 1.96695 , 0.789984 , 1.27069 , 1.34624 , 1.27242 , 1.44284 , 0.637186 , 0.798303 , 0.6413 , 0.65987 , 1.74479 , 0.810189 , 1.16554 , 1.15765 , 0.595207 , 0.679254 , 0.359393 , 1.53981 , 0.96258 , 1.03553 , 1.50016 , 0.926071 , 1.0188 , 1.52386 , 1.67623 , 1.00852 , 1.08508 , 0.460688 , 0.364507 , 0.473026 , 2.40565 , 0.574796 , 0.713279 , 1.35392 , 0.725028 , 0.658271 , 1.04023 , 2.6485 , 1.13774 , 1.13769 , 0.60184 , 1.0376 , 1.21526 , 0.786084 , 1.50894 , 1.36899 , 1.26126 , 1.2788 , 1.48721 , 1.01823 , 0.941101 , 1.33048 , 1.11003 , 0.6599 , 1.52624 , 0.648041 , 1.54439 , 1.28555 , 0.591516 , 1.75011 , 1.08682 , 1.0839 , 1.14222 , 0.535812 , 0.858248 , 0.708215 , 1.20668 , 0.672125 , 0.654924 , 2.02258 , 1.42976 , 1.29822 , 1.35706 , 0.889256 , 1.46988 , 0.91976 , 0.931275 , 0.552266 , 2.22034 , 0.821813 , 1.28058 , 0.706136 , 0.62851 , 1.81636 , 1.02901 , 3.89013 , 1.07021 , 1.27831 , 0.93016 , 0.880138 , 0.835831 , 1.16876 , 1.3135 , 1.50926 , 0.555719 , 2.15668 , 0.815812 , 1.48369 , 0.826972 , 0.624169 , 1.01297 , 0.515088 , 1.71096 , 0.382925 , 1.14417 , 0.548606 , 1.74207 , 1.05132 , 1.81245 , 0.701915 , 5.04282 , 1.06845 , 0.861515 , 0.646637 , 0.507498 , 1.13025 , 0.700401 , 1.30181 , 2.12231 , 1.71314 , 1.71922 , 1.35036 , 0.813308 , 1.39348 , 1.02752 , 1.84946 , 1.67647 , 1.18926 , 1.50084 , 1.21519 , 1.49533 , 0.564696 , 1.11893 , 0.497213 , 1.52673 , 0.619861 , 0.911064 , 1.34565 , 2.04784 , 1.22968 , 1.69773 , 1.26611 , 1.26385 , 0.742256 , 1.40045 , 0.836228 , 1.46992 , 1.74501 , 0.906491 , 1.28021 , 0.626016 , 0.980432 , 0.94136 , 2.65147 , 0.76434 , 0.622638 , 1.64213 , 0.612776 , 1.14103 , 1.24083 , 0.916223 , 1.94531 , 1.36312 , 0.661656 , 0.985944 , 1.01778 , 0.358802 , 0.77935 , 1.97291 , 1.23308 , 2.37881 , 0.545975 , 0.484535 , 1.72173 , 2.79972 , 0.418886 , 0.723294 , 0.469528 , 2.53098 , 1.78557 , 0.909018 , 0.469564 , 1.03001 , 1.63276 , 1.86146 , 0.664537 , 1.30374 , 0.647805 , 1.46171 , 0.62925 , 1.59639 , 0.442507 , 1.33452 , 1.68431 , 1.4759 , 0.704477 , 1.08757 , 1.684 , 1.08956 , 1.93149 , 0.969923 , 0.934161 , 0.84332 , 0.759415 , 0.868578 , 0.952025 , 1.22214 , 2.13099 , 1.11441 , 0.942716 , 0.842841 , 0.84179 , 1.17702 , 0.796069 , 2.53486 , 0.884384 , 2.18378 , 0.970117 , 0.729624 , 0.782219 , 0.919887 , 1.5503 , 1.12005 , 0.710944 , 1.34211 , 0.753268 , 1.33839 , 0.890812 , 0.770885 , 0.680517 , 1.21785 , 0.963261 , 1.66612 , 1.04676 , 0.753882 , 1.31134 , 0.586549 , 1.25842 , 0.562763 , 0.602248 , 0.488603 , 