avg1=[0.775849 , 0.716616 , 3.70602 , 0.724538 , 0.606028 , 0.916255 , 1.15347 , 1.5477 , 2.38188 , 2.35152 , 1.64498 , 1.68465 , 0.923876 , 0.706212 , 0.63972 , 0.744724 , 0.807409 , 1.12449 , 2.46187 , 1.53272 , 0.732407 , 0.662766 , 0.446808 , 1.1921 , 0.62364 , 0.972815 , 0.809242 , 0.524952 , 1.44488 , 0.548196 , 2.07948 , 0.974683 , 2.79553 , 1.24239 , 1.00316 , 0.86767 , 1.5757 , 2.0463 , 1.86374 , 1.27539 , 1.52862 , 0.459092 , 1.34421 , 1.45459 , 1.31283 , 0.854863 , 0.695909 , 0.662868 , 0.794553 , 1.10503 , 1.59838 , 0.526323 , 1.0397 , 0.60017 , 1.92744 , 1.12632 , 0.417053 , 1.71045 , 1.1289 , 1.42166 , 1.25174 , 1.16287 , 1.03836 , 1.09045 , 1.16154 , 0.826412 , 1.18403 , 1.76737 , 0.996524 , 0.831585 , 0.865834 , 0.914116 , 0.629865 , 2.03847 , 1.07893 , 1.28358 , 1.45449 , 0.929154 , 0.419382 , 2.96426 , 1.58897 , 1.38732 , 0.767969 , 2.04299 , 1.0425 , 1.18836 , 1.20129 , 1.414 , 0.775118 , 1.56066 , 0.99834 , 0.926471 , 0.768742 , 1.07138 , 1.33739 , 1.32533 , 0.321898 , 0.700094 , 0.771049 , 0.922296 , 0.714564 , 0.808369 , 3.09936 , 1.21466 , 0.774568 , 0.635629 , 1.325 , 1.43454 , 0.749465 , 1.37455 , 1.67139 , 0.943916 , 1.05433 , 0.885075 , 1.28555 , 0.787698 , 0.636591 , 0.665956 , 1.47356 , 0.828779 , 0.586105 , 1.43524 , 0.947626 , 0.714135 , 0.889347 , 0.858289 , 1.07218 , 0.724042 , 1.04152 , 2.32905 , 0.574802 , 0.488759 , 2.26041 , 0.350901 , 0.545134 , 1.33685 , 1.39055 , 0.521307 , 1.77769 , 1.4546 , 1.70686 , 1.15386 , 1.65549 , 1.09792 , 1.11451 , 0.69127 , 1.79798 , 0.90233 , 0.666367 , 1.29463 , 0.454426 , 0.521376 , 0.7829 , 1.60704 , 2.3838 , 0.921084 , 0.720352 , 0.552932 , 1.01211 , 1.13891 , 0.691893 , 1.62433 , 0.887848 , 0.781742 , 0.881916 , 1.44637 , 1.08944 , 2.55139 , 0.694541 , 1.99695 , 1.99821 , 1.99341 , 1.03674 , 0.855079 , 0.619617 , 0.668511 , 1.93811 , 1.88072 , 0.900009 , 3.03247 , 1.42499 , 1.34495 , 1.93056 , 1.61865 , 2.21097 , 2.28852 , 0.955097 , 0.939652 , 0.662294 , 2.9934 , 0.985258 , 1.11125 , 0.751071 , 1.09638 , 0.938007 , 0.607099 , 1.25246 , 0.951243 , 1.90237 , 1.07905 , 0.544947 , 2.63703 , 0.468294 , 0.701346 , 0.54791 , 1.12758 , 2.30671 , 1.59978 , 1.84844 , 1.40119 , 1.1878 , 1.44472 , 0.899469 , 0.591473 , 1.58316 , 0.591177 , 0.786493 , 1.67121 , 0.88025 , 0.760613 , 1.83334 , 1.1488 , 0.866337 , 0.939827 , 1.01024 , 1.52783 , 0.42157 , 1.02542 , 1.47512 , 0.783847 , 0.513957 , 1.00632 , 1.35714 , 0.867115 , 0.812541 , 0.673761 , 2.06352 , 0.837864 , 0.548345 , 0.688078 , 0.655551 , 0.434497 , 1.19646 , 0.891302 , 1.59815 , 2.04153 , 1.20828 , 1.50217 , 0.508344 , 2.02019 , 0.999826 , 0.798778 , 1.20669 , 1.10797 , 1.03795 , 0.557714 , 1.20231 , 0.856328 , 0.864521 , 2.70046 , 1.23601 , 1.51502 , 1.00483 , 0.711246 , 0.879911 , 1.37593 , 0.712172 , 0.47085 , 1.57608 , 0.836281 , 1.06761 , 1.88549 , 0.771416 , 0.655776 , 1.28756 , 1.26252 , 0.794258 , 1.50723 , 0.975893 , 0.755014 , 1.19245 , 0.454039 , 0.287172 , 1.43254 , 1.27749 , 0.909561 , 2.13898 , 1.99059 , 0.674683 , 0.748695 , 0.540222 , 1.15471 , 0.781679 , 0.987721 , 1.497 , 1.22101 , 0.728154 , 0.793327 , 1.01562 , 0.802318 , 0.825332 , 3.15066 , 0.506112 , 0.714244 , 0.908329 , 0.746182 , 0.918323 , 0.786192 , 0.787436 , 1.15575 , 0.583941 , 0.873968 , 0.988281 , 0.944408 , 1.23318 , 1.17196 , 1.12211 , 1.35161 , 0.317788 , 1.22888 , 1.04457 , 0.544897 , 0.686784 , 1.17763 , 1.03558 , 0.889006 , 2.10403 , 0.632112 , 2.25527 , 2.38111 , 1.00196 , 1.7718 , 0.676226 , 1.10884 , 0.972766 , 0.499062 , 1.23984 , 0.680259 , 1.18249 , 0.806982 , 1.55698 , 0.753803 , 0.76126 , 1.85486 , 0.958289 , 0.567059 , 0.715174 , 0.719711 , 1.01962 , 0.975792 , 0.841432 , 2.24876 , 0.942834 , 1.23446 , 1.65159 , 1.27613 , 0.412137 , 1.0003 , 2.02472 , 1.05511 , 0.69165 , 0.892139 , 0.930438 , 0.787529 , 0.953227 , 0.84697 , 1.19612 , 1.52128 , 1.73301 , 2.52728 , 2.34447 , 0.707773 , 0.851142 , 1.48531 , 0.887206 , 0.871667 , 1.9934 , 0.480901 , 1.81177 , 1.07199 , 1.11955 , 0.896027 , 0.923141 , 1.12373 , 1.29364 , 0.739758 , 0.659051 , 1.26175 , 0.542879 , 1.26253 , 1.62109 , 2.11204 , 1.39979 , 0.989824 , 0.78581 , 2.14623 , 1.21776 , 0.736473 , 1.39374 , 1.6797 , 1.60042 , 0.602833 , 1.27188 , 0.821701 , 1.04144 , 0.605721 , 1.00145 , 1.26302 , 0.791207 , 1.69374 , 1.06436 , 0.824112 , 0.349683 , 0.688506 , 1.21914 , 1.44066 , 1.36383 , 1.13659 , 0.62665 , 0.864182 , 0.392483 , 1.46259 , 1.41927 , 1.31718 , 0.895387 , 2.28352 , 1.95682 , 0.437258 , 0.894243 , 0.972395 , 0.976886 , 2.66815 , 1.71768 , 1.53793 , 1.2019 , 0.984055 , 0.89552 , 0.659366 , 2.03493 , 1.39986 , 0.697671 , 0.940124 , 0.910487 , 1.89434 , 0.824255 , 1.1462 , 1.37752 , 0.589462 , 1.26022 , 1.32771 , 1.33889 , 0.508102 , 1.6416 , 1.19276 , 0.94537 , 0.898842 , 1.17993 , 1.17081 , 2.02142 , 1.11261 , 0.550261 , 0.947106 , 0.773072 , 0.738012 , 0.874876 , 1.05852 , 0.945582 , 1.06353 , 1.38508 , 1.30565 , 1.87683 , 1.84474 , 1.27449 , 1.02315 , 1.23002 , 1.88134 , 3.08974 , 0.553902 , 1.65564 , 0.633048 , 0.594219 , 0.990901 , 1.43502 , 0.476533 , 1.30991 , 0.7681 , 0.912124 , 0.977282 , 1.10248 , 1.31587 , 1.27535 , 1.04124 , 0.838531 , 2.38586 , 3.13874 , 0.766329 , 0.310086 , 1.6309 , 1.5692 , 0.762395 , 2.38958 , 0.945198 , 1.03332 , 2.13197 , 1.53688 , 0.330056 , 0.605011 , 1.58012 , 1.70646 , 0.680222 , 0.623066 , 1.28413 , 1.21023 , 2.04273 , 0.975505 , 1.12244 , 0.51693 , 1.39453 , 0.405136 , 1.67778 , 1.32647 , 1.18922 , 0.334851 , 1.8036 , 2.04301 , 0.75582 , 1.47443 , 1.08385 , 0.951718 , 2.00655 , 0.810413 , 1.51801 , 0.37152 , 2.534 , 2.97936 , 0.917854 , 0.537914 , 1.13784 , 1.20265 , 0.917597 , 1.21799 , 0.44365 , 1.34987 , 2.05668 , 1.01939 , 1.41044 , 0.854788 , 0.427512 , 0.828933 , 3.5765 , 1.5274 , 0.705684 , 1.71948 , 0.66991 , 1.16158 , 0.630628 , 1.59839 , 0.597209 , 1.99826 , 1.34349 , 1.60118 , 2.33628 , 1.02394 , 0.581666 , 0.887513 , 0.375069 , 1.65462 , 1.58014 , 1.01088 , 0.479544 , 0.826932 , 0.895528 , 0.572404 , 0.473728 , 2.58303 , 2.68057 , 1.36528 , 1.33874 , 1.98585 , 1.93325 , 0.704919 , 0.914045 , 1.24071 , 0.969652 , 0.79359 , 1.59707 , 1.28441 , 1.26341 , 0.892433 , 0.816443 , 0.450699 , 1.50937 , 0.520998 , 1.43884 , 1.76255 , 1.0311 , 0.951457 , 0.594498 , 1.39634 , 1.87896 , 0.837735 , 1.24085 , 0.832614 , 0.716992 , 2.20523 , 1.10493 , 0.567341 , 1.13239 , 0.749089 , 0.698499 , 0.922543 , 0.801266 , 1.13734 , 0.521649 , 0.652255 , 3.0288 , 1.2544 , 0.987696 , 1.27824 , 0.457904 , 3.23575 , 2.17461 , 1.88609 , 2.20204 , 0.799301 , 0.930973 , 1.57653 , 2.34769 , 0.552988 , 1.13215 , 1.26109 , 0.838903 , 1.68509 , 1.54486 , 1.0166 , 0.867625 , 0.848314 , 0.493704 , 1.73265 , 0.792559 , 1.59128 , 0.629203 , 1.53989 , 1.28382 , 0.537246 , 0.557707 , 1.25441 , 0.724071 , 1.96898 , 0.846148 , 1.26702 , 0.735459 , 0.270642 , 1.10322 , 0.795135 , 2.08807 , 1.59008 , 1.53451 , 0.642478 , 1.13897 , 1.64515 , 2.09421 , 1.51618 , 0.862979 , 0.914607 , 0.366214 , 1.6633 , 0.486568 , 0.835388 , 1.0128 , 0.753051 , 0.553588 , 0.637569 , 0.508525 , 2.28499 , 3.66757 , 2.25972 , 0.799728 , 1.80761 , 2.80689 , 1.06525 , 2.82627 , 1.19027 , 1.53685 , 1.82585 , 1.11072 , 1.34271 , 1.02233 , 2.0498 , 1.19133 , 2.68774 , 0.918483 , 0.592537 , 0.520347 , 1.50556 , 1.37813 , 0.818499 , 0.707258 , 0.527156 , 0.9667 , 1.22769 , 1.20499 , 2.32626 , 1.72785 , 0.488162 , 0.981033 , 2.09432 , 0.432932 , 0.534852 , 0.885229 , 1.1516 , 0.67565 , 1.59051 , 1.0428 , 1.10504 , 1.05433 , 0.666011 , 1.12476 , 1.65945 , 1.37319 , 0.716756 , 1.49036 , 0.999124 , 0.898782 , 0.845163 , 1.64587 , 1.17383 , 1.68049 , 1.67411 , 1.48844 , 0.833652 , 0.918277 , 2.09557 , 1.10396 , 1.01639 , 0.40693 , 0.803478 , 0.565445 , 2.43256 , 1.20936 , 1.41769 , 0.826105 , 1.9288 , 0.663028 , 0.615354 , 0.606477 , 1.43076 , 0.744413 , 1.96166 , 1.24408 , 0.564017 , 1.22597 , 1.15399 , 1.26017 , 1.02746 , 1.51497 , 1.21257 , 0.62083 , 1.21741 , 0.950334 , 1.33301 , 1.58848 , 0.620215 , 1.30657 , 1.02323 , 1.28863 , 3.08488 , 1.61913 , 1.5263 , 2.22341 , 1.09548 , 1.39752 