avg1=[0.661541 , 0.478545 , 1.07213 , 2.42066 , 2.24568 , 1.1204 , 1.24796 , 0.899741 , 1.11444 , 1.23995 , 0.905888 , 1.06751 , 1.09314 , 1.45232 , 0.483884 , 0.660351 , 1.47176 , 3.13486 , 1.58721 , 0.842859 , 1.64562 , 1.15075 , 0.822127 , 1.02388 , 1.06046 , 1.69193 , 0.614348 , 1.24609 , 0.81167 , 1.32421 , 0.703969 , 1.43892 , 1.50374 , 1.45263 , 3.11259 , 0.997741 , 2.76788 , 0.788968 , 0.522385 , 1.43482 , 3.16318 , 1.54828 , 1.40857 , 1.09654 , 0.447956 , 0.648081 , 0.624026 , 2.09827 , 0.534864 , 0.520018 , 2.43797 , 0.20428 , 0.977893 , 1.00029 , 0.765001 , 3.01583 , 0.921166 , 3.03573 , 0.528955 , 0.40674 , 1.18918 , 1.36395 , 1.58198 , 1.77012 , 0.919935 , 0.660908 , 1.00607 , 3.80197 , 0.377442 , 1.35736 , 0.306575 , 4.11578 , 0.928473 , 1.06529 , 0.654105 , 1.12712 , 0.962156 , 2.01051 , 0.4103 , 1.35409 , 2.45312 , 1.28309 , 0.736706 , 0.364613 , 4.31089 , 1.46099 , 0.982166 , 1.21498 , 1.59226 , 1.62846 , 1.07263 , 2.68613 , 1.3911 , 2.10271 , 0.834415 , 1.55852 , 1.21506 , 0.886661 , 0.70185 , 0.99623 , 1.03174 , 0.832067 , 1.72103 , 1.05642 , 2.18363 , 1.03477 , 0.929104 , 0.839782 , 1.23131 , 1.27078 , 0.793875 , 2.01492 , 1.95405 , 1.13546 , 0.721994 , 0.687183 , 0.626471 , 1.37973 , 0.378817 , 1.11983 , 0.762429 , 0.814359 , 0.692782 , 0.722841 , 0.401721 , 1.28699 , 2.31912 , 0.730255 , 0.674161 , 0.317895 , 0.586964 , 0.495197 , 1.47096 , 0.881795 , 2.89702 , 2.42501 , 0.600254 , 0.893909 , 1.83666 , 1.19526 , 0.503546 , 0.885655 , 0.492117 , 0.467887 , 2.51742 , 2.52884 , 1.31411 , 0.541358 , 1.07168 , 0.58372 , 0.458681 , 2.53675 , 1.94982 , 0.891953 , 0.914124 , 1.31621 , 0.766678 , 0.968494 , 0.692003 , 1.64744 , 1.35613 , 0.787569 , 0.718533 , 0.911363 , 0.21221 , 0.31355 , 0.877254 , 1.00542 , 0.990264 , 0.587811 , 0.371036 , 1.88992 , 1.0095 , 0.867704 , 0.459813 , 0.879941 , 0.865354 , 1.25979 , 0.240643 , 1.86208 , 1.62875 , 1.15529 , 0.919019 , 1.28748 , 0.689578 , 3.80205 , 0.340478 , 1.38345 , 0.786099 , 1.06501 , 0.710876 , 0.499988 , 2.47863 , 0.757743 , 1.64623 , 1.42921 , 2.35425 , 0.961991 , 1.32176 , 1.09277 , 0.971433 , 1.12023 , 1.07706 , 1.07373 , 2.01946 , 1.31739 , 0.680614 , 0.968241 , 0.7808 , 1.04657 , 0.923566 , 0.662975 , 0.630038 , 1.22263 , 1.73132 , 0.655216 , 0.520436 , 1.35018 , 1.81743 , 0.820339 , 2.8636 , 1.41149 , 0.838654 , 5.13931 , 0.999907 , 3.87881 , 1.16909 , 0.98561 , 1.02739 , 0.457838 , 1.43099 , 1.3235 , 0.713737 , 0.790434 , 0.861583 , 1.28217 , 4.04446 , 1.00022 , 0.637236 , 0.584229 , 3.32945 , 1.96566 , 2.42012 , 1.23124 , 0.819247 , 2.12763 , 1.56843 , 0.951449 , 0.673858 , 0.81821 , 1.59616 , 0.821186 , 0.71656 , 0.856054 , 0.66904 , 3.3946 , 3.47246 , 0.983022 , 1.45953 , 3.4833 , 1.08176 , 7.61607 , 1.30586 , 0.228771 , 1.2482 , 1.11926 , 1.56011 , 3.22425 , 2.25438 , 0.734587 , 0.946088 , 1.69632 , 0.702948 , 0.613822 , 1.13552 , 2.5256 , 0.523501 , 0.802884 , 1.30287 , 1.98813 , 2.13526 , 0.921692 , 0.712368 , 1.05834 , 1.40784 , 0.409167 , 0.498154 , 0.947922 , 1.64086 , 0.708137 , 0.933594 , 1.01199 , 1.06858 , 0.860204 , 0.422064 , 1.45464 , 1.74059 , 0.148143 , 1.0385 , 0.438219 , 0.485834 , 0.248769 , 2.74357 , 1.23778 , 1.74171 , 1.82398 , 1.4676 , 1.15935 , 1.06743 , 1.82462 , 0.854981 , 1.1918 , 0.37106 , 0.636124 , 1.04209 , 1.19443 , 3.39894 , 1.27535 , 0.881489 , 0.782478 , 1.1646 , 1.4302 , 1.06026 , 0.281899 , 0.612691 , 0.872599 , 0.564436 , 1.42914 , 1.60418 , 1.19657 , 1.02762 , 1.38015 , 1.15709 , 0.78293 , 0.931244 , 1.51591 , 1.77616 , 1.34344 , 1.00029 , 1.45129 , 0.931384 , 1.27821 , 1.09271 , 0.958002 , 1.48921 , 1.47561 , 0.638158 , 1.14883 , 0.9541 , 0.736041 , 3.60109 , 0.426007 , 1.55129 , 0.953505 , 0.943654 , 1.27357 , 0.759701 , 0.722372 , 0.999071 , 1.5789 , 1.05104 , 1.1339 , 0.966535 , 1.89005 , 0.771853 , 0.865773 , 0.728918 , 3.83451 , 2.22866 , 1.01089 , 0.912968 , 0.431239 , 1.64824 , 0.677492 , 0.605629 , 0.944547 , 0.297724 , 0.912902 , 4.71742 , 0.505353 , 1.77692 , 0.423277 , 0.215722 , 1.18539 , 0.648968 , 2.55296 , 2.28474 , 2.77693 , 1.00044 , 1.46649 , 0.743905 , 1.57454 , 3.99132 , 0.893912 , 1.11058 , 0.559515 , 0.37705 , 0.4075 , 2.83773 , 0.369924 , 1.61826 , 1.40101 , 2.48452 , 2.45516 , 2.10974 , 1.18663 , 1.60824 , 1.33316 , 1.15286 , 0.883067 , 0.715137 , 0.832187 , 0.999447 , 1.85283 , 1.37483 , 1.40746 , 0.787873 , 1.48477 , 1.10344 , 1.05825 , 2.78115 , 0.630615 , 1.75491 , 1.27837 , 0.720244 , 0.35554 , 2.03241 , 0.69509 , 0.612404 , 1.10807 , 0.975046 , 0.300648 , 1.89182 , 0.752744 , 0.817125 , 0.730297 , 0.676509 , 1.01186 , 1.76497 , 1.86495 , 0.813327 , 0.767275 , 0.933329 , 1.41505 , 0.958049 , 0.629978 , 3.01229 , 1.83259 , 2.65269 , 1.75303 , 0.572887 , 1.73118 , 1.3548 , 1.06231 , 0.830126 , 2.13028 , 2.08746 , 1.52822 , 1.3528 , 2.39353 , 2.63108 , 0.456941 , 0.758315 , 2.03538 , 0.435111 , 0.788041 , 1.09255 , 2.71147 , 1.78523 , 2.57701 , 2.17522 , 2.49495 , 0.284946 , 1.58812 , 1.17727 , 1.27567 , 1.2545 , 0.151119 , 1.95385 , 0.517803 , 0.903497 , 0.81415 , 1.01344 , 1.20628 , 1.19694 , 0.749422 , 0.992833 , 0.701638 , 0.910918 , 0.639969 , 0.463731 , 0.649854 , 0.628391 , 1.30356 , 1.67868 , 3.98991 , 1.47602 , 1.05767 , 2.85523 , 0.309502 , 0.375118 , 0.558019 , 0.931041 , 0.50223 , 1.97952 , 0.505125 , 2.55172 , 3.08661 , 0.0732715 , 3.19394 , 0.676923 , 0.745396 , 0.99679 , 1.19755 , 0.969726 , 4.07624 , 5.01765 , 1.00601 , 0.853051 , 0.582836 , 1.08261 , 0.777666 , 2.16068 , 0.623868 , 1.36621 , 0.946568 , 1.34102 , 0.748802 , 1.69453 , 0.659685 , 3.31139 , 1.69902 , 0.794583 , 1.2361 , 9.37397 , 0.836748 , 0.729224 , 0.555128 , 0.816416 , 2.12084 , 0.83825 , 1.00335 , 0.471292 , 1.33757 , 1.58506 , 2.47195 , 0.413165 , 0.683873 , 2.7536 , 0.568914 , 1.16934 , 1.83532 , 0.570702 , 0.694693 , 0.711902 , 1.73634 , 0.814241 , 0.78457 , 2.19829 , 0.984861 , 0.272784 , 1.48538 , 0.809028 , 0.910705 , 0.97527 , 0.233868 , 0.801957 , 1.29166 , 0.514636 , 1.565 , 1.46597 , 0.647107 , 1.14146 , 2.35344 , 1.40515 , 0.683354 , 1.43547 , 0.801183 , 0.284773 , 0.790771 , 0.372113 , 0.652687 , 0.475803 , 1.01725 , 3.11445 , 1.22053 , 2.69384 , 0.368312 , 0.740396 , 1.10707 , 3.43981 , 1.09434 , 1.1928 , 1.36338 , 0.624709 , 2.93341 , 1.57947 , 1.04381 , 1.60146 , 1.17366 , 0.546125 , 4.37092 , 0.807365 , 0.870611 , 3.08462 , 0.407552 , 0.466588 , 0.777032 , 0.842298 , 0.623238 , 1.16169 , 0.481473 , 0.81809 , 0.648677 , 1.10594 , 4.26813 , 0.533646 , 1.30592 , 1.69509 , 0.542209 , 1.87359 , 2.985 , 1.37766 , 0.936876 , 0.594535 , 1.37545 , 2.39365 , 0.722676 , 0.677314 , 0.809418 , 0.764622 , 0.678372 , 0.661992 , 0.885581 , 1.63875 , 1.24697 , 1.10947 , 1.1228 , 1.93279 , 0.67236 , 1.32547 , 0.933209 , 1.35944 , 0.645922 , 1.17475 , 0.364386 , 1.10382 , 2.94268 , 0.683472 , 1.41445 , 1.31486 , 0.658503 , 0.508438 , 0.497177 , 0.718364 , 2.53923 , 0.954818 , 1.17674 , 0.84772 , 0.25822 , 0.372657 , 3.15564 , 1.68259 , 0.739449 , 0.692774 , 1.16495 , 3.95389 , 0.686846 , 6.33464 , 0.611442 , 0.532723 , 1.02713 , 0.441215 , 0.760773 , 1.08368 , 0.93868 , 3.021 , 0.670307 , 2.29865 , 0.573036 , 1.00291 , 1.16777 , 0.630758 , 1.30554 , 1.0178 , 1.78879 , 1.0003 , 1.6493 , 1.23093 , 1.32892 , 0.847078 , 0.270702 , 1.23712 , 0.849935 , 1.39665 , 1.39945 , 1.27837 , 1.63724 , 1.61513 , 0.419882 , 0.190916 , 1.57346 , 2.02903 , 1.25938 , 0.774004 , 1.56249 , 1.90371 , 1.42823 , 1.99116 , 2.94471 , 1.23179 , 0.899864 , 0.203248 , 1.4407 , 0.62362 , 0.690471 , 2.23325 , 2.8493 , 2.27855 , 1.65148 , 1.70178 , 1.04963 , 0.863881 , 0.708342 , 0.642917 , 0.318437 , 0.303606 , 2.07747 , 0.968112 , 1.21419 , 1.44851 , 2.39215 , 1.40049 , 0.431312 , 1.1374 , 3.21428 , 3.43766 , 0.677268 , 5.19785 , 1.13692 , 0.442929 , 1.52722 , 2.05536 , 0.428413 , 1.40459 , 0.826951 , 2.95055 , 0.378047 , 1.60574 , 0.583725 , 0.541896 , 1.41405 , 2.02504 , 0.748801 , 0.650581 , 1.84134 , 0.797278 , 1.19313 , 1.83335 , 1.43887 , 0.941474 , 2.96885 , 0.280937 , 1.14432 , 0.881139 , 1.8013 , 0.40564 , 0.705698 , 1.55165 , 1.30433 , 1.39521 , 