avg1=[0.971473 , 1.1491 , 0.844553 , 0.655743 , 1.43446 , 0.582999 , 0.803081 , 0.885747 , 0.916725 , 1.19593 , 0.41167 , 1.34256 , 1.43649 , 0.651441 , 0.767271 , 0.538787 , 1.11789 , 1.14387 , 0.894844 , 0.833335 , 0.919325 , 0.911981 , 0.577598 , 1.3346 , 1.81368 , 0.709339 , 0.891167 , 1.17188 , 1.22865 , 0.695564 , 1.17371 , 0.799491 , 1.05667 , 0.916826 , 1.15455 , 1.49965 , 0.974291 , 0.890385 , 1.1564 , 1.47635 , 0.957457 , 0.571581 , 1.23261 , 1.1597 , 0.94275 , 1.12007 , 0.908249 , 0.741346 , 1.49391 , 1.30128 , 0.96744 , 0.877593 , 0.83264 , 0.855748 , 0.786342 , 0.879773 , 1.15108 , 1.14336 , 0.73939 , 0.688025 , 1.13832 , 1.20014 , 0.853323 , 1.06532 , 1.50774 , 1.51134 , 1.65441 , 0.993207 , 1.3864 , 1.26955 , 1.00748 , 0.577521 , 1.33375 , 0.808263 , 1.23578 , 1.29039 , 1.54315 , 1.86481 , 1.12001 , 1.29695 , 1.22762 , 1.28244 , 0.669091 , 1.01332 , 1.41698 , 0.912401 , 1.48761 , 0.856029 , 1.13903 , 1.22658 , 1.06375 , 0.896503 , 0.939384 , 1.20668 , 0.815838 , 1.60169 , 0.838797 , 1.37948 , 0.860202 , 0.68163 , 0.723462 , 1.18508 , 1.14766 , 1.18139 , 1.39322 , 1.16529 , 1.44943 , 1.19106 , 0.935817 , 1.43004 , 0.975075 , 2.41549 , 0.683307 , 1.45141 , 0.945829 , 1.25253 , 1.09538 , 1.046 , 0.811767 , 1.31535 , 1.42812 , 1.21275 , 0.777268 , 1.16766 , 0.981143 , 0.888255 , 1.17528 , 1.52584 , 0.95249 , 1.17872 , 0.857215 , 0.687577 , 0.767616 , 0.847952 , 1.03273 , 0.963059 , 1.47153 , 1.70724 , 0.993685 , 0.889902 , 0.996671 , 1.0018 , 1.1464 , 1.1623 , 1.33103 , 1.05849 , 2.28748 , 1.17515 , 1.01878 , 1.51132 , 1.0741 , 1.75044 , 1.23481 , 1.08423 , 2.00732 , 1.7373 , 1.7508 , 0.515768 , 0.572845 , 0.946128 , 0.70739 , 1.4201 , 0.99147 , 0.790869 , 2.16934 , 0.835605 , 1.01532 , 1.23315 , 0.816061 , 0.830968 , 0.895721 , 1.12485 , 0.973123 , 1.88366 , 0.802499 , 0.550834 , 0.980636 , 0.905449 , 0.886455 , 1.90502 , 1.00107 , 1.76424 , 1.07468 , 0.91602 , 1.02165 , 0.772525 , 0.941264 , 1.13639 , 0.796792 , 1.29186 , 1.4975 , 1.07268 , 1.84464 , 1.34699 , 0.610936 , 0.891472 , 0.950913 , 1.0477 , 0.906331 , 0.959178 , 0.820728 , 0.902413 , 1.26013 , 1.0197 , 0.776296 , 0.827995 , 1.63935 , 0.993889 , 0.89772 , 0.833302 , 1.34753 , 1.10666 , 1.35096 , 1.12993 , 1.27659 , 1.00925 , 1.20476 , 0.934131 , 0.777964 , 0.981488 , 0.521065 , 0.941028 , 1.38819 , 0.9313 , 0.795653 , 1.25943 , 0.927638 , 1.26217 , 0.71321 , 0.698277 , 2.2433 , 0.768656 , 1.0654 , 1.32981 , 0.61945 , 0.770776 , 1.16649 , 1.22785 , 0.659836 , 0.763232 , 1.15071 , 0.960106 , 0.860813 , 1.05302 , 0.693475 , 1.12403 , 0.906345 , 0.748495 , 1.01958 , 0.761441 , 0.692391 , 0.817586 , 0.873515 , 1.0289 , 0.788624 , 0.876841 , 0.984724 , 0.745156 , 1.13424 , 0.746368 , 1.19848 , 1.04916 , 0.963299 , 1.23192 , 0.761778 , 1.06204 , 1.64043 , 0.629065 , 1.15624 , 1.02434 , 0.928638 , 1.01599 , 0.723149 , 0.716333 , 1.57908 , 1.28845 , 0.591633 , 1.17596 , 1.22712 , 1.10073 , 1.05269 , 0.862832 , 0.962662 , 1.13235 , 1.39972 , 0.631656 , 1.00791 , 1.2881 , 0.570486 , 1.0163 , 0.809952 , 1.02046 , 0.967097 , 1.75359 , 0.920027 , 1.65082 , 0.752761 , 0.951429 , 0.979943 , 0.614977 , 1.4423 , 1.60824 , 0.809124 , 0.579691 , 0.587406 , 0.882394 , 1.25743 , 1.08526 , 1.37504 , 1.12447 , 1.58307 , 1.28164 , 1.04252 , 0.971574 , 1.13537 , 0.973003 , 0.8646 , 0.669747 , 1.13082 , 0.797687 , 0.683735 , 1.52398 , 1.6633 , 0.791696 , 1.15937 , 1.16262 , 0.883554 , 1.00827 , 1.05249 , 1.22689 , 0.450254 , 0.776578 , 1.1343 , 0.413456 , 0.791906 , 0.499481 , 1.51073 , 0.55988 , 0.867945 , 0.805007 , 1.00642 , 1.64914 , 1.19925 , 1.3614 , 0.511436 , 0.603028 , 1.03928 , 0.824218 , 1.90151 , 0.835558 , 1.25767 , 0.692893 , 0.805722 , 1.00416 , 1.17933 , 0.860056 , 0.972216 , 1.03352 , 2.22076 , 0.933581 , 1.24764 , 1.10628 , 1.52034 , 1.2451 , 1.33551 , 1.17952 , 1.02025 , 1.09601 , 1.03356 , 0.800515 , 0.784603 , 0.879197 , 1.064 , 0.430544 , 0.590378 , 0.7633 , 0.632828 , 0.761236 , 0.882401 , 0.841556 , 1.42084 , 0.887389 , 1.34394 , 1.31508 , 1.11429 , 0.716824 , 1.03978 , 1.22612 , 1.14969 , 1.07294 , 0.937362 , 0.678947 , 1.08228 , 0.698557 , 0.867421 , 0.720758 , 0.737268 , 0.928174 , 1.1479 , 1.04565 , 1.04431 , 0.730486 , 0.981368 , 1.48946 , 1.40768 , 1.27771 , 0.744676 , 1.76325 , 0.702811 , 1.86337 , 0.954533 , 0.632141 , 0.63256 , 0.825384 , 0.871688 , 0.973114 , 1.07614 , 0.915198 , 0.785102 , 0.669257 , 0.678399 , 0.886571 , 1.21698 , 1.12943 , 1.32443 , 1.34216 , 0.799293 , 0.923226 , 0.655692 , 1.18854 , 1.15311 , 0.95565 , 1.64404 , 1.36668 , 0.858802 , 0.700095 , 0.966276 , 0.911296 , 0.636088 , 1.8672 , 0.922522 , 1.44037 , 1.36286 , 0.885005 , 1.00197 , 1.04205 , 1.3242 , 1.19617 , 1.89721 , 0.86723 , 0.60764 , 1.50936 , 1.0472 , 1.01225 , 1.25368 , 0.858312 , 1.17822 , 1.17951 , 1.0531 , 1.82282 , 0.851423 , 0.738595 , 0.846824 , 1.28847 , 1.19186 , 1.23952 , 0.868983 , 0.795282 , 0.72826 , 2.02222 , 1.21105 , 0.663217 , 1.43114 , 0.838473 , 1.20131 , 0.897283 , 0.682397 , 1.30442 , 1.31351 , 0.983995 , 1.20743 , 1.10196 , 1.13696 , 0.82402 , 0.813579 , 0.894494 , 1.22796 , 1.01054 , 0.992078 , 1.38028 , 0.635585 , 0.831925 , 1.25634 , 0.849768 , 1.15813 , 1.15882 , 0.612168 , 1.00299 , 1.65223 , 1.16658 , 1.24796 , 0.973033 , 0.752273 , 0.728169 , 0.83355 , 0.749429 , 1.02103 , 1.33407 , 0.554504 , 1.93792 , 1.75868 , 0.903535 , 1.0483 , 0.970998 , 0.798089 , 1.15234 , 0.863497 , 0.87414 , 0.784895 , 1.30071 , 1.1054 , 0.932311 , 1.23218 , 1.48737 , 0.818165 , 0.896451 , 1.00032 , 0.569246 , 0.820492 , 1.2394 , 1.02698 , 1.12544 , 0.781852 , 1.12698 , 1.60543 , 1.16069 , 1.17132 , 1.2829 , 1.40425 , 1.26292 , 1.06237 , 0.920579 , 1.47914 , 1.25617 , 0.614742 , 1.93516 , 0.495378 , 0.687755 , 1.18934 , 0.807597 , 0.964238 , 1.11111 , 1.20847 , 1.01481 , 1.20226 , 0.785073 , 1.26583 , 1.04795 , 0.882703 , 1.15164 , 0.895515 , 1.16038 , 0.822681 , 0.705946 , 1.19681 , 1.28218 , 1.615 , 0.818215 , 0.864024 , 1.42004 , 1.04512 , 1.06581 , 0.821679 , 1.21625 , 1.40687 , 0.765018 , 1.29015 , 1.38764 , 0.755003 , 0.85006 , 1.1291 , 0.743874 , 1.24959 , 0.805213 , 1.26592 , 0.473569 , 1.05153 , 1.8916 , 0.885614 , 1.10222 , 1.01451 , 0.723997 , 0.945908 , 0.917584 , 0.953918 , 0.987702 , 1.24829 , 1.22707 , 0.941068 , 0.769728 , 1.04129 , 1.21623 , 2.09336 , 2.07223 , 0.840667 , 1.63321 , 1.21228 , 1.35751 , 0.710082 , 0.765776 , 1.33785 , 0.850373 , 0.638152 , 1.17232 , 0.786329 , 1.81207 , 1.06763 , 1.12464 , 1.37476 , 0.73818 , 1.83745 , 1.13897 , 1.19352 , 1.36682 , 0.817474 , 0.797501 , 1.39581 , 1.18191 , 1.29467 , 1.452 , 1.24877 , 0.910437 , 1.51449 , 0.81429 , 1.33474 , 0.706922 , 1.11748 , 1.22916 , 0.721425 , 1.73923 , 0.631521 , 1.59086 , 0.919001 , 0.948948 , 0.552466 , 0.814977 , 0.934917 , 0.813387 , 0.631711 , 1.0698 , 1.12048 , 1.40919 , 1.47392 , 0.839119 , 0.712218 , 1.32459 , 1.33271 , 0.990501 , 0.609355 , 0.973392 , 0.842997 , 1.02701 , 0.649555 , 1.20572 , 0.691455 , 0.767503 , 1.59587 , 0.760547 , 0.607843 , 1.19462 , 0.670237 , 1.30889 , 1.04685 , 0.995686 , 1.27203 , 1.97413 , 0.929269 , 0.68818 , 2.18057 , 1.34981 , 0.919291 , 0.916168 , 0.944462 , 0.97941 , 1.35665 , 0.829213 , 1.20538 , 0.822662 , 0.917926 , 0.991836 , 1.81017 , 1.37855 , 0.736922 , 0.968399 , 0.99619 , 0.528145 , 1.38109 , 0.645239 , 0.800386 , 0.730166 , 0.934449 , 0.628652 , 1.40787 , 0.664986 , 0.838626 , 1.32153 , 1.02833 , 0.876801 , 0.885885 , 1.60876 , 1.05118 , 0.737637 , 1.17614 , 0.486996 , 1.17015 , 1.23392 , 0.852229 , 1.11901 , 0.997624 , 1.4859 , 0.846379 , 0.818714 , 0.995445 , 0.988732 , 1.14209 , 0.737658 , 0.930318 , 0.565747 , 1.00041 , 2.11575 , 1.45005 , 1.40867 , 1.14703 , 0.804615 , 0.912117 , 1.15978 , 1.19266 , 0.938884 , 0.548363 , 1.14813 , 1.62987 , 0.952306 , 0.879899 , 1.08313 , 0.98079 , 1.11582 , 1.42312 , 1.7006 , 0.799487 , 0.817664 , 0.93305 , 1.74477 , 1.25841 , 1.20774 , 0.81254 , 1.5964 , 1.38682 , 1.05302 , 1.0088 , 1.31932 , 0.993148 , 1.69312 , 0.767994 , 1.32081 , 0.68213 , 1.24068 , 0.750102 , 1.00143 , 1.24894 , 1.07491 , 1.31189 , 