var1=[0.164707 , 0.163703 , 0.108557 , 0.153547 , 0.188698 , 0.420586 , 0.21472 , 0.108364 , 0.196942 , 0.186303 , 0.313252 , 0.224714 , 0.322203 , 0.444612 , 0.202425 , 0.144057 , 0.135908 , 0.305234 , 0.218779 , 0.139732 , 0.172737 , 0.178813 , 0.251031 , 0.308478 , 0.571356 , 0.160252 , 0.210899 , 0.173735 , 0.359372 , 0.190054 , 0.189192 , 0.236009 , 0.317166 , 0.143633 , 0.185615 , 0.134819 , 0.232375 , 0.172187 , 0.13765 , 0.187695 , 0.168782 , 0.154373 , 0.246781 , 0.212465 , 0.210789 , 0.177071 , 0.150205 , 0.117811 , 0.136852 , 0.17399 , 0.199417 , 0.108281 , 0.4046 , 0.158123 , 0.13425 , 0.219261 , 0.485988 , 0.510899 , 0.282778 , 0.240656 , 0.316429 , 0.13896 , 0.117563 , 0.1893 , 0.137364 , 0.209599 , 0.16462 , 0.16272 , 0.179424 , 0.197422 , 0.330832 , 0.176241 , 0.141854 , 0.0940144 , 0.266245 , 0.269436 , 0.173658 , 0.402291 , 0.144842 , 0.366651 , 0.108119 , 0.166226 , 0.21347 , 0.200635 , 0.40753 , 0.148062 , 0.467616 , 0.162657 , 0.233057 , 0.262024 , 0.168858 , 0.257026 , 0.178411 , 0.143932 , 0.149508 , 0.184074 , 0.166099 , 0.191591 , 0.286172 , 0.212008 , 0.130721 , 0.206413 , 0.260352 , 0.162906 , 0.33009 , 0.237413 , 0.319324 , 0.137162 , 0.17228 , 0.217798 , 0.264621 , 0.0951446 , 0.128067 , 0.193986 , 0.318491 , 0.468737 , 0.221826 , 0.0705789 , 0.134136 , 0.105223 , 0.0707837 , 0.214346 , 0.176334 , 0.155283 , 0.140494 , 0.171501 , 0.143168 , 0.202535 , 0.0894791 , 0.233347 , 0.13415 , 0.122805 , 0.397945 , 0.355099 , 0.859966 , 0.158434 , 0.474508 , 0.276003 , 0.167993 , 0.163324 , 0.131022 , 0.186586 , 0.185887 , 0.194212 , 0.207668 , 0.307512 , 0.425245 , 0.143318 , 0.723032 , 0.375392 , 0.173218 , 0.242051 , 0.204469 , 0.236137 , 0.328621 , 0.210711 , 0.349179 , 0.224233 , 0.242221 , 0.273071 , 0.222263 , 0.0885141 , 0.219813 , 0.208859 , 0.262104 , 0.163033 , 0.345267 , 0.122149 , 0.19553 , 0.194876 , 0.184169 , 0.175777 , 0.326662 , 0.369967 , 0.109414 , 0.191255 , 0.210628 , 0.158429 , 0.160817 , 0.329244 , 0.29243 , 0.116345 , 0.150425 , 0.227198 , 0.208833 , 0.211323 , 0.174576 , 0.309134 , 0.207243 , 0.26478 , 0.231927 , 0.146255 , 0.192694 , 0.184959 , 0.133957 , 0.152512 , 0.341473 , 0.412062 , 0.328022 , 0.185782 , 0.216941 , 0.124409 , 0.263843 , 0.326323 , 0.153603 , 0.199571 , 0.18318 , 0.243737 , 0.164022 , 0.21062 , 0.205225 , 0.203976 , 0.168549 , 0.262695 , 0.222989 , 0.199738 , 0.214242 , 0.331148 , 0.110861 , 0.291772 , 0.136824 , 0.243467 , 0.264514 , 0.226577 , 0.448774 , 0.274805 , 0.264842 , 0.229893 , 0.10399 , 0.247074 , 0.362453 , 0.138371 , 0.124389 , 0.253191 , 0.215418 , 0.150452 , 0.309407 , 0.22252 , 0.471895 , 0.185866 , 0.195965 , 0.119877 , 0.0943091 , 0.180715 , 0.165126 , 0.441972 , 0.230155 , 0.1666 , 0.401448 , 0.362196 , 0.314115 , 0.183452 , 0.179679 , 0.30042 , 0.257018 , 0.152997 , 0.18413 , 0.204815 , 0.347022 , 0.181616 , 0.158808 , 0.173654 , 0.357271 , 0.097264 , 0.443763 , 0.191087 , 0.185245 , 0.178828 , 0.225475 , 0.163531 , 0.17852 , 0.10357 , 0.803457 , 0.277877 , 0.207396 , 0.119401 , 0.143246 , 0.146003 , 0.211454 , 0.170264 , 0.197163 , 0.310314 , 0.322054 , 0.287985 , 0.304227 , 0.183852 , 0.213279 , 0.158553 , 0.394114 , 0.134803 , 0.227424 , 0.252008 , 0.0990005 , 0.395866 , 0.183662 , 0.253971 , 0.11308 , 0.480158 , 0.165034 , 0.325466 , 0.185879 , 0.252709 , 0.153684 , 0.16304 , 0.184041 , 0.11799 , 1.06688 , 0.23827 , 0.544054 , 0.209839 , 0.21046 , 0.157601 , 0.294087 , 0.151455 , 0.386126 , 0.21164 , 0.184555 , 0.169474 , 0.177033 , 0.196456 , 0.245389 , 0.359222 , 0.330821 , 0.135381 , 0.161909 , 0.271657 , 0.143569 , 0.10703 , 0.168625 , 0.140104 , 0.275807 , 0.136468 , 0.219227 , 0.211036 , 0.275054 , 0.127761 , 0.337179 , 0.242753 , 0.220472 , 0.144438 , 0.17823 , 0.250629 , 0.279684 , 0.178025 , 0.153561 , 0.182435 , 0.171224 , 0.157148 , 0.368655 , 0.121157 , 0.282375 , 0.300814 , 0.138549 , 0.182616 , 0.299647 , 0.307222 , 0.137343 , 0.160557 , 0.217795 , 0.115992 , 0.167367 , 0.379943 , 0.23714 , 0.201512 , 0.0921285 , 0.126199 , 0.239277 , 0.216305 , 0.186905 , 0.148312 , 0.262706 , 0.292173 , 0.360795 , 0.1365 , 0.166635 , 0.216571 , 0.0987608 , 0.205952 , 0.12335 , 0.166531 , 0.295702 , 0.161475 , 0.0991114 , 0.188629 , 0.176095 , 0.24033 , 0.209373 , 0.294684 , 0.298374 , 0.131189 , 0.140675 , 0.238714 , 0.145816 , 0.217787 , 0.227904 , 0.376454 , 0.662133 , 0.193945 , 0.370506 , 0.140485 , 0.217788 , 0.101872 , 0.176545 , 0.205573 , 0.32886 , 0.44734 , 0.180105 , 0.265564 , 0.145802 , 0.288816 , 0.204361 , 0.182358 , 0.194667 , 0.348219 , 0.206266 , 0.141996 , 0.197149 , 0.206508 , 0.494267 , 0.138464 , 0.124143 , 0.195359 , 0.155598 , 0.245739 , 0.266838 , 0.166339 , 0.248063 , 0.154674 , 0.331462 , 0.0860013 , 0.167073 , 0.183225 , 0.172403 , 0.438622 , 0.300844 , 0.15945 , 0.595686 , 0.104362 , 0.464727 , 0.499415 , 0.216275 , 0.187404 , 0.13173 , 0.331669 , 0.257251 , 0.0895575 , 0.179731 , 0.25083 , 0.157799 , 0.23914 , 0.198744 , 0.128926 , 0.197041 , 0.238685 , 0.25588 , 0.176791 , 0.175843 , 0.130332 , 0.309223 , 0.263434 , 0.107126 , 0.174531 , 0.140687 , 0.218165 , 0.257076 , 0.345239 , 0.20995 , 0.114793 , 0.116312 , 0.735467 , 0.0880184 , 0.318718 , 0.29725 , 0.24638 , 0.25984 , 0.181191 , 0.335582 , 0.140034 , 0.159442 , 0.197242 , 0.271447 , 0.231521 , 0.19076 , 0.253781 , 0.308675 , 0.189445 , 0.160678 , 0.258989 , 0.284607 , 0.37767 , 0.36624 , 0.165858 , 0.328634 , 0.244679 , 0.211999 , 0.144103 , 0.159823 , 0.171604 , 0.341708 , 0.202108 , 0.273127 , 0.603358 , 0.0391669 , 0.197411 , 0.318169 , 0.0955661 , 0.373019 , 0.121262 , 0.150379 , 0.448196 , 0.170107 , 0.164462 , 0.148043 , 0.15175 , 0.178471 , 0.487941 , 0.321424 , 0.24553 , 0.318701 , 0.20674 , 0.190954 , 0.136578 , 0.179493 , 0.184403 , 0.141616 , 0.183399 , 0.372098 , 0.16327 , 0.154039 , 0.282362 , 0.238744 , 0.207413 , 0.161392 , 0.225617 , 0.299915 , 0.105134 , 0.217144 , 0.297028 , 0.159366 , 0.174649 , 0.226178 , 0.168515 , 0.330697 , 0.206797 , 0.183809 , 0.206708 , 0.104285 , 0.175298 , 0.16404 , 0.152952 , 0.197792 , 0.0907774 , 0.1858 , 0.138063 , 0.294523 , 0.306136 , 0.265027 , 0.1022 , 0.331434 , 0.758572 , 0.153076 , 0.398251 , 0.373474 , 0.0940266 , 0.288736 , 0.0850157 , 0.196693 , 0.191414 , 0.235156 , 0.21614 , 0.185489 , 0.326484 , 0.194261 , 0.165613 , 0.103158 , 0.252245 , 0.165786 , 0.161554 , 0.263111 , 0.115964 , 0.305078 , 0.548469 , 0.238217 , 0.135379 , 0.312575 , 0.100051 , 0.116279 , 0.173022 , 0.175515 , 0.215518 , 0.33085 , 0.091034 , 0.181979 , 0.140107 , 0.274183 , 0.169084 , 0.148146 , 0.166886 , 0.265937 , 0.115209 , 0.112082 , 0.440655 , 0.379493 , 0.109169 , 0.357021 , 0.165379 , 0.212386 , 0.205058 , 0.163932 , 0.176635 , 0.18836 , 0.161176 , 0.205499 , 0.199245 , 0.128868 , 0.364499 , 0.259725 , 0.238879 , 0.0560676 , 0.110299 , 0.269913 , 0.272323 , 0.352518 , 0.266552 , 0.176235 , 0.316894 , 0.196741 , 0.13372 , 0.124789 , 0.213642 , 0.183456 , 0.271452 , 0.142114 , 0.251075 , 0.283289 , 0.160425 , 0.2507 , 0.309253 , 0.212387 , 0.092387 , 0.094003 , 0.219807 , 0.11178 , 0.141574 , 0.115118 , 0.225354 , 0.349565 , 0.235193 , 0.395037 , 0.259865 , 0.260601 , 0.116139 , 0.176444 , 0.412716 , 0.216368 , 0.228203 , 0.488715 , 0.273003 , 0.273664 , 0.103482 , 0.227079 , 0.214534 , 0.366117 , 0.224637 , 0.195044 , 0.251833 , 0.317633 , 0.375201 , 0.188684 , 0.152223 , 0.155038 , 0.151234 , 0.133256 , 0.248425 , 0.286904 , 0.132377 , 0.256231 , 0.192991 , 0.129364 , 0.244317 , 0.366459 , 0.101376 , 0.164178 , 0.195318 , 0.153465 , 0.252956 , 0.197313 , 0.434898 , 0.201779 , 0.457432 , 0.140065 , 0.285046 , 0.0525769 , 0.235301 , 0.273463 , 0.194086 , 0.261448 , 0.196975 , 0.418274 , 0.590704 , 0.309657 , 0.102318 , 0.300174 , 0.195635 , 0.216365 , 0.176505 , 0.185532 , 0.182362 , 0.25102 , 0.237829 , 0.529644 , 0.217462 , 0.508258 , 0.239698 , 0.214127 , 0.261796 , 0.155491 , 0.166615 , 0.244233 , 0.0964542 , 0.221323 , 0.0971924 , 0.163333 , 0.198834 , 0.261616 , 0.255484 , 0.463504 , 0.153791 , 0.233444 , 0.265124 , 0.294926 , 