var1=[0.140355 , 0.179637 , 0.142748 , 0.0973919 , 0.0989791 , 0.0626879 , 0.17319 , 0.113818 , 0.107066 , 0.239995 , 0.304463 , 0.205601 , 0.12937 , 0.220269 , 0.085277 , 0.132321 , 0.150758 , 0.118282 , 0.1968 , 0.170076 , 0.221421 , 0.142522 , 0.147434 , 0.133264 , 0.428582 , 0.153966 , 0.0925546 , 0.150134 , 0.175393 , 0.114919 , 0.327407 , 0.323442 , 0.145529 , 0.138 , 0.0762942 , 0.324758 , 0.112487 , 0.150709 , 0.21108 , 0.282676 , 0.193776 , 0.12659 , 0.287032 , 0.176981 , 0.136486 , 0.179301 , 0.132703 , 0.169226 , 0.220619 , 0.114256 , 0.121456 , 0.194676 , 0.179499 , 0.145988 , 0.238985 , 0.265458 , 0.242197 , 0.253849 , 0.0998119 , 0.146156 , 0.146083 , 0.160544 , 0.087443 , 0.147737 , 0.161873 , 0.255673 , 0.270245 , 0.124909 , 0.13996 , 0.208987 , 0.135981 , 0.0778614 , 0.26911 , 0.136334 , 0.2309 , 0.103539 , 0.17692 , 0.189757 , 0.124917 , 0.215995 , 0.245474 , 0.165263 , 0.180855 , 0.294205 , 0.18063 , 0.0916164 , 0.182328 , 0.103466 , 0.22887 , 0.16556 , 0.131494 , 0.108761 , 0.0889903 , 0.171642 , 0.0801975 , 0.143011 , 0.184129 , 0.15386 , 0.325754 , 0.121358 , 0.244791 , 0.163294 , 0.274989 , 0.379446 , 0.292742 , 0.257169 , 0.222709 , 0.128238 , 0.0934199 , 0.128708 , 0.27597 , 0.227857 , 0.378787 , 0.127377 , 0.126275 , 0.246604 , 0.163522 , 0.150544 , 0.104089 , 0.163326 , 0.266187 , 0.135969 , 0.310372 , 0.187354 , 0.093455 , 0.173691 , 0.106341 , 0.306779 , 0.131883 , 0.069953 , 0.0507501 , 0.180417 , 0.175918 , 0.464312 , 0.269903 , 0.324159 , 0.090573 , 0.212489 , 0.19619 , 0.132184 , 0.211926 , 0.119987 , 0.162969 , 0.189793 , 0.306406 , 0.108335 , 0.251339 , 0.214299 , 0.216601 , 0.121072 , 0.161407 , 0.0948803 , 0.275293 , 0.11235 , 0.179811 , 0.146882 , 0.297836 , 0.19406 , 0.299316 , 0.193337 , 0.0898492 , 0.129066 , 0.179315 , 0.0832139 , 0.165218 , 0.127416 , 0.265808 , 0.337741 , 0.14286 , 0.0895192 , 0.112409 , 0.240787 , 0.269844 , 0.255388 , 0.160849 , 0.170223 , 0.170533 , 0.132638 , 0.097316 , 0.121125 , 0.262239 , 0.140618 , 0.16 , 0.158813 , 0.0924597 , 0.187806 , 0.20438 , 0.144162 , 0.239284 , 0.0991309 , 0.265324 , 0.127127 , 0.111135 , 0.136888 , 0.21667 , 0.268992 , 0.180884 , 0.0748438 , 0.259057 , 0.185307 , 0.124772 , 0.213889 , 0.171313 , 0.195479 , 0.329917 , 0.158074 , 0.0965219 , 0.130943 , 0.176672 , 0.135329 , 0.130558 , 0.119529 , 0.187909 , 0.113545 , 0.175378 , 0.110418 , 0.116975 , 0.188102 , 0.13636 , 0.0529916 , 0.298609 , 0.211041 , 0.167909 , 0.184732 , 0.132639 , 0.150334 , 0.0728554 , 0.103319 , 0.088499 , 0.107409 , 0.13754 , 0.167344 , 0.0961452 , 0.0942472 , 0.16109 , 0.0643112 , 0.377732 , 0.211978 , 0.120454 , 0.287438 , 0.432672 , 0.198352 , 0.216032 , 0.271824 , 0.220073 , 0.29844 , 0.117282 , 0.137606 , 0.144712 , 0.421633 , 0.163035 , 0.124457 , 0.147707 , 0.195723 , 0.167816 , 0.170833 , 0.131324 , 0.144794 , 0.147421 , 0.155254 , 0.116089 , 0.101412 , 0.141632 , 0.079107 , 0.132812 , 0.225866 , 0.237646 , 0.0733832 , 0.124621 , 0.245189 , 0.133855 , 0.119228 , 0.228584 , 0.14754 , 0.308361 , 0.183029 , 0.176966 , 0.102261 , 0.0902082 , 0.153053 , 0.19636 , 0.178077 , 0.115038 , 0.168752 , 0.117701 , 0.111228 , 0.232728 , 0.181804 , 0.51465 , 0.181254 , 0.242171 , 0.265946 , 0.15636 , 0.0875455 , 0.199057 , 0.258323 , 0.139393 , 0.239015 , 0.161282 , 0.188164 , 0.217372 , 0.242607 , 0.118909 , 0.136081 , 0.113291 , 0.128922 , 0.238709 , 0.0785041 , 0.186097 , 0.289685 , 0.132319 , 0.325619 , 0.189976 , 0.0872971 , 0.14786 , 0.156414 , 0.0853358 , 0.105139 , 0.111925 , 0.135485 , 0.172181 , 0.117025 , 0.229576 , 0.394271 , 0.255127 , 0.113682 , 0.146157 , 0.110438 , 0.164059 , 0.095648 , 0.121533 , 0.152349 , 0.248223 , 0.0817452 , 0.150377 , 0.0988995 , 0.175551 , 0.179706 , 0.142362 , 0.163016 , 0.166918 , 0.156346 , 0.175689 , 0.248975 , 0.137073 , 0.167434 , 0.130358 , 0.155009 , 0.238517 , 0.192058 , 0.263758 , 0.152709 , 0.197878 , 0.158642 , 0.103127 , 0.314128 , 0.132074 , 0.118276 , 0.348574 , 0.256267 , 0.196596 , 0.416241 , 0.193194 , 0.42447 , 0.196744 , 0.0592777 , 0.320445 , 0.0986798 , 0.138269 , 0.238136 , 0.11897 , 0.149859 , 0.12307 , 0.1276 , 0.189452 , 0.0752197 , 0.23902 , 0.10583 , 0.100433 , 0.131902 , 0.122598 , 0.129903 , 0.12124 , 0.198038 , 0.154515 , 0.0944335 , 0.116281 , 0.113911 , 0.247601 , 0.195128 , 0.19597 , 0.169893 , 0.19243 , 0.276475 , 0.188858 , 0.129697 , 0.119252 , 0.119661 , 0.146344 , 0.100534 , 0.211831 , 0.404606 , 0.130379 , 0.219221 , 0.334084 , 0.175144 , 0.211821 , 0.144544 , 0.100014 , 0.172835 , 0.0766478 , 0.0764905 , 0.163331 , 0.163955 , 0.123367 , 0.147479 , 0.191247 , 0.275192 , 0.0971069 , 0.120982 , 0.124679 , 0.47249 , 0.213969 , 0.184724 , 0.341508 , 0.0923603 , 0.143774 , 0.0969338 , 0.188641 , 0.240704 , 0.177813 , 0.124405 , 0.238405 , 0.275856 , 0.187654 , 0.137832 , 0.3015 , 0.0929235 , 0.251159 , 0.169536 , 0.162496 , 0.13301 , 0.147342 , 0.154306 , 0.187325 , 0.191247 , 0.226002 , 0.105071 , 0.424397 , 0.18618 , 0.0756455 , 0.106775 , 0.185253 , 0.21458 , 0.103227 , 0.0984468 , 0.108618 , 0.120486 , 0.109 , 0.241921 , 0.223865 , 0.104722 , 0.167755 , 0.197296 , 0.14676 , 0.135742 , 0.219785 , 0.139384 , 0.105597 , 0.246008 , 0.135572 , 0.216604 , 0.145077 , 0.18779 , 0.246722 , 0.12193 , 0.326153 , 0.0868004 , 0.340798 , 0.101572 , 0.0922405 , 0.239548 , 0.179146 , 0.124883 , 0.115437 , 0.237838 , 0.137831 , 0.183043 , 0.309501 , 0.27378 , 0.151269 , 0.093609 , 0.214372 , 0.268989 , 0.43219 , 0.171972 , 0.120177 , 0.109788 , 0.124368 , 0.122138 , 0.27196 , 0.0971164 , 0.159681 , 0.313532 , 0.116309 , 0.0719082 , 0.0683123 , 0.145485 , 0.238635 , 0.172841 , 0.195832 , 0.114075 , 0.124142 , 0.123433 , 0.0950045 , 0.204796 , 0.169297 , 0.163393 , 0.20412 , 0.116975 , 0.197454 , 0.356149 , 0.133343 , 0.15963 , 0.266759 , 0.112155 , 0.146743 , 0.117364 , 0.107127 , 0.150017 , 0.0995264 , 0.338354 , 0.21301 , 0.0968397 , 0.189511 , 0.0757584 , 0.198584 , 0.337255 , 0.431274 , 0.171345 , 0.128345 , 0.179452 , 0.215791 , 0.433091 , 0.0886072 , 0.35083 , 0.196206 , 0.192324 , 0.111214 , 0.183309 , 0.109546 , 0.123713 , 0.117539 , 0.149424 , 0.107536 , 0.384006 , 0.120799 , 0.125824 , 0.248488 , 0.0845025 , 0.109545 , 0.150433 , 0.228427 , 0.254161 , 0.132782 , 0.15664 , 0.115391 , 0.140204 , 0.110768 , 0.193405 , 0.240357 , 0.197537 , 0.172262 , 0.199572 , 0.231217 , 0.109923 , 0.242715 , 0.178049 , 0.208934 , 0.107225 , 0.0890728 , 0.138972 , 0.247003 , 0.174057 , 0.156153 , 0.113328 , 0.0912848 , 0.324954 , 0.182413 , 0.109091 , 0.128767 , 0.127629 , 0.131914 , 0.113787 , 0.102206 , 0.127984 , 0.137508 , 0.109599 , 0.18282 , 0.123485 , 0.099434 , 0.148057 , 0.332241 , 0.614009 , 0.165936 , 0.211582 , 0.0795249 , 0.369806 , 0.132166 , 0.143866 , 0.293396 , 0.18995 , 0.156001 , 0.176213 , 0.0851627 , 0.12252 , 0.305027 , 0.217973 , 0.144853 , 0.184251 , 0.33456 , 0.200659 , 0.251369 , 0.12205 , 0.210194 , 0.207906 , 0.108944 , 0.144215 , 0.306006 , 0.264676 , 0.0687275 , 0.160942 , 0.386264 , 0.158502 , 0.0909127 , 0.167509 , 0.0884629 , 0.224049 , 0.204611 , 0.201665 , 0.0916791 , 0.0903738 , 0.142037 , 0.1682 , 0.150783 , 0.260412 , 0.141827 , 0.159202 , 0.0919458 , 0.206558 , 0.167077 , 0.234887 , 0.185401 , 0.22652 , 0.1472 , 0.432839 , 0.243386 , 0.556577 , 0.0944323 , 0.140442 , 0.129024 , 0.166277 , 0.129864 , 0.153977 , 0.173798 , 0.128451 , 0.16856 , 0.097055 , 0.121098 , 0.143684 , 0.180372 , 0.308015 , 0.0736407 , 0.165507 , 0.281602 , 0.25645 , 0.100525 , 0.220476 , 0.112921 , 0.326157 , 0.163131 , 0.153928 , 0.386022 , 0.100081 , 0.11611 , 0.249231 , 0.215301 , 0.200128 , 0.141399 , 0.206375 , 0.307375 , 0.0963314 , 0.0851332 , 0.332788 , 0.147879 , 0.245773 , 0.25095 , 0.15038 , 0.105572 , 0.0918103 , 0.152402 , 0.187722 , 0.142353 , 0.217277 , 0.127899 , 0.111372 , 0.105361 , 0.137583 , 0.213592 , 0.127322 , 0.210312 , 0.0827302 , 0.309606 , 0.506981 , 0.390925 , 0.111509 , 0.210905 , 0.2049 , 0.233641 , 0.210335 , 0.132925 , 0.326659 , 0.0813863 , 0.0521754 , 0.0904792 , 0.0572556 , 0.105918 , 