var1=[0.429589 , 0.330338 , 0.341635 , 0.15262 , 0.196736 , 0.295484 , 0.14214 , 0.124812 , 0.52135 , 0.273279 , 0.233772 , 0.19828 , 0.127424 , 0.154144 , 0.138075 , 0.250928 , 0.12167 , 0.162173 , 0.238368 , 0.0851672 , 0.169944 , 0.169739 , 0.258348 , 0.198841 , 0.356321 , 0.200932 , 0.199142 , 0.21196 , 0.321776 , 0.213896 , 0.250379 , 0.176481 , 0.176512 , 0.0961999 , 0.210729 , 0.170249 , 0.17268 , 0.11365 , 0.286074 , 0.526895 , 0.250217 , 0.374834 , 0.299903 , 0.188805 , 0.151184 , 0.159853 , 0.133705 , 0.092722 , 0.312202 , 0.152223 , 0.263731 , 0.133841 , 0.144476 , 0.107895 , 0.12576 , 0.169663 , 0.172034 , 0.0929575 , 0.121643 , 0.127501 , 0.161284 , 0.14052 , 0.195689 , 0.203097 , 0.156974 , 0.254984 , 0.130408 , 0.143531 , 0.0999854 , 0.0943721 , 0.144371 , 0.15138 , 0.224798 , 0.241942 , 0.422396 , 0.406534 , 0.141015 , 0.233393 , 0.144989 , 0.187901 , 0.170383 , 0.121521 , 0.0463461 , 0.274054 , 0.208114 , 0.327043 , 0.0854384 , 0.0493391 , 0.173746 , 0.131808 , 0.218633 , 0.276755 , 0.216815 , 0.175934 , 0.0985115 , 0.204332 , 0.0972746 , 0.362872 , 0.18567 , 0.208653 , 0.107561 , 0.145391 , 0.332251 , 0.257312 , 0.48506 , 0.20252 , 0.118218 , 0.174683 , 0.17871 , 0.134942 , 0.12689 , 0.115059 , 0.251774 , 0.467581 , 0.140065 , 0.178341 , 0.186366 , 0.246666 , 0.165117 , 0.201037 , 0.302429 , 0.124315 , 0.33963 , 0.227404 , 0.088253 , 0.115368 , 0.177861 , 0.22544 , 0.0940874 , 0.275086 , 0.139821 , 0.165599 , 0.153917 , 0.0781986 , 0.146921 , 0.289637 , 0.188565 , 0.138487 , 0.14068 , 0.164981 , 0.184787 , 0.148017 , 0.233059 , 0.254113 , 0.14329 , 0.1246 , 0.348647 , 0.140249 , 0.158509 , 0.277816 , 0.214497 , 0.131148 , 0.220422 , 0.159476 , 0.476151 , 0.235976 , 0.137077 , 0.0762249 , 0.214663 , 0.164135 , 0.200537 , 0.156727 , 0.124532 , 0.157557 , 0.148794 , 0.18084 , 0.206357 , 0.125236 , 0.138871 , 0.173516 , 0.129762 , 0.277446 , 0.115111 , 0.249229 , 0.206737 , 0.272437 , 0.133814 , 0.206735 , 0.14137 , 0.479052 , 0.340234 , 0.349329 , 0.0743801 , 0.19662 , 0.217162 , 0.130577 , 0.12856 , 0.279231 , 0.134134 , 0.0896046 , 0.122294 , 0.213667 , 0.175502 , 0.253119 , 0.179558 , 0.160414 , 0.133549 , 0.244251 , 0.131008 , 0.373205 , 0.139053 , 0.252376 , 0.219704 , 0.20526 , 0.168109 , 0.142497 , 0.187878 , 0.244324 , 0.177522 , 0.331417 , 0.191802 , 0.0826564 , 0.203055 , 0.21949 , 0.124087 , 0.115707 , 0.190753 , 0.163041 , 0.226431 , 0.181165 , 0.165747 , 0.283797 , 0.22531 , 0.202431 , 0.106829 , 0.145338 , 0.229487 , 0.161671 , 0.149556 , 0.174118 , 0.330761 , 0.106428 , 0.400287 , 0.174474 , 0.137775 , 0.154615 , 0.260586 , 0.155173 , 0.0836978 , 0.390742 , 0.344318 , 0.260107 , 0.133178 , 0.144987 , 0.222546 , 0.116509 , 0.39115 , 0.280509 , 0.15607 , 0.158846 , 0.143859 , 0.116765 , 0.11306 , 0.311847 , 0.122916 , 0.232701 , 0.101829 , 0.110277 , 0.104844 , 0.234092 , 0.380369 , 0.120888 , 0.312033 , 0.102342 , 0.0812809 , 0.13042 , 0.214615 , 0.116208 , 0.167169 , 0.114887 , 0.199962 , 0.146495 , 0.21838 , 0.167496 , 0.257515 , 0.154083 , 0.177067 , 0.196724 , 0.223668 , 0.0905623 , 0.235097 , 0.192224 , 0.10085 , 0.22127 , 0.185866 , 0.142679 , 0.273809 , 0.142174 , 0.386534 , 0.072598 , 0.224082 , 0.167311 , 0.13307 , 0.222565 , 0.258205 , 0.138751 , 0.212659 , 0.208123 , 0.159722 , 0.139216 , 0.307 , 0.242317 , 0.108213 , 0.13635 , 0.195297 , 0.305388 , 0.454666 , 0.0693691 , 0.198149 , 0.184336 , 0.297036 , 0.147638 , 0.170491 , 0.144158 , 0.54709 , 0.398963 , 0.224573 , 0.177219 , 0.2179 , 0.305409 , 0.127962 , 0.226589 , 0.380869 , 0.22724 , 0.276211 , 0.189479 , 0.12414 , 0.26831 , 0.337226 , 0.229082 , 0.236189 , 0.175762 , 0.287659 , 0.156616 , 0.176236 , 0.0946686 , 0.190897 , 0.0697103 , 0.127968 , 0.241323 , 0.120172 , 0.127296 , 0.156474 , 0.253614 , 0.0861688 , 0.0617118 , 0.373031 , 0.20726 , 0.246727 , 0.111635 , 0.273948 , 0.102801 , 0.146793 , 0.388711 , 0.210278 , 0.106017 , 0.188316 , 0.155597 , 0.102583 , 0.247987 , 0.274118 , 0.305859 , 0.203789 , 0.437226 , 0.239706 , 0.245326 , 0.133728 , 0.241662 , 0.229083 , 0.189447 , 0.294699 , 0.234499 , 0.228872 , 0.0802792 , 0.194086 , 0.169843 , 0.130088 , 0.114938 , 0.218639 , 0.156973 , 0.247192 , 0.277688 , 0.245735 , 0.474657 , 0.148047 , 0.128012 , 0.221122 , 0.132147 , 0.204061 , 0.108478 , 0.203143 , 0.104799 , 0.180968 , 0.155074 , 0.220844 , 0.106018 , 0.224042 , 0.173549 , 0.155425 , 0.219645 , 0.315044 , 0.134321 , 0.104987 , 0.186853 , 0.340229 , 0.19315 , 0.203737 , 0.279776 , 0.219861 , 0.13155 , 0.134695 , 0.481665 , 0.2211 , 0.26707 , 0.134591 , 0.255837 , 0.183745 , 0.255807 , 0.309132 , 0.0979114 , 0.187675 , 0.292322 , 0.181386 , 0.189341 , 0.219955 , 0.134168 , 0.190223 , 0.135711 , 0.0894827 , 0.242093 , 0.153238 , 0.156419 , 0.185092 , 0.158664 , 0.205195 , 0.141221 , 0.200549 , 0.117061 , 0.216577 , 0.279329 , 0.278285 , 0.303318 , 0.221697 , 0.146994 , 0.219287 , 0.14053 , 0.230927 , 0.169304 , 0.202757 , 0.413359 , 0.163076 , 0.176383 , 0.236364 , 0.134992 , 0.100694 , 0.213928 , 0.2009 , 0.271062 , 0.172552 , 0.205093 , 0.203932 , 0.18818 , 0.232655 , 0.0787988 , 0.172086 , 0.491264 , 0.334984 , 0.08187 , 0.174477 , 0.279721 , 0.344217 , 0.139918 , 0.208222 , 0.115011 , 0.239061 , 0.245845 , 0.148913 , 0.166642 , 0.247374 , 0.129501 , 0.096819 , 0.225933 , 0.214322 , 0.202321 , 0.44176 , 0.392238 , 0.17791 , 0.168224 , 0.27376 , 0.202095 , 0.113834 , 0.193917 , 0.155496 , 0.25387 , 0.351412 , 0.314395 , 0.20803 , 0.203095 , 0.186003 , 0.185233 , 0.139695 , 0.205439 , 0.122745 , 0.135861 , 0.319376 , 0.178655 , 0.196176 , 0.220784 , 0.256362 , 0.499159 , 0.0823672 , 0.240897 , 0.156412 , 0.203288 , 0.220539 , 0.514926 , 0.199343 , 0.135704 , 0.204646 , 0.163995 , 0.208871 , 0.422342 , 0.189871 , 0.340856 , 0.295487 , 0.1512 , 0.190051 , 0.0916132 , 0.0943719 , 0.13921 , 0.2171 , 0.198342 , 0.149485 , 0.210871 , 0.255218 , 0.145508 , 0.149998 , 0.16718 , 0.0913397 , 0.202475 , 0.156786 , 0.118462 , 0.304828 , 0.0706657 , 0.164302 , 0.194897 , 0.137752 , 0.127723 , 0.148236 , 0.276786 , 0.0942699 , 0.145119 , 0.164709 , 0.245566 , 0.167178 , 0.202148 , 0.253972 , 0.258092 , 0.164518 , 0.24154 , 0.192537 , 0.180644 , 0.0992209 , 0.198568 , 0.137279 , 0.129863 , 0.181146 , 0.251876 , 0.159698 , 0.217952 , 0.140686 , 0.116339 , 0.136173 , 0.121396 , 0.235533 , 0.464754 , 0.0671656 , 0.200594 , 0.225851 , 0.14608 , 0.181395 , 0.198169 , 0.177693 , 0.121347 , 0.190272 , 0.196435 , 0.151392 , 0.129664 , 0.192294 , 0.143261 , 0.106207 , 0.487565 , 0.296406 , 0.267079 , 0.180416 , 0.159796 , 0.186289 , 0.152235 , 0.159311 , 0.241802 , 0.0908076 , 0.154406 , 0.148708 , 0.146339 , 0.669223 , 0.141261 , 0.172123 , 0.336526 , 0.112544 , 0.258254 , 0.265642 , 0.122878 , 0.137379 , 0.249822 , 0.35479 , 0.250089 , 0.178163 , 0.223099 , 0.209516 , 0.12528 , 0.397968 , 0.13499 , 0.310894 , 0.392148 , 0.173506 , 0.159396 , 0.172326 , 0.233242 , 0.23386 , 0.224121 , 0.145713 , 0.108154 , 0.259981 , 0.0944225 , 0.211363 , 0.36167 , 0.138729 , 0.102102 , 0.107402 , 0.146495 , 0.141063 , 0.0958195 , 0.304982 , 0.159325 , 0.107914 , 0.193832 , 0.100528 , 0.1173 , 0.196562 , 0.18146 , 0.228449 , 0.172415 , 0.296917 , 0.33061 , 0.255095 , 0.35691 , 0.319827 , 0.215579 , 0.0999943 , 0.131915 , 0.105114 , 0.153404 , 0.181351 , 0.0951354 , 0.12737 , 0.0723797 , 0.141055 , 0.205687 , 0.213747 , 0.261541 , 0.179418 , 0.228796 , 0.100825 , 0.0957985 , 0.109423 , 0.279329 , 0.135536 , 0.233004 , 0.122782 , 0.220958 , 0.202319 , 0.132105 , 0.138888 , 0.265889 , 0.207311 , 0.146458 , 0.160828 , 0.276709 , 0.223377 , 0.163582 , 0.130151 , 0.216598 , 0.173932 , 0.134205 , 0.115451 , 0.231439 , 0.0955051 , 0.139517 , 0.496124 , 0.194652 , 0.122466 , 0.101211 , 0.328881 , 0.166635 , 0.143392 , 0.174788 , 0.184219 , 0.186926 , 0.284363 , 0.165086 , 0.212873 , 0.303985 , 0.306209 , 0.176861 , 0.214287 , 0.15077 , 0.116203 , 0.0830252 , 0.26371 , 0.181062 , 0.189377 , 0.156097 , 0.136632 , 0.153155 , 0.174563 , 0.158466 , 0.209496 , 0.191617 , 0.136226 , 0.258176 , 