var1=[0.0891737 , 0.101928 , 0.162012 , 0.174439 , 0.256519 , 0.069595 , 0.182142 , 0.089572 , 0.130763 , 0.109325 , 0.301227 , 0.094046 , 0.137876 , 0.154955 , 0.132135 , 0.175427 , 0.130182 , 0.181174 , 0.166616 , 0.117379 , 0.170072 , 0.0899974 , 0.0671827 , 0.0864303 , 0.362848 , 0.0746271 , 0.152428 , 0.194038 , 0.249716 , 0.167949 , 0.161584 , 0.0984678 , 0.182667 , 0.073783 , 0.146792 , 0.208163 , 0.193872 , 0.0738699 , 0.0890847 , 0.20428 , 0.132151 , 0.137288 , 0.397273 , 0.240192 , 0.13523 , 0.21462 , 0.106695 , 0.132745 , 0.272305 , 0.169877 , 0.223764 , 0.121176 , 0.066913 , 0.105739 , 0.217114 , 0.216572 , 0.325683 , 0.181108 , 0.343432 , 0.114858 , 0.195126 , 0.0729917 , 0.140676 , 0.208878 , 0.171454 , 0.130938 , 0.109363 , 0.202601 , 0.154733 , 0.142683 , 0.0965066 , 0.131135 , 0.117675 , 0.134882 , 0.0865481 , 0.15288 , 0.163343 , 0.258323 , 0.1567 , 0.12899 , 0.245297 , 0.367501 , 0.0955426 , 0.255965 , 0.129056 , 0.15813 , 0.133037 , 0.0868619 , 0.111677 , 0.0737727 , 0.0776175 , 0.141628 , 0.125154 , 0.174846 , 0.128707 , 0.186279 , 0.213318 , 0.262298 , 0.124795 , 0.138589 , 0.120281 , 0.196344 , 0.145913 , 0.282367 , 0.0813095 , 0.32241 , 0.0824905 , 0.142899 , 0.117332 , 0.428802 , 0.151875 , 0.21631 , 0.169748 , 0.272503 , 0.128561 , 0.146048 , 0.134091 , 0.109083 , 0.253813 , 0.18979 , 0.123505 , 0.122276 , 0.211275 , 0.130184 , 0.111265 , 0.122793 , 0.110613 , 0.140352 , 0.0637504 , 0.0847461 , 0.118694 , 0.0730286 , 0.12567 , 0.105118 , 0.09674 , 0.135011 , 0.132962 , 0.144236 , 0.138693 , 0.141101 , 0.068639 , 0.109349 , 0.137885 , 0.139322 , 0.195265 , 0.122237 , 0.180122 , 0.108989 , 0.108676 , 0.282456 , 0.160918 , 0.111623 , 0.183653 , 0.236597 , 0.127687 , 0.14905 , 0.289408 , 0.216927 , 0.311547 , 0.150574 , 0.164445 , 0.235807 , 0.108349 , 0.0454971 , 0.116239 , 0.158646 , 0.134105 , 0.132722 , 0.197862 , 0.124551 , 0.107212 , 0.147296 , 0.124394 , 0.300689 , 0.191696 , 0.172187 , 0.235169 , 0.304642 , 0.197415 , 0.281221 , 0.196447 , 0.261318 , 0.230893 , 0.238989 , 0.192857 , 0.0622185 , 0.220426 , 0.161357 , 0.265887 , 0.114367 , 0.357735 , 0.194164 , 0.0646708 , 0.13665 , 0.0866188 , 0.124679 , 0.138775 , 0.0921635 , 0.146992 , 0.160402 , 0.133643 , 0.0976535 , 0.163742 , 0.105903 , 0.342624 , 0.0921859 , 0.0850343 , 0.13105 , 0.161648 , 0.049193 , 0.245509 , 0.141392 , 0.107944 , 0.145683 , 0.306398 , 0.101845 , 0.220556 , 0.168596 , 0.245768 , 0.204879 , 0.189387 , 0.173807 , 0.113561 , 0.0949728 , 0.0798363 , 0.145215 , 0.0764856 , 0.141066 , 0.0816276 , 0.138687 , 0.125578 , 0.119319 , 0.237369 , 0.159016 , 0.060302 , 0.093235 , 0.374432 , 0.164945 , 0.221029 , 0.124931 , 0.217175 , 0.184214 , 0.146516 , 0.202624 , 0.0625413 , 0.197562 , 0.165035 , 0.202567 , 0.142186 , 0.146788 , 0.232766 , 0.0712173 , 0.0716365 , 0.146774 , 0.167517 , 0.132746 , 0.185775 , 0.117274 , 0.0794292 , 0.198049 , 0.113214 , 0.0946229 , 0.108357 , 0.0873446 , 0.214246 , 0.260615 , 0.105795 , 0.0848846 , 0.204218 , 0.0952038 , 0.134999 , 0.0593505 , 0.131181 , 0.0980393 , 0.0800497 , 0.119886 , 0.120979 , 0.153986 , 0.161705 , 0.136131 , 0.0860147 , 0.363177 , 0.0959749 , 0.161846 , 0.140587 , 0.0761006 , 0.132395 , 0.23104 , 0.147217 , 0.291954 , 0.271505 , 0.111108 , 0.17734 , 0.0937071 , 0.108733 , 0.0918551 , 0.11088 , 0.0963928 , 0.217513 , 0.074626 , 0.141619 , 0.0752481 , 0.153816 , 0.144206 , 0.12305 , 0.178464 , 0.450858 , 0.0950547 , 0.223154 , 0.123707 , 0.139594 , 0.20954 , 0.122889 , 0.225739 , 0.161701 , 0.115974 , 0.114913 , 0.124567 , 0.297961 , 0.216453 , 0.103333 , 0.422763 , 0.193199 , 0.248495 , 0.0965211 , 0.179353 , 0.415867 , 0.0816309 , 0.101935 , 0.0805837 , 0.105268 , 0.111745 , 0.133448 , 0.0722062 , 0.137691 , 0.169 , 0.278491 , 0.177906 , 0.102119 , 0.0976233 , 0.254903 , 0.242642 , 0.0971918 , 0.105739 , 0.192696 , 0.105081 , 0.258319 , 0.14478 , 0.202161 , 0.13703 , 0.223078 , 0.232207 , 0.147909 , 0.250745 , 0.114299 , 0.405869 , 0.0792466 , 0.130885 , 0.132394 , 0.178282 , 0.268362 , 0.173418 , 0.437961 , 0.132018 , 0.170606 , 0.0848078 , 0.192539 , 0.106321 , 0.0799802 , 0.0716217 , 0.140969 , 0.0578362 , 0.174007 , 0.230728 , 0.118985 , 0.129782 , 0.103922 , 0.168335 , 0.114849 , 0.205811 , 0.211223 , 0.286958 , 0.300135 , 0.284273 , 0.0838602 , 0.0667743 , 0.0931728 , 0.134014 , 0.140945 , 0.101562 , 0.104385 , 0.284925 , 0.165305 , 0.124832 , 0.182267 , 0.120707 , 0.139071 , 0.152934 , 0.188227 , 0.101299 , 0.113064 , 0.100175 , 0.0450131 , 0.277301 , 0.0658224 , 0.177482 , 0.12749 , 0.174505 , 0.0658872 , 0.178487 , 0.127864 , 0.0626367 , 0.100983 , 0.0747673 , 0.161305 , 0.0791001 , 0.172948 , 0.118964 , 0.195726 , 0.0638281 , 0.0893572 , 0.0885113 , 0.116313 , 0.187425 , 0.271412 , 0.134421 , 0.154941 , 0.160035 , 0.129672 , 0.203367 , 0.211726 , 0.0897561 , 0.109706 , 0.191471 , 0.141003 , 0.135269 , 0.174758 , 0.148294 , 0.128431 , 0.23296 , 0.194515 , 0.10716 , 0.149658 , 0.103002 , 0.249995 , 0.139064 , 0.234558 , 0.125789 , 0.0748884 , 0.0842353 , 0.0929581 , 0.413505 , 0.116752 , 0.109973 , 0.119263 , 0.189596 , 0.311256 , 0.289287 , 0.102019 , 0.246 , 0.0759256 , 0.0888123 , 0.220609 , 0.16877 , 0.104491 , 0.176041 , 0.120118 , 0.15447 , 0.0906099 , 0.323889 , 0.151821 , 0.157769 , 0.214268 , 0.165381 , 0.355028 , 0.239816 , 0.0994089 , 0.127225 , 0.241707 , 0.182414 , 0.186073 , 0.0929404 , 0.210288 , 0.0934767 , 0.104281 , 0.108044 , 0.142275 , 0.141451 , 0.131839 , 0.149854 , 0.114382 , 0.0759347 , 0.260685 , 0.12467 , 0.137469 , 0.231387 , 0.149101 , 0.0662967 , 0.0903863 , 0.246714 , 0.194973 , 0.323781 , 0.0965633 , 0.176338 , 0.151402 , 0.136229 , 0.1322 , 0.194223 , 0.0582247 , 0.158127 , 0.101904 , 0.145304 , 0.226829 , 0.176438 , 0.10343 , 0.335039 , 0.134824 , 0.355784 , 0.141512 , 0.143596 , 0.105316 , 0.205744 , 0.227691 , 0.432579 , 0.0982302 , 0.125463 , 0.156178 , 0.0812998 , 0.249117 , 0.146501 , 0.0909935 , 0.133592 , 0.0965233 , 0.233171 , 0.196949 , 0.0770513 , 0.167866 , 0.105327 , 0.145881 , 0.0810544 , 0.294446 , 0.0734334 , 0.221729 , 0.0953451 , 0.0554111 , 0.215178 , 0.0922493 , 0.128872 , 0.0953151 , 0.159558 , 0.166459 , 0.134465 , 0.225701 , 0.133922 , 0.0749436 , 0.184299 , 0.407841 , 0.153623 , 0.112033 , 0.154702 , 0.0886428 , 0.10596 , 0.142727 , 0.226625 , 0.172517 , 0.0828547 , 0.127257 , 0.140089 , 0.0926685 , 0.101069 , 0.0973284 , 0.28208 , 0.121015 , 0.290645 , 0.076551 , 0.157016 , 0.09925 , 0.264439 , 0.127203 , 0.0846937 , 0.166515 , 0.0943739 , 0.292678 , 0.0775619 , 0.220945 , 0.185795 , 0.165653 , 0.189353 , 0.291392 , 0.252392 , 0.221058 , 0.16114 , 0.074528 , 0.197199 , 0.145739 , 0.124759 , 0.102371 , 0.0832123 , 0.146493 , 0.0892897 , 0.185615 , 0.220477 , 0.175345 , 0.117039 , 0.282015 , 0.181313 , 0.137225 , 0.168197 , 0.117242 , 0.121699 , 0.25863 , 0.114198 , 0.13567 , 0.145368 , 0.151808 , 0.441179 , 0.206095 , 0.331629 , 0.0739852 , 0.0762367 , 0.480872 , 0.0809668 , 0.141716 , 0.121753 , 0.288757 , 0.175565 , 0.115263 , 0.129556 , 0.158039 , 0.158347 , 0.110076 , 0.181552 , 0.394179 , 0.136097 , 0.250472 , 0.116263 , 0.102938 , 0.266546 , 0.131648 , 0.127391 , 0.108948 , 0.170749 , 0.204833 , 0.150554 , 0.137253 , 0.159325 , 0.246776 , 0.260657 , 0.180698 , 0.132508 , 0.156918 , 0.130989 , 0.154511 , 0.295758 , 0.0855842 , 0.108681 , 0.228703 , 0.142759 , 0.122498 , 0.0911762 , 0.137104 , 0.141799 , 0.112078 , 0.214942 , 0.138547 , 0.17943 , 0.0912503 , 0.150132 , 0.128227 , 0.0943082 , 0.0993399 , 0.248505 , 0.0869644 , 0.125771 , 0.108547 , 0.146427 , 0.0974928 , 0.0886012 , 0.156676 , 0.0901514 , 0.140403 , 0.131845 , 0.150779 , 0.195543 , 0.124854 , 0.211335 , 0.209054 , 0.223292 , 0.125471 , 0.172067 , 0.321471 , 0.134333 , 0.234088 , 0.144359 , 0.10495 , 0.169594 , 0.182132 , 0.0638763 , 0.126179 , 0.0976898 , 0.274251 , 0.0969461 , 0.197168 , 0.120935 , 0.17072 , 0.158947 , 0.340654 , 0.0917786 , 0.135875 , 0.258566 , 0.156689 , 0.18561 , 0.13334 , 0.0722683 , 0.124725 , 0.109413 , 0.128552 , 0.256601 , 0.157393 , 