var1=[0.845655 , 0.718339 , 1.28293 , 1.40428 , 0.364226 , 0.966427 , 0.410673 , 0.324623 , 0.232302 , 0.417886 , 0.383913 , 1.17685 , 1.30999 , 0.593792 , 0.322478 , 0.262474 , 0.896869 , 1.24813 , 0.449643 , 0.462006 , 0.3888 , 1.10608 , 0.516493 , 0.287179 , 1.50302 , 0.663159 , 0.691653 , 0.45738 , 0.635601 , 0.273115 , 0.542904 , 1.44895 , 0.703321 , 1.25961 , 0.881898 , 0.422384 , 0.62437 , 0.466343 , 0.555564 , 1.09504 , 0.525509 , 0.312315 , 0.668882 , 0.655748 , 0.493218 , 2.52959 , 2.37342 , 0.360896 , 0.17594 , 0.226297 , 0.521467 , 0.255469 , 0.32064 , 0.71172 , 0.328029 , 0.443491 , 0.100926 , 1.86183 , 0.339987 , 0.676454 , 0.491211 , 0.303726 , 0.472794 , 0.570098 , 2.13919 , 0.401965 , 0.988178 , 0.271795 , 0.551804 , 0.212093 , 0.39381 , 0.231655 , 0.77135 , 0.713056 , 0.647852 , 2.44986 , 0.36393 , 0.80856 , 0.170188 , 0.431092 , 0.416693 , 1.15283 , 3.19509 , 0.716305 , 0.271547 , 0.702087 , 0.66222 , 2.00029 , 0.997199 , 0.967008 , 0.823565 , 0.624836 , 0.652771 , 0.277929 , 0.485851 , 0.54178 , 0.473017 , 0.562278 , 0.308309 , 0.172511 , 0.696166 , 0.274609 , 0.792529 , 0.689404 , 0.303849 , 0.512992 , 0.465965 , 0.361545 , 0.418354 , 0.279424 , 0.425869 , 0.200679 , 0.563357 , 0.951481 , 0.320199 , 0.396689 , 0.350225 , 0.808957 , 0.171713 , 0.374696 , 0.354457 , 0.553964 , 0.274816 , 0.230096 , 0.555201 , 0.304159 , 0.608242 , 0.354125 , 0.343197 , 0.917417 , 0.214922 , 0.916906 , 0.652461 , 0.556412 , 0.586047 , 0.395542 , 0.787315 , 0.158904 , 0.80644 , 0.317355 , 1.1378 , 0.70783 , 1.04862 , 0.381816 , 2.25957 , 0.65736 , 0.240506 , 1.08374 , 0.300629 , 1.90285 , 0.534286 , 0.296064 , 0.0998201 , 0.386217 , 0.712101 , 0.19896 , 0.879084 , 0.359015 , 1.29962 , 0.768892 , 1.78897 , 0.232722 , 0.928018 , 0.364935 , 3.37917 , 0.358229 , 0.39589 , 0.689581 , 0.971132 , 0.355556 , 1.47945 , 0.449559 , 0.352856 , 0.348325 , 0.130685 , 0.246322 , 0.414451 , 0.29314 , 0.146755 , 1.06307 , 0.388468 , 0.41 , 0.525404 , 0.526175 , 0.855473 , 0.868618 , 0.579288 , 0.637255 , 0.192381 , 1.14448 , 0.922928 , 0.421068 , 0.180424 , 0.571535 , 0.496719 , 0.127541 , 0.426235 , 0.372935 , 0.405368 , 0.502397 , 1.4046 , 1.01038 , 2.087 , 0.5139 , 1.76174 , 0.24476 , 0.736135 , 0.355893 , 0.749053 , 0.185576 , 0.305251 , 0.537425 , 0.687413 , 0.682524 , 0.609463 , 0.140144 , 0.710653 , 0.59459 , 0.785038 , 0.782034 , 0.301674 , 0.439186 , 0.333478 , 0.373186 , 0.247828 , 0.16807 , 0.412248 , 0.256289 , 0.289153 , 0.26159 , 0.464965 , 0.621952 , 2.04806 , 1.5764 , 0.883416 , 0.334637 , 0.764741 , 0.762252 , 0.28942 , 0.19445 , 0.0893166 , 0.327631 , 0.679117 , 0.283721 , 0.409115 , 0.962409 , 0.903003 , 0.800978 , 0.365495 , 0.424118 , 0.13327 , 0.246688 , 0.0900363 , 0.0589739 , 0.395629 , 1.88876 , 0.428713 , 0.340635 , 0.168861 , 1.1147 , 0.577749 , 0.551854 , 1.96556 , 0.206449 , 0.457666 , 3.21911 , 0.49265 , 0.570954 , 0.357522 , 0.363015 , 0.12612 , 0.300749 , 0.308852 , 1.31378 , 0.275076 , 0.274628 , 1.0408 , 0.447382 , 0.382798 , 1.01444 , 0.424917 , 0.55268 , 0.150682 , 1.92445 , 0.310048 , 0.315038 , 0.997669 , 0.723664 , 0.328882 , 0.461024 , 0.200204 , 0.385132 , 0.373366 , 0.687577 , 0.527626 , 0.393289 , 0.530046 , 0.617083 , 0.164796 , 0.574217 , 0.421472 , 0.557646 , 6.93948 , 0.814815 , 0.0858867 , 0.407143 , 2.10252 , 0.586543 , 0.441407 , 0.280244 , 1.23425 , 0.544821 , 0.517164 , 0.485211 , 0.461877 , 0.393654 , 0.547669 , 1.74618 , 1.10697 , 0.410916 , 0.426675 , 0.370656 , 0.797204 , 0.332445 , 0.557459 , 0.608183 , 0.605358 , 0.25052 , 2.28304 , 0.477904 , 0.82225 , 0.32 , 0.719108 , 0.502395 , 0.34589 , 0.273826 , 0.798133 , 0.397061 , 0.45748 , 1.53386 , 0.945422 , 0.706417 , 0.240038 , 0.334015 , 1.00107 , 7.16537 , 0.21049 , 0.393434 , 0.353811 , 0.33607 , 0.203367 , 0.93532 , 0.822358 , 0.439335 , 0.418647 , 0.497893 , 0.898812 , 0.910243 , 0.409825 , 0.456095 , 0.934534 , 0.459236 , 1.044 , 0.259077 , 0.444346 , 0.263801 , 0.7466 , 1.78769 , 0.477657 , 0.161203 , 0.834727 , 0.154777 , 0.43995 , 0.829527 , 0.625377 , 0.298421 , 0.234483 , 0.589352 , 0.889459 , 0.590136 , 2.84865 , 0.467348 , 0.225365 , 0.379169 , 1.67227 , 0.303001 , 0.550097 , 0.57224 , 1.13895 , 0.366889 , 0.435478 , 0.60171 , 1.22338 , 0.125905 , 0.160709 , 0.740367 , 0.328646 , 0.37243 , 0.224194 , 0.451975 , 0.319087 , 0.274848 , 0.337356 , 1.43613 , 1.02602 , 0.306231 , 0.338537 , 0.982205 , 0.354914 , 0.288022 , 0.29991 , 3.20122 , 0.738106 , 1.09934 , 0.497254 , 0.0968505 , 0.549842 , 0.255556 , 0.214695 , 0.613226 , 0.302482 , 0.312145 , 0.225547 , 0.707602 , 0.257884 , 0.392042 , 0.796169 , 0.497538 , 0.238247 , 0.145445 , 1.0423 , 0.211007 , 0.134927 , 0.776492 , 0.487242 , 0.274974 , 0.656239 , 0.334517 , 0.441428 , 0.446603 , 0.43603 , 3.52657 , 0.281615 , 1.0914 , 0.619907 , 0.832621 , 0.730878 , 0.289505 , 0.410194 , 4.71915 , 0.701125 , 0.832993 , 0.646153 , 0.555613 , 0.477789 , 0.521347 , 3.35914 , 0.738635 , 0.686375 , 0.495612 , 0.856941 , 0.619986 , 0.572279 , 0.227568 , 0.473713 , 1.71478 , 1.60569 , 0.408882 , 0.435523 , 0.973616 , 0.233077 , 0.328233 , 1.24455 , 0.825221 , 1.123 , 3.0657 , 0.503605 , 0.341291 , 0.591636 , 0.205871 , 0.920568 , 0.281247 , 0.250629 , 0.723885 , 0.34848 , 0.91545 , 3.56126 , 1.33715 , 0.471242 , 0.749246 , 0.548326 , 0.262731 , 0.725491 , 0.463221 , 0.461769 , 0.486673 , 0.366854 , 0.408995 , 0.70541 , 0.189521 , 0.347712 , 0.358321 , 0.194743 , 0.323022 , 3.90049 , 0.445808 , 0.437433 , 3.6518 , 0.279188 , 0.51039 , 0.225387 , 0.155716 , 0.477599 , 2.37681 , 0.288687 , 0.529431 , 0.49821 , 0.0990506 , 0.520994 , 0.283035 , 0.219008 , 0.566167 , 0.343614 , 0.387273 , 0.244712 , 0.512054 , 0.605125 , 0.390346 , 0.615545 , 0.83536 , 0.59341 , 0.310615 , 0.41631 , 0.38086 , 0.467446 , 0.639036 , 0.372406 , 0.592681 , 0.605611 , 0.491198 , 0.869448 , 0.579926 , 0.110191 , 0.34579 , 0.406897 , 0.302478 , 0.780088 , 0.522958 , 0.196996 , 0.262404 , 2.57027 , 1.12453 , 0.604755 , 1.03112 , 0.135546 , 0.399518 , 0.127153 , 0.422614 , 0.763197 , 0.184494 , 0.21126 , 0.496541 , 0.94109 , 0.53006 , 0.279076 , 0.371453 , 0.0931785 , 0.925842 , 0.335386 , 0.683527 , 0.467131 , 0.444848 , 1.28808 , 0.173245 , 0.426173 , 0.471474 , 0.233154 , 0.631144 , 1.38011 , 1.36463 , 0.387075 , 0.47358 , 0.748975 , 0.601895 , 0.197645 , 0.334605 , 0.243805 , 0.553578 , 3.15761 , 0.332744 , 0.25146 , 2.59631 , 0.888312 , 0.240463 , 0.570922 , 0.303291 , 0.356262 , 0.378784 , 0.299214 , 0.334592 , 0.17013 , 1.01938 , 2.54601 , 1.18036 , 1.27402 , 0.164883 , 1.13147 , 0.605998 , 0.692443 , 0.319052 , 1.34246 , 0.621871 , 0.389785 , 0.550965 , 0.524196 , 1.50178 , 0.61817 , 0.181638 , 0.627798 , 0.383668 , 0.634275 , 1.23439 , 0.343137 , 0.0864983 , 0.606396 , 0.20283 , 0.459321 , 0.451087 , 0.317233 , 0.269306 , 0.381155 , 0.433162 , 0.516487 , 0.155661 , 0.349909 , 0.55974 , 0.5949 , 0.292407 , 1.04527 , 0.584244 , 1.19667 , 0.98526 , 2.37525 , 0.448731 , 1.42906 , 0.383413 , 0.51864 , 0.502861 , 1.78889 , 0.486034 , 0.456425 , 0.747434 , 0.561671 , 1.39264 , 0.371535 , 0.754781 , 0.747502 , 0.945963 , 1.0761 , 0.301131 , 0.509967 , 0.642337 , 0.638331 , 0.358286 , 0.605793 , 0.912748 , 1.73595 , 0.231215 , 0.313837 , 1.58781 , 0.24091 , 0.393712 , 0.436324 , 0.991872 , 0.316108 , 1.53643 , 1.3764 , 0.403471 , 0.418133 , 0.538406 , 0.320236 , 1.22273 , 0.496519 , 0.825309 , 1.21519 , 0.508644 , 0.508359 , 0.646968 , 0.838578 , 0.399411 , 0.354333 , 0.328633 , 0.329003 , 0.926587 , 0.555306 , 0.36754 , 4.71044 , 0.151691 , 0.180326 , 0.270657 , 0.223782 , 0.566899 , 0.651422 , 0.578648 , 0.398083 , 0.391259 , 0.669818 , 0.229168 , 0.63437 , 0.255566 , 1.08436 , 0.838339 , 1.35128 , 0.0591534 , 0.451068 , 0.573505 , 0.454747 , 0.41958 , 0.547589 , 0.295503 , 0.58574 , 1.20221 , 0.195393 , 0.0966313 , 0.781397 , 1.9111 , 0.554094 , 0.33252 , 0.405479 , 0.526442 , 0.233089 , 0.361146 , 0.702474 , 0.487157 , 0.420582 , 1.12479 , 2.46353 , 0.32083 , 0.443853 , 0.405812 , 0.499742 , 0.934479 , 0.717994 , 0.241151 , 1.06247 , 