var1=[0.294373 , 0.358001 , 0.510113 , 0.332859 , 0.545633 , 0.573424 , 0.413271 , 0.246707 , 0.251654 , 0.399768 , 0.405878 , 1.06085 , 0.7164 , 0.533557 , 0.544891 , 0.132566 , 0.313462 , 0.266543 , 0.670504 , 0.216336 , 0.274928 , 0.407248 , 0.204132 , 0.505003 , 0.210436 , 0.567008 , 0.496707 , 0.171236 , 0.0925137 , 0.402423 , 0.570971 , 0.123759 , 0.451456 , 0.287011 , 0.215792 , 0.301704 , 0.395132 , 0.396949 , 0.44196 , 0.7072 , 0.264095 , 0.250212 , 1.12989 , 0.228007 , 0.386781 , 0.183037 , 0.293395 , 0.224397 , 0.319801 , 0.343236 , 0.324816 , 0.387227 , 0.2067 , 0.349014 , 0.454109 , 0.632868 , 0.792889 , 0.261824 , 0.665582 , 0.128329 , 0.544968 , 0.246291 , 0.295538 , 0.768586 , 0.489579 , 0.188527 , 0.191234 , 0.348159 , 0.297459 , 0.403136 , 0.241563 , 0.257225 , 0.521571 , 0.321682 , 0.363913 , 0.160411 , 0.230077 , 0.266574 , 0.109125 , 1.25782 , 0.83011 , 1.04752 , 0.658379 , 0.610913 , 0.276341 , 0.235233 , 0.285374 , 0.720023 , 0.491285 , 0.156087 , 0.285919 , 0.496078 , 0.249925 , 0.459313 , 0.100943 , 0.328292 , 0.589839 , 0.33813 , 0.237796 , 0.233433 , 1.7625 , 0.353656 , 0.701437 , 0.668049 , 0.532056 , 0.377258 , 0.433611 , 0.179954 , 0.468937 , 0.663662 , 0.372497 , 0.258209 , 0.160901 , 0.429755 , 0.355836 , 0.49951 , 0.181619 , 0.350377 , 0.285238 , 0.483009 , 0.318509 , 0.501735 , 0.401523 , 1.50954 , 0.344544 , 0.288561 , 0.174057 , 0.194266 , 0.31722 , 0.39864 , 0.19719 , 0.194721 , 0.272395 , 0.38953 , 0.59152 , 0.364248 , 0.481339 , 0.35049 , 0.41219 , 0.927393 , 0.195856 , 0.461226 , 0.285951 , 0.265993 , 0.441802 , 0.512258 , 0.522999 , 0.360531 , 0.289459 , 0.410533 , 0.242253 , 0.210979 , 0.128204 , 0.478875 , 0.207925 , 0.306057 , 0.173284 , 0.338829 , 0.550331 , 0.615713 , 0.607894 , 0.236022 , 0.292679 , 0.400804 , 0.424166 , 0.526266 , 0.165426 , 1.11466 , 0.305588 , 0.456278 , 0.377681 , 0.587943 , 0.44002 , 0.173893 , 0.562263 , 0.412509 , 0.571154 , 0.466722 , 0.210976 , 0.727916 , 0.201872 , 0.405463 , 1.13293 , 0.354509 , 0.325404 , 0.634441 , 0.453181 , 0.559436 , 0.531759 , 0.498859 , 0.221628 , 0.385444 , 0.262919 , 0.566421 , 0.45162 , 0.485667 , 0.204545 , 0.201628 , 0.207651 , 0.145264 , 0.417918 , 0.721109 , 0.302734 , 0.307981 , 0.425094 , 0.534839 , 0.286935 , 0.465349 , 0.33178 , 0.0928598 , 0.358379 , 0.307189 , 0.417738 , 0.54916 , 0.637954 , 0.203639 , 0.251531 , 0.811046 , 0.414711 , 1.66684 , 0.258353 , 0.22621 , 0.308281 , 0.380077 , 0.380504 , 0.14972 , 0.191013 , 0.310901 , 0.198766 , 0.527328 , 0.559464 , 0.300245 , 0.610693 , 0.28736 , 0.17066 , 0.304345 , 0.279905 , 0.632696 , 0.239062 , 0.354934 , 0.382558 , 0.442425 , 0.621034 , 0.21434 , 0.322706 , 0.243598 , 0.368189 , 0.306663 , 0.412471 , 0.396473 , 0.456906 , 0.190289 , 0.454815 , 0.297352 , 0.166732 , 0.335689 , 0.17437 , 0.328639 , 0.313156 , 0.242358 , 0.248333 , 0.311027 , 0.345482 , 0.145082 , 0.123898 , 0.503161 , 0.754494 , 0.644123 , 0.271548 , 0.283174 , 0.210484 , 0.142037 , 0.601962 , 0.50991 , 0.406428 , 0.344404 , 0.210654 , 0.350689 , 0.235215 , 0.380395 , 0.265936 , 0.302266 , 0.121351 , 0.257773 , 0.312411 , 0.781058 , 0.220914 , 0.272901 , 0.20717 , 0.287721 , 0.328588 , 0.445432 , 0.743906 , 0.286336 , 0.128979 , 0.335801 , 0.158409 , 0.142667 , 0.181229 , 0.239406 , 0.313737 , 0.603973 , 0.41492 , 0.321605 , 0.347993 , 0.654196 , 0.513466 , 0.245611 , 1.23939 , 0.280883 , 1.03077 , 0.341722 , 0.106335 , 0.377443 , 0.356352 , 0.216644 , 0.688255 , 0.391432 , 0.296429 , 0.166368 , 0.270993 , 0.766889 , 0.292185 , 0.352198 , 0.373224 , 0.541904 , 0.432047 , 0.386459 , 0.337346 , 0.451418 , 0.419868 , 0.485915 , 0.394032 , 0.231171 , 0.436082 , 0.27224 , 0.360054 , 0.126888 , 0.43542 , 0.452551 , 0.694911 , 0.338528 , 1.06059 , 0.289988 , 0.346512 , 0.420373 , 0.248192 , 1.06741 , 0.661615 , 0.231506 , 0.42438 , 0.402005 , 0.283178 , 0.232887 , 0.854949 , 0.4198 , 0.831872 , 0.250769 , 0.311643 , 0.55096 , 0.444028 , 0.368199 , 0.268363 , 0.207766 , 0.239919 , 0.524609 , 0.31546 , 0.228382 , 0.387988 , 0.547342 , 0.854602 , 0.345322 , 0.537119 , 0.320855 , 0.222814 , 0.526734 , 0.268315 , 0.193948 , 0.853262 , 0.520539 , 0.250407 , 0.586743 , 0.474833 , 0.142036 , 0.695777 , 0.279245 , 0.190888 , 0.313474 , 0.270061 , 0.247513 , 0.239727 , 0.448214 , 1.51812 , 0.454721 , 0.541881 , 0.82481 , 0.117152 , 0.210717 , 0.33327 , 0.186221 , 0.456442 , 0.266489 , 0.489031 , 0.341696 , 0.701777 , 0.296638 , 0.272807 , 0.395928 , 0.390117 , 0.267925 , 0.325283 , 0.640287 , 0.353192 , 0.279615 , 0.457679 , 0.252288 , 0.556936 , 0.348547 , 0.539952 , 0.471198 , 0.406994 , 0.711447 , 0.972987 , 0.412761 , 0.269744 , 0.362492 , 0.668209 , 0.367059 , 0.104968 , 0.51661 , 0.473069 , 0.0576695 , 0.2852 , 0.238931 , 0.232478 , 0.339079 , 0.310693 , 0.221923 , 0.164366 , 0.505049 , 0.341213 , 0.343869 , 0.849503 , 0.561857 , 0.170044 , 0.222471 , 0.137524 , 0.277641 , 0.352327 , 0.311869 , 0.246553 , 0.47987 , 0.786371 , 0.358606 , 0.220211 , 0.146992 , 0.4021 , 0.231567 , 0.180348 , 0.24349 , 0.376304 , 0.238807 , 0.085491 , 0.134403 , 0.292788 , 0.228274 , 0.64104 , 0.213862 , 0.335421 , 0.17962 , 0.594842 , 0.24648 , 0.0467473 , 0.358004 , 0.563795 , 0.132104 , 0.309001 , 0.550969 , 0.255564 , 0.559088 , 0.326208 , 0.229531 , 0.577285 , 0.353589 , 0.193555 , 0.218201 , 0.463497 , 0.293423 , 0.213315 , 0.388044 , 0.278405 , 0.181163 , 0.142097 , 0.294642 , 0.245662 , 0.112271 , 0.269665 , 0.22551 , 0.156435 , 0.469829 , 0.231251 , 0.479439 , 0.284379 , 0.183226 , 0.427166 , 0.211104 , 0.300826 , 0.157754 , 0.402987 , 0.309476 , 0.301008 , 0.319919 , 0.486577 , 0.41318 , 0.0939585 , 0.23304 , 0.361931 , 0.363907 , 0.622735 , 0.24252 , 0.369046 , 0.327406 , 0.248749 , 0.63059 , 0.366247 , 0.181323 , 0.274553 , 0.546413 , 0.300976 , 0.472779 , 0.500249 , 0.203506 , 0.199424 , 0.677181 , 0.6368 , 0.299036 , 0.617049 , 0.226753 , 0.426007 , 0.433191 , 0.537381 , 0.265954 , 1.0972 , 0.258406 , 0.073735 , 0.530062 , 0.457692 , 0.221492 , 0.368849 , 0.290544 , 0.267002 , 0.157304 , 0.297638 , 0.439805 , 0.386681 , 0.219417 , 0.256839 , 0.536283 , 0.490904 , 0.164627 , 0.22146 , 0.347391 , 0.307394 , 0.415455 , 0.247485 , 0.380457 , 0.34676 , 0.240309 , 0.22022 , 0.474381 , 0.230396 , 0.248307 , 0.297178 , 0.134173 , 0.758208 , 0.283206 , 0.463803 , 0.132855 , 0.193807 , 0.294873 , 0.310528 , 0.53574 , 0.854132 , 0.273959 , 0.415433 , 0.405994 , 0.170997 , 0.226434 , 0.362029 , 0.267006 , 0.535192 , 0.183823 , 0.430346 , 0.456529 , 0.260827 , 0.312963 , 0.267747 , 0.42286 , 0.442782 , 0.230235 , 0.284394 , 0.174284 , 0.790896 , 0.742713 , 1.10506 , 0.269819 , 0.18074 , 0.249275 , 0.319711 , 0.0834402 , 0.591061 , 0.364722 , 0.475637 , 0.131007 , 0.291906 , 0.981902 , 0.491232 , 0.222613 , 0.194145 , 0.30577 , 0.636328 , 0.703548 , 0.231229 , 0.239849 , 0.461501 , 0.331327 , 1.20141 , 0.423253 , 0.155378 , 0.711113 , 0.312862 , 0.334317 , 0.97892 , 0.409644 , 0.587089 , 0.651312 , 0.515778 , 0.341871 , 0.310219 , 0.330434 , 0.211397 , 0.199239 , 0.199906 , 0.264271 , 0.475506 , 0.193815 , 0.324852 , 0.254439 , 0.238342 , 0.323183 , 1.71894 , 0.285309 , 0.407331 , 0.560602 , 0.372073 , 0.160139 , 0.306699 , 0.283883 , 0.470325 , 0.226601 , 0.318304 , 0.172931 , 0.422861 , 0.159661 , 0.351289 , 1.58739 , 0.354769 , 0.283119 , 0.505037 , 0.369978 , 0.368983 , 0.097962 , 0.230121 , 0.496255 , 0.606848 , 0.156177 , 0.169036 , 0.828307 , 0.157074 , 0.485313 , 0.182178 , 0.621477 , 0.32185 , 0.141445 , 0.215482 , 0.416374 , 0.0996342 , 0.16956 , 0.574353 , 0.207337 , 0.24461 , 0.793231 , 0.16136 , 0.373139 , 0.320423 , 0.292047 , 0.901358 , 0.374394 , 0.416757 , 0.157145 , 0.503312 , 0.273726 , 0.2938 , 0.299528 , 0.262781 , 0.729844 , 0.637917 , 0.540416 , 0.173182 , 0.303315 , 1.46925 , 0.614473 , 0.994149 , 0.701018 , 0.489037 , 0.232614 , 0.228842 , 0.069765 , 0.938928 , 0.340048 , 0.206846 , 0.384176 , 0.370956 , 0.239231 , 0.310912 , 0.197555 , 0.285589 , 0.179046 , 0.283723 , 0.512575 , 0.439661 , 0.478335 , 0.321502 , 0.347377 , 