var1=[0.139745 , 0.714847 , 0.35394 , 0.128714 , 0.351126 , 0.185222 , 0.29789 , 0.374569 , 0.178553 , 0.666449 , 0.293142 , 0.248945 , 0.119198 , 0.254822 , 0.28932 , 0.231235 , 0.278781 , 0.552159 , 0.746536 , 0.257847 , 0.252388 , 0.274651 , 0.232176 , 0.266782 , 0.887289 , 0.233454 , 0.145182 , 0.853267 , 0.27964 , 0.12613 , 0.378174 , 0.198993 , 0.115286 , 0.430223 , 0.297514 , 0.473073 , 0.22745 , 0.260194 , 0.294154 , 0.462993 , 0.373685 , 0.327669 , 0.527917 , 0.165331 , 0.358188 , 0.171632 , 0.353172 , 0.136651 , 0.348821 , 0.243881 , 0.314631 , 0.211224 , 0.377297 , 0.274621 , 0.347227 , 0.117435 , 0.403529 , 0.163368 , 0.31988 , 0.121825 , 0.321985 , 0.452488 , 0.355922 , 0.4419 , 0.596365 , 0.244156 , 0.344889 , 0.695023 , 0.199133 , 0.187146 , 0.293933 , 0.623063 , 0.252469 , 0.140652 , 0.188899 , 0.401113 , 0.200218 , 0.388656 , 0.31514 , 0.137325 , 0.720894 , 0.329835 , 0.228272 , 0.452511 , 0.431362 , 0.322726 , 0.240854 , 0.134546 , 0.301821 , 0.334859 , 0.405165 , 0.310332 , 0.275028 , 0.360861 , 0.229406 , 0.472518 , 0.191804 , 0.19085 , 0.261448 , 0.148546 , 0.355964 , 0.286764 , 0.364707 , 0.0682551 , 0.254107 , 0.250893 , 0.16963 , 0.35362 , 0.132175 , 0.374856 , 0.222197 , 0.351174 , 0.244153 , 0.272567 , 0.251707 , 0.191063 , 0.313141 , 0.234888 , 0.232947 , 0.228509 , 0.165582 , 0.240829 , 0.271569 , 0.260939 , 0.230487 , 0.268087 , 0.166715 , 0.25794 , 0.191824 , 0.215188 , 0.220317 , 0.195424 , 0.279561 , 0.17478 , 0.740907 , 0.372983 , 0.394537 , 0.177813 , 0.210266 , 0.300059 , 0.535667 , 0.600656 , 0.285731 , 0.30637 , 0.326709 , 0.47701 , 0.628401 , 0.607056 , 0.134946 , 0.292616 , 0.2202 , 0.495276 , 0.199024 , 0.238398 , 0.312625 , 0.265953 , 0.244316 , 0.226902 , 0.283821 , 0.336963 , 0.29321 , 0.166872 , 0.148288 , 0.28932 , 0.466054 , 0.241323 , 0.331044 , 0.794897 , 0.281259 , 0.317866 , 0.243765 , 0.326939 , 0.498855 , 0.266028 , 0.104284 , 0.265335 , 0.691334 , 0.225088 , 0.428683 , 0.231073 , 0.498887 , 0.371069 , 0.21852 , 0.189735 , 0.193379 , 0.413959 , 0.308099 , 0.312625 , 0.572348 , 0.343931 , 0.567903 , 0.377459 , 0.223099 , 0.227586 , 0.297882 , 0.227809 , 1.19701 , 0.250501 , 0.442135 , 0.472237 , 0.245878 , 0.264033 , 0.256064 , 0.33521 , 0.143841 , 0.158389 , 0.102426 , 0.416111 , 0.345858 , 0.13921 , 0.506969 , 0.297473 , 0.259423 , 0.336043 , 0.697409 , 0.419884 , 0.341446 , 0.481408 , 0.185835 , 0.234277 , 0.186698 , 0.18315 , 0.499143 , 0.368733 , 0.259799 , 0.307622 , 0.387735 , 0.411223 , 0.270289 , 0.221246 , 1.20048 , 0.349304 , 0.276797 , 0.444473 , 0.225228 , 0.255452 , 0.450826 , 0.226027 , 0.250132 , 0.329327 , 0.271745 , 0.436135 , 0.330751 , 0.179717 , 0.558574 , 0.328317 , 0.621459 , 0.337544 , 0.115345 , 0.579898 , 0.191326 , 0.226356 , 0.155572 , 0.0951648 , 0.409931 , 0.394652 , 0.274102 , 0.315973 , 0.49425 , 0.187879 , 0.260875 , 0.779334 , 0.55754 , 0.123966 , 0.248563 , 0.326929 , 0.338693 , 0.243559 , 0.304165 , 0.265082 , 0.288571 , 0.316091 , 0.393334 , 0.125349 , 0.422235 , 0.303637 , 0.150049 , 0.476886 , 0.623228 , 0.653326 , 0.0900005 , 0.206853 , 0.305605 , 0.37569 , 0.223904 , 0.162425 , 0.312432 , 0.295177 , 0.548482 , 0.229739 , 0.337626 , 0.308918 , 0.048897 , 0.415547 , 0.479709 , 0.606615 , 0.243055 , 0.218539 , 0.493811 , 0.184597 , 0.214704 , 0.476258 , 0.19125 , 0.362379 , 0.119186 , 0.228224 , 0.436665 , 0.267237 , 0.269468 , 0.121914 , 0.28214 , 0.19832 , 0.092881 , 0.231483 , 0.235603 , 0.246216 , 0.495612 , 0.275054 , 0.212319 , 0.220518 , 0.170184 , 0.577064 , 0.288629 , 0.357309 , 0.208741 , 0.327021 , 0.279909 , 0.207287 , 0.208961 , 0.482141 , 0.351052 , 0.429848 , 0.341038 , 0.307519 , 0.218444 , 0.135146 , 0.21772 , 0.196302 , 0.496803 , 0.145528 , 0.192651 , 0.0795297 , 0.446413 , 0.125744 , 0.271167 , 0.163349 , 0.657293 , 0.240812 , 0.245196 , 0.263261 , 0.525773 , 0.487585 , 0.163415 , 0.393293 , 1.12299 , 0.286405 , 0.174982 , 0.259841 , 0.242714 , 0.275274 , 0.371545 , 0.462333 , 0.519514 , 0.171303 , 0.391884 , 0.271754 , 0.282825 , 0.214361 , 0.621176 , 0.602066 , 0.652878 , 0.439216 , 0.0938572 , 0.189288 , 0.455098 , 0.249036 , 0.353621 , 0.288888 , 0.290506 , 0.310143 , 1.16761 , 0.433319 , 0.632406 , 0.377207 , 0.274783 , 0.222141 , 0.174914 , 0.276791 , 0.262314 , 0.334984 , 0.31577 , 0.247199 , 0.265527 , 0.180297 , 0.489783 , 0.187248 , 0.323777 , 0.205117 , 0.463643 , 0.279805 , 0.269646 , 0.294395 , 0.384222 , 0.49994 , 0.578681 , 0.32494 , 0.246122 , 0.758002 , 0.311486 , 0.24219 , 0.534453 , 0.0834024 , 0.351508 , 0.442033 , 0.506472 , 0.123863 , 0.383138 , 0.23793 , 0.250029 , 0.285021 , 0.557779 , 0.397577 , 0.622838 , 0.407253 , 0.642586 , 0.213059 , 0.31206 , 0.169624 , 0.469335 , 0.179075 , 0.53991 , 0.208134 , 0.141732 , 0.401942 , 0.579942 , 0.169908 , 0.273748 , 0.158513 , 0.882561 , 0.429256 , 0.262751 , 0.177646 , 0.495944 , 0.381352 , 0.19733 , 0.119324 , 0.313531 , 0.26962 , 0.381034 , 0.105322 , 0.226686 , 0.290433 , 0.417337 , 0.341915 , 0.215732 , 0.311294 , 0.251697 , 0.268465 , 0.309901 , 0.300925 , 0.273851 , 0.358799 , 0.413761 , 0.112685 , 0.229128 , 0.335216 , 0.584516 , 0.278608 , 0.190071 , 0.375834 , 0.296238 , 0.532242 , 0.213343 , 0.66926 , 0.510063 , 0.208356 , 0.403773 , 0.282446 , 0.360734 , 0.489881 , 0.322843 , 0.18652 , 0.238514 , 0.374246 , 0.346072 , 0.144578 , 0.225414 , 0.201124 , 0.222716 , 0.247787 , 0.170388 , 0.222378 , 0.288937 , 0.306093 , 0.38511 , 0.397599 , 0.347451 , 0.232635 , 0.770268 , 0.190051 , 0.140233 , 0.586661 , 0.29855 , 0.876668 , 0.0826379 , 0.25397 , 0.293067 , 0.204045 , 0.630886 , 0.170904 , 0.129288 , 0.203531 , 0.148983 , 0.29921 , 0.280742 , 0.0957478 , 0.364291 , 0.263965 , 0.255544 , 0.183648 , 0.230268 , 0.335199 , 0.501593 , 0.126544 , 0.651357 , 0.347971 , 0.424459 , 0.152515 , 0.16846 , 0.667038 , 0.153388 , 0.25044 , 0.744576 , 0.212156 , 0.398528 , 0.497702 , 0.406677 , 0.529333 , 0.197041 , 0.194948 , 0.201008 , 0.177898 , 0.433426 , 0.202449 , 0.283994 , 0.256044 , 0.200552 , 0.218347 , 0.0881046 , 0.569168 , 0.216276 , 0.289551 , 0.348925 , 0.317365 , 0.30142 , 0.445214 , 0.456842 , 0.25678 , 0.278574 , 0.133247 , 0.0719073 , 0.112143 , 0.376622 , 0.152786 , 0.226316 , 0.340049 , 0.183141 , 0.165208 , 0.297726 , 0.785591 , 0.510192 , 0.320462 , 0.134902 , 0.327253 , 0.297651 , 0.203248 , 0.349667 , 0.336263 , 0.306659 , 0.350149 , 0.262824 , 0.302901 , 0.257954 , 0.488046 , 0.28978 , 0.173364 , 0.407984 , 0.157897 , 0.464511 , 0.48331 , 0.322919 , 0.493962 , 0.221379 , 0.459649 , 0.302974 , 0.164096 , 0.190835 , 0.207759 , 0.497712 , 0.215351 , 0.185403 , 0.727712 , 0.428696 , 0.541372 , 0.444337 , 0.189641 , 0.286743 , 0.232183 , 0.349489 , 0.200603 , 0.427246 , 0.204787 , 0.571289 , 0.306794 , 0.187146 , 0.343664 , 0.417618 , 1.58483 , 0.40398 , 0.421638 , 0.382804 , 0.182434 , 0.25369 , 0.248214 , 0.291668 , 0.310107 , 0.104288 , 0.592992 , 0.283738 , 0.356667 , 0.306654 , 0.237583 , 0.368149 , 0.13575 , 0.566275 , 0.123856 , 0.342853 , 0.112318 , 0.417392 , 0.246591 , 0.335784 , 0.222496 , 1.02569 , 0.441121 , 0.300739 , 0.172583 , 0.127213 , 0.412091 , 0.145706 , 0.298583 , 0.518267 , 0.470297 , 0.460237 , 0.280462 , 0.25799 , 0.306227 , 0.326257 , 0.481411 , 0.464998 , 0.276199 , 0.391069 , 0.28316 , 0.314796 , 0.176101 , 0.284281 , 0.14513 , 0.537761 , 0.222403 , 0.226159 , 0.24468 , 0.394573 , 0.241041 , 0.384195 , 0.343752 , 0.416389 , 0.203652 , 0.42215 , 0.23355 , 0.404427 , 0.530311 , 0.303576 , 0.281656 , 0.15917 , 0.308902 , 0.2493 , 0.551518 , 0.186026 , 0.308146 , 0.674297 , 0.146986 , 0.345433 , 0.244145 , 0.241351 , 0.491671 , 0.429045 , 0.212895 , 0.326723 , 0.246563 , 0.160338 , 0.321801 , 0.422616 , 0.292025 , 0.645238 , 0.162768 , 0.160455 , 0.410688 , 0.774287 , 0.0956895 , 0.194409 , 0.187815 , 0.892763 , 0.428068 , 0.304106 , 0.136186 , 0.239014 , 0.340527 , 0.504065 , 0.196571 , 0.250165 , 0.168068 , 0.493329 , 0.196972 , 0.443987 , 0.122025 , 0.335991 , 0.434363 , 0.441574 , 0.208202 , 0.308381 , 0.564021 , 0.253372 , 0.423888 , 