var1=[0.285978 , 0.280176 , 0.440439 , 0.267517 , 0.649879 , 0.547016 , 0.229491 , 0.0847189 , 0.228102 , 0.205649 , 0.179383 , 0.441594 , 0.265624 , 0.281845 , 0.285794 , 0.298908 , 0.249651 , 0.400444 , 0.156493 , 0.310172 , 0.418354 , 0.381013 , 0.437335 , 0.854255 , 0.383406 , 0.429062 , 0.64361 , 0.204833 , 0.550345 , 0.25098 , 0.465215 , 0.30363 , 0.490713 , 0.290479 , 0.212565 , 0.393095 , 0.437305 , 0.433138 , 0.31909 , 0.196628 , 0.463125 , 0.128553 , 0.354835 , 0.214442 , 0.241152 , 0.329773 , 0.374249 , 0.612437 , 0.46055 , 0.220081 , 0.441934 , 0.355157 , 0.28833 , 0.387188 , 0.137376 , 0.875489 , 0.254105 , 0.416778 , 0.262112 , 0.233384 , 0.381156 , 0.200376 , 0.215544 , 0.462514 , 0.242683 , 0.14363 , 0.601077 , 0.278266 , 0.106889 , 0.193291 , 0.290425 , 2.15134 , 0.43963 , 0.875396 , 0.227974 , 0.340912 , 0.283417 , 0.361068 , 0.260404 , 0.152887 , 0.594892 , 0.434879 , 0.288188 , 0.412174 , 0.416028 , 0.48834 , 0.128995 , 0.396874 , 0.186199 , 0.28966 , 0.248649 , 0.517233 , 0.287904 , 0.450033 , 0.124907 , 0.381388 , 0.417212 , 0.290058 , 0.313299 , 0.35578 , 0.211131 , 0.251641 , 0.12495 , 0.572981 , 0.283945 , 0.404202 , 0.294861 , 0.298387 , 0.240075 , 0.353455 , 0.348017 , 0.538178 , 0.233394 , 0.288079 , 0.151772 , 0.0448936 , 0.40314 , 0.313549 , 0.463437 , 0.590623 , 0.301964 , 0.367486 , 0.248053 , 0.218646 , 0.534676 , 0.277835 , 0.212735 , 0.233931 , 0.175422 , 0.913232 , 0.243005 , 0.210117 , 0.366848 , 0.449109 , 0.320033 , 0.120176 , 0.472185 , 0.274283 , 0.49097 , 0.376149 , 0.741798 , 0.335289 , 0.444469 , 0.294024 , 0.930574 , 0.519597 , 0.40144 , 0.289478 , 0.590919 , 0.423055 , 0.145775 , 0.628143 , 0.238661 , 1.02139 , 0.328111 , 0.217303 , 1.13359 , 0.628188 , 0.498013 , 0.263928 , 0.384316 , 0.456242 , 0.232887 , 0.516737 , 1.37686 , 0.229755 , 0.306698 , 0.372842 , 0.233389 , 0.31364 , 0.460048 , 0.51611 , 0.472535 , 0.724721 , 0.37473 , 0.444265 , 0.694921 , 0.301987 , 0.160944 , 0.273059 , 0.195394 , 0.267888 , 1.66888 , 0.125912 , 0.170206 , 0.166488 , 0.412182 , 0.253463 , 0.127982 , 0.0810181 , 0.261231 , 0.240032 , 0.38531 , 0.191128 , 0.104509 , 0.270657 , 0.58772 , 0.50946 , 0.306466 , 0.534264 , 0.204455 , 0.304998 , 0.125161 , 0.223734 , 0.470015 , 0.160952 , 0.165591 , 0.368277 , 0.838522 , 1.39545 , 0.379312 , 0.346465 , 0.883573 , 0.513865 , 0.194136 , 0.30031 , 0.213374 , 0.28727 , 0.635259 , 0.446385 , 0.434176 , 0.336882 , 0.275817 , 0.238746 , 0.382632 , 0.389494 , 0.548141 , 0.687362 , 0.331317 , 0.180695 , 0.171687 , 0.303154 , 0.235353 , 0.322443 , 0.408405 , 0.323639 , 0.262756 , 0.207697 , 0.53206 , 0.490904 , 0.287411 , 0.843988 , 0.242325 , 0.292656 , 0.742488 , 0.712376 , 0.575698 , 0.340813 , 0.303049 , 0.265179 , 0.595842 , 0.351597 , 0.132758 , 0.752878 , 0.653628 , 0.133211 , 0.475171 , 0.299159 , 0.360671 , 0.311336 , 0.350428 , 0.750648 , 0.19344 , 0.159202 , 0.537211 , 0.507126 , 0.67717 , 1.1161 , 0.192136 , 0.384318 , 0.264699 , 0.506213 , 0.187917 , 0.716871 , 0.678863 , 0.750351 , 0.230911 , 0.332035 , 0.44571 , 0.559289 , 0.134 , 0.406221 , 0.431071 , 0.360812 , 0.64517 , 0.170478 , 0.37734 , 0.257158 , 1.95182 , 0.196251 , 0.323609 , 0.413689 , 0.151318 , 0.362945 , 0.427383 , 0.217228 , 0.361012 , 0.40846 , 0.317361 , 0.265757 , 0.27278 , 0.26962 , 0.258175 , 0.357626 , 0.531645 , 0.377067 , 0.444529 , 0.584085 , 0.305465 , 0.496229 , 0.313087 , 0.269321 , 0.480461 , 0.31454 , 0.241027 , 0.474449 , 0.453943 , 0.277926 , 0.46796 , 0.426551 , 0.387685 , 0.267109 , 0.402276 , 0.194942 , 0.829526 , 0.285422 , 0.40021 , 0.635858 , 0.336969 , 0.34914 , 0.398124 , 0.690612 , 0.189383 , 0.74361 , 0.239051 , 0.272584 , 0.667808 , 0.278056 , 0.733684 , 0.249355 , 2.13576 , 0.700847 , 0.238043 , 0.314454 , 0.280079 , 0.677819 , 0.235518 , 0.222679 , 0.198568 , 0.925487 , 0.45609 , 0.64406 , 0.219566 , 1.03014 , 0.216689 , 0.601785 , 0.218824 , 0.166493 , 0.151925 , 0.266228 , 0.574088 , 0.417671 , 0.322729 , 0.180987 , 0.25479 , 0.106057 , 0.438337 , 0.445623 , 0.837594 , 0.234258 , 0.481216 , 0.287852 , 0.201185 , 0.700319 , 0.205826 , 0.445229 , 0.685097 , 2.6068 , 0.603366 , 2.82084 , 0.38368 , 0.303511 , 0.396889 , 0.059409 , 0.808017 , 0.366281 , 0.530548 , 0.299259 , 0.128399 , 0.319076 , 0.302502 , 1.09336 , 0.952637 , 0.360786 , 0.199527 , 1.98124 , 0.231007 , 0.31825 , 1.0257 , 0.282595 , 0.428456 , 0.776597 , 0.238257 , 0.192504 , 0.625313 , 0.9065 , 0.467533 , 1.43268 , 0.885003 , 0.414719 , 0.402851 , 0.243719 , 0.246003 , 0.55947 , 0.2859 , 0.250097 , 0.309988 , 0.293644 , 0.354786 , 0.254955 , 0.203595 , 0.255654 , 0.486995 , 0.465739 , 0.328823 , 0.296252 , 1.34097 , 0.470121 , 0.435573 , 0.148067 , 0.544141 , 0.262848 , 0.488873 , 0.498588 , 0.44795 , 0.267856 , 0.510019 , 0.398967 , 0.207961 , 0.245558 , 0.624859 , 0.322503 , 0.741555 , 0.450802 , 0.549791 , 0.424108 , 0.222537 , 0.6616 , 0.498816 , 0.326688 , 0.260887 , 0.235266 , 0.275483 , 0.34391 , 0.172034 , 0.407508 , 0.512813 , 0.107719 , 0.502033 , 0.343603 , 0.350636 , 0.171466 , 0.343844 , 0.216377 , 0.170018 , 0.666843 , 0.537281 , 0.210511 , 0.303276 , 0.546625 , 0.2949 , 0.483912 , 0.203412 , 0.694608 , 0.204581 , 0.768588 , 0.948285 , 0.329652 , 1.03807 , 0.231471 , 0.469117 , 0.312434 , 0.620086 , 0.304962 , 0.286402 , 0.628244 , 0.279419 , 0.791723 , 0.516005 , 0.930872 , 0.430625 , 0.117236 , 0.457437 , 1.77552 , 0.302911 , 0.200944 , 0.261142 , 0.468178 , 0.359735 , 0.255546 , 0.935146 , 0.274437 , 0.415962 , 0.523778 , 0.189683 , 0.470591 , 0.125521 , 0.430436 , 0.302725 , 0.807714 , 0.22895 , 0.573826 , 0.764079 , 0.700917 , 0.439973 , 0.496991 , 0.342211 , 0.800387 , 0.611078 , 0.401577 , 0.27755 , 0.209062 , 0.678999 , 0.409 , 0.566758 , 0.482179 , 0.395942 , 0.383971 , 0.268532 , 0.224093 , 0.639416 , 0.248001 , 0.43311 , 0.501609 , 0.240144 , 0.190993 , 0.569852 , 0.473583 , 0.961471 , 0.225789 , 0.494453 , 0.45562 , 0.391474 , 0.605674 , 0.180807 , 0.45699 , 0.233803 , 0.344054 , 3.36072 , 1.53063 , 0.555188 , 0.13424 , 0.214246 , 0.240521 , 0.850083 , 0.251555 , 0.193979 , 0.649073 , 0.34637 , 0.272479 , 0.181667 , 0.463383 , 0.743307 , 1.41999 , 1.41353 , 0.266697 , 0.454009 , 0.0813692 , 0.0643225 , 0.425268 , 0.252835 , 1.3601 , 0.386421 , 0.352002 , 0.300859 , 0.196449 , 0.19178 , 0.323779 , 0.322846 , 0.223995 , 0.346217 , 0.132325 , 0.582632 , 0.30792 , 0.34352 , 0.562241 , 0.287053 , 0.524051 , 0.409175 , 0.398665 , 0.379734 , 0.378985 , 0.602054 , 0.607067 , 0.399673 , 0.25805 , 0.39745 , 0.604932 , 0.1619 , 0.181542 , 0.301882 , 0.54387 , 0.55503 , 1.16263 , 1.48355 , 0.53971 , 0.253748 , 0.391209 , 0.28467 , 0.241018 , 0.204543 , 0.41044 , 0.464106 , 0.23029 , 1.12731 , 0.588387 , 0.79848 , 0.603949 , 0.720222 , 0.29442 , 0.494549 , 0.781828 , 0.368923 , 0.321111 , 0.193346 , 0.165638 , 0.308858 , 0.412545 , 0.43183 , 1.34451 , 0.348463 , 0.641917 , 0.270984 , 0.417393 , 0.296251 , 0.333053 , 0.426381 , 0.245185 , 0.233413 , 1.0368 , 0.484128 , 0.190129 , 0.243939 , 0.183136 , 0.463115 , 0.482405 , 0.0712956 , 0.428353 , 0.197821 , 0.631398 , 0.608513 , 0.21612 , 0.247567 , 0.673004 , 0.382781 , 0.418771 , 0.608981 , 0.310949 , 0.172607 , 0.37621 , 0.306295 , 2.2568 , 0.465124 , 0.304074 , 0.395653 , 0.478413 , 0.456384 , 0.207994 , 1.19978 , 0.53211 , 0.314032 , 0.248953 , 0.243724 , 0.43135 , 0.328495 , 0.0962769 , 0.612349 , 0.303436 , 0.475002 , 0.352918 , 0.225549 , 0.229469 , 0.24988 , 0.36864 , 0.25831 , 0.365006 , 0.163135 , 0.2599 , 0.622066 , 0.301241 , 0.513169 , 0.455219 , 0.184552 , 0.381329 , 0.170953 , 0.172094 , 0.415079 , 0.588648 , 0.598881 , 0.441489 , 0.257879 , 0.44595 , 0.519351 , 0.268343 , 0.300421 , 0.804778 , 0.244952 , 0.192616 , 0.692603 , 0.364511 , 0.449334 , 0.180781 , 0.661669 , 0.202583 , 0.412719 , 0.576394 , 0.770592 , 0.775709 , 0.332196 , 0.450798 , 0.227792 , 0.66229 , 0.297036 , 0.323902 , 0.49054 , 0.379274 , 0.453766 , 0.402388 , 0.319079 , 0.644059 , 0.344452 , 0.88535 , 0.271548 , 0.22134 , 0.383925 , 0.431023 , 0.544448 , 0.260076 , 