var1=[0.070792 , 0.202365 , 0.0961116 , 0.194534 , 0.139984 , 0.081391 , 0.108396 , 0.117222 , 0.330836 , 0.0669417 , 0.283391 , 0.121394 , 0.111472 , 0.144021 , 0.0768286 , 0.0672914 , 0.124957 , 0.0575464 , 0.141549 , 0.0803418 , 0.0673282 , 0.128915 , 0.236095 , 0.313501 , 0.127898 , 0.152401 , 0.152831 , 0.155418 , 0.137209 , 0.152253 , 0.0980643 , 0.112911 , 0.234373 , 0.0526458 , 0.090339 , 0.193824 , 0.0901701 , 0.102487 , 0.0512618 , 0.161053 , 0.0867952 , 0.072322 , 0.202409 , 0.261709 , 0.128225 , 0.0934891 , 0.161011 , 0.0497779 , 0.198181 , 0.197482 , 0.131056 , 0.0697744 , 0.0669162 , 0.0752877 , 0.100493 , 0.0824279 , 0.163419 , 0.368225 , 0.136033 , 0.193283 , 0.0851352 , 0.140687 , 0.207049 , 0.0736996 , 0.11436 , 0.0744685 , 0.0876105 , 0.0543671 , 0.126483 , 0.0978916 , 0.219709 , 0.0913433 , 0.596075 , 0.254279 , 0.0846847 , 0.0742186 , 0.0823173 , 0.135661 , 0.105389 , 0.163774 , 0.0817348 , 0.060926 , 0.101223 , 0.34752 , 0.0790138 , 0.148847 , 0.0633143 , 0.194877 , 0.275816 , 0.0547402 , 0.0726052 , 0.127417 , 0.0725339 , 0.0858043 , 0.138338 , 0.254191 , 0.12072 , 0.231696 , 0.0554739 , 0.135579 , 0.199075 , 0.12401 , 0.275146 , 0.157147 , 0.48193 , 0.166364 , 0.141572 , 0.187744 , 0.0923385 , 0.274094 , 0.175002 , 0.0770182 , 0.294529 , 0.101968 , 0.100776 , 0.120767 , 0.0570411 , 0.213092 , 0.0661599 , 0.118454 , 0.0832874 , 0.062775 , 0.0953717 , 0.076703 , 0.119586 , 0.154575 , 0.0997998 , 0.171113 , 0.0913665 , 0.368686 , 0.069466 , 0.12538 , 0.0887471 , 0.122772 , 0.102385 , 0.0945105 , 0.146936 , 0.151718 , 0.121835 , 0.204774 , 0.235164 , 0.106095 , 0.0930856 , 0.423065 , 0.172744 , 0.0758179 , 0.179515 , 0.159952 , 0.109724 , 0.107163 , 0.192667 , 0.140098 , 0.512155 , 0.0924422 , 0.186659 , 0.151145 , 0.146203 , 0.109915 , 0.523543 , 0.155069 , 0.083971 , 0.189984 , 0.110694 , 0.0632464 , 0.106974 , 0.0829133 , 0.13349 , 0.211544 , 0.0961042 , 0.074808 , 0.0908911 , 0.210806 , 0.27756 , 0.213805 , 0.125662 , 0.104943 , 0.245661 , 0.0878496 , 0.0984117 , 0.18938 , 0.186966 , 0.108973 , 0.179003 , 0.114429 , 0.19613 , 0.160583 , 0.100583 , 0.282895 , 0.159975 , 0.0639098 , 0.119888 , 0.07127 , 0.137651 , 0.172151 , 0.198923 , 0.278903 , 0.14721 , 0.159082 , 0.0793333 , 0.344559 , 0.0733339 , 0.102047 , 0.110835 , 0.143868 , 0.131854 , 0.0907091 , 0.0957705 , 0.190734 , 0.181497 , 0.072246 , 0.179879 , 0.0679883 , 0.0733445 , 0.190651 , 0.155095 , 0.0772554 , 0.102361 , 0.0638722 , 0.0874222 , 0.0902295 , 0.0689762 , 0.0777312 , 0.145121 , 0.169605 , 0.053281 , 0.18194 , 0.090155 , 0.0990143 , 0.103581 , 0.0842478 , 0.116276 , 0.195149 , 0.185073 , 0.119613 , 0.110803 , 0.221323 , 0.221161 , 0.0865812 , 0.0949404 , 0.058441 , 0.136984 , 0.177227 , 0.15716 , 0.140802 , 0.176189 , 0.132987 , 0.151054 , 0.137757 , 0.108697 , 0.147899 , 0.140405 , 0.0788668 , 0.120709 , 0.261442 , 0.0827979 , 0.103754 , 0.0588876 , 0.0999186 , 0.0663961 , 0.340036 , 0.129173 , 0.111154 , 0.0788229 , 0.0442318 , 0.110958 , 0.0791958 , 0.218684 , 0.058343 , 0.14135 , 0.119384 , 0.0455901 , 0.0711285 , 0.0489108 , 0.170594 , 0.146013 , 0.14115 , 0.178921 , 0.13742 , 0.146623 , 0.24816 , 0.0599149 , 0.117486 , 0.0525663 , 0.0785936 , 0.0689766 , 0.0833474 , 0.188317 , 0.109471 , 0.181185 , 0.106701 , 0.326416 , 0.0640047 , 0.0903935 , 0.0824197 , 0.262529 , 0.0765268 , 0.256434 , 0.258444 , 0.0820894 , 0.0673173 , 0.238535 , 0.126695 , 0.109424 , 0.240265 , 0.0692216 , 0.126451 , 0.166327 , 0.149278 , 0.102146 , 0.0832471 , 0.242397 , 0.0486264 , 0.128823 , 0.138661 , 0.104179 , 0.134949 , 0.128122 , 0.173715 , 0.0804027 , 0.283196 , 0.0996121 , 0.36028 , 0.101509 , 0.120677 , 0.137276 , 0.110166 , 0.29141 , 0.0705872 , 0.106271 , 0.0809116 , 0.078581 , 0.206715 , 0.176452 , 0.0559266 , 0.0868413 , 0.0477881 , 0.103457 , 0.126217 , 0.0738211 , 0.124297 , 0.0879765 , 0.0463131 , 0.296568 , 0.0782722 , 0.0712078 , 0.193829 , 0.0545679 , 0.0710733 , 0.071992 , 0.0655319 , 0.0835723 , 0.113921 , 0.0679961 , 0.204821 , 0.071356 , 0.245239 , 0.0866924 , 0.19257 , 0.0748985 , 0.0952754 , 0.0785575 , 0.088609 , 0.0720167 , 0.0662225 , 0.0519641 , 0.222337 , 0.135506 , 0.0454732 , 0.107525 , 0.0965184 , 0.0752351 , 0.0667951 , 0.113923 , 0.145528 , 0.133889 , 0.0600999 , 0.0948035 , 0.0661305 , 0.0783172 , 0.166223 , 0.0969624 , 0.0965828 , 0.209917 , 0.206098 , 0.101565 , 0.163921 , 0.152084 , 0.158092 , 0.102105 , 0.093758 , 0.0843774 , 0.0556608 , 0.178985 , 0.151975 , 0.290855 , 0.142102 , 0.0996879 , 0.0997774 , 0.195814 , 0.0921294 , 0.229444 , 0.0959133 , 0.15704 , 0.162305 , 0.0984112 , 0.115873 , 0.0639284 , 0.0814911 , 0.0982398 , 0.140666 , 0.0610121 , 0.0766135 , 0.167554 , 0.0651632 , 0.157184 , 0.0904983 , 0.0568966 , 0.133263 , 0.22175 , 0.0733275 , 0.0416252 , 0.190409 , 0.155336 , 0.0622898 , 0.241277 , 0.168498 , 0.130588 , 0.0711255 , 0.0828862 , 0.13934 , 0.118802 , 0.1827 , 0.095961 , 0.0851919 , 0.142449 , 0.02678 , 0.428106 , 0.124015 , 0.255369 , 0.139382 , 0.0637794 , 0.138943 , 0.0746533 , 0.11064 , 0.190697 , 0.128534 , 0.188824 , 0.0680401 , 0.088822 , 0.203404 , 0.125212 , 0.118371 , 0.137513 , 0.317095 , 0.130008 , 0.0869074 , 0.0938092 , 0.188128 , 0.153358 , 0.243929 , 0.0803521 , 0.108376 , 0.0752787 , 0.0786778 , 0.269685 , 0.171466 , 0.16907 , 0.0759313 , 0.133977 , 0.159022 , 0.123917 , 0.088626 , 0.198918 , 0.0667258 , 0.233646 , 0.19173 , 0.200469 , 0.493767 , 0.0976494 , 0.0832698 , 0.204625 , 0.226826 , 0.201768 , 0.0672773 , 0.119477 , 0.0946061 , 0.0776362 , 0.191778 , 0.107259 , 0.111727 , 0.0712854 , 0.0683225 , 0.241692 , 0.113501 , 0.16741 , 0.0708778 , 0.0638751 , 0.241761 , 0.0840498 , 0.146011 , 0.17294 , 0.089232 , 0.059214 , 0.0827279 , 0.101445 , 0.0647144 , 0.144719 , 0.0657364 , 0.106893 , 0.0959439 , 0.0684483 , 0.119746 , 0.134199 , 0.0899124 , 0.085764 , 0.175307 , 0.109159 , 0.114505 , 0.123075 , 0.157883 , 0.0431379 , 0.136687 , 0.0835391 , 0.0866021 , 0.165498 , 0.180436 , 0.125316 , 0.0648821 , 0.0889589 , 0.0982533 , 0.130528 , 0.359875 , 0.101057 , 0.228238 , 0.0903241 , 0.135843 , 0.0909898 , 0.129255 , 0.221952 , 0.231836 , 0.0635766 , 0.0501344 , 0.173917 , 0.245264 , 0.0593896 , 0.130065 , 0.0816757 , 0.102716 , 0.121942 , 0.120836 , 0.0632813 , 0.130091 , 0.0872959 , 0.0677092 , 0.0921466 , 0.164859 , 0.0712977 , 0.125084 , 0.0987301 , 0.069927 , 0.073893 , 0.124348 , 0.0664836 , 0.0901841 , 0.141288 , 0.115954 , 0.156352 , 0.0849581 , 0.190589 , 0.0746343 , 0.0545053 , 0.0891629 , 0.0863321 , 0.0833898 , 0.134824 , 0.0689213 , 0.100055 , 0.087273 , 0.201833 , 0.0848811 , 0.183057 , 0.140593 , 0.112482 , 0.0948719 , 0.101596 , 0.0883984 , 0.12908 , 0.24882 , 0.112442 , 0.103847 , 0.13062 , 0.0694192 , 0.0756697 , 0.144934 , 0.20906 , 0.0752591 , 0.164647 , 0.0760757 , 0.0993887 , 0.0832452 , 0.066048 , 0.125381 , 0.276886 , 0.0873558 , 0.104226 , 0.236439 , 0.0971651 , 0.0911385 , 0.0592241 , 0.149813 , 0.134739 , 0.0785155 , 0.0764283 , 0.0956016 , 0.0968315 , 0.154085 , 0.158485 , 0.0861907 , 0.0732927 , 0.11582 , 0.287083 , 0.0878917 , 0.104309 , 0.151099 , 0.15859 , 0.134778 , 0.147504 , 0.101555 , 0.339352 , 0.107133 , 0.126429 , 0.107735 , 0.18919 , 0.111777 , 0.149161 , 0.0938556 , 0.157028 , 0.120551 , 0.0899686 , 0.130575 , 0.101316 , 0.0774644 , 0.100599 , 0.0729381 , 0.0627612 , 0.108192 , 0.13093 , 0.187257 , 0.154571 , 0.143097 , 0.135756 , 0.0883455 , 0.0661093 , 0.0716816 , 0.108204 , 0.0866882 , 0.0911892 , 0.110922 , 0.0969158 , 0.123287 , 0.209889 , 0.0648407 , 0.0952466 , 0.218408 , 0.0859378 , 0.106816 , 0.118102 , 0.194507 , 0.112721 , 0.0627633 , 0.0968361 , 0.0898995 , 0.0662486 , 0.0766573 , 0.11372 , 0.111606 , 0.0720199 , 0.0674404 , 0.216139 , 0.090219 , 0.128763 , 0.109194 , 0.13419 , 0.101167 , 0.185694 , 0.141083 , 0.158445 , 0.208491 , 0.140434 , 0.286514 , 0.189429 , 0.125946 , 0.136117 , 0.0953309 , 0.063925 , 0.163246 , 0.145722 , 0.0846716 , 0.131111 , 0.0904614 , 0.2977 , 0.0559019 , 0.134322 , 0.0985984 , 0.0966196 , 0.150996 , 0.25323 , 0.115485 ,