var1=[0.137588 , 0.109699 , 0.334368 , 0.104101 , 0.189575 , 0.162537 , 0.214274 , 0.293605 , 0.288778 , 0.388214 , 0.284862 , 0.319685 , 0.183144 , 0.184874 , 0.230683 , 0.189607 , 0.174553 , 0.257822 , 0.357167 , 0.053354 , 0.149386 , 0.417349 , 0.161012 , 0.102245 , 0.16949 , 0.460079 , 0.197307 , 0.106662 , 0.1872 , 0.0992866 , 0.281868 , 0.268669 , 0.440226 , 0.211989 , 0.147464 , 0.216592 , 0.234179 , 0.360521 , 0.0936663 , 0.365243 , 0.255085 , 0.187204 , 0.119181 , 0.261899 , 0.145338 , 0.214261 , 0.150395 , 0.0902131 , 0.230782 , 0.187056 , 0.169096 , 0.0767271 , 0.272162 , 0.295482 , 0.218014 , 0.610166 , 0.154253 , 0.186208 , 0.275914 , 0.139764 , 0.274895 , 0.234056 , 0.164879 , 0.217621 , 0.181338 , 0.214682 , 0.107211 , 0.115103 , 0.199838 , 0.300112 , 0.240899 , 0.166298 , 0.24253 , 0.172815 , 0.142446 , 0.134232 , 0.213023 , 0.519344 , 0.251878 , 0.251106 , 0.259678 , 0.203145 , 0.535961 , 0.460905 , 0.347163 , 0.137833 , 0.147058 , 0.154097 , 0.18178 , 0.210951 , 0.228885 , 0.192803 , 0.161117 , 0.399811 , 0.176454 , 0.177321 , 0.224197 , 0.313095 , 0.27308 , 0.160839 , 0.166767 , 0.157432 , 0.319486 , 0.24163 , 0.174495 , 0.219443 , 0.404768 , 0.164907 , 0.118778 , 0.1735 , 0.220927 , 0.302432 , 0.168218 , 0.121356 , 0.203039 , 0.424686 , 0.163556 , 0.290494 , 0.179248 , 0.230701 , 0.16405 , 0.133916 , 0.126849 , 0.194784 , 0.240995 , 0.249946 , 0.275702 , 0.214558 , 0.0794668 , 0.229925 , 0.191131 , 0.0712129 , 0.281625 , 0.191744 , 0.449015 , 0.259789 , 0.36381 , 0.27461 , 0.235417 , 0.229276 , 0.474854 , 0.11333 , 0.207564 , 0.365092 , 0.57179 , 0.206236 , 0.299031 , 0.4716 , 0.222304 , 0.431969 , 0.356846 , 0.149029 , 0.181649 , 0.460817 , 0.245342 , 0.148295 , 0.547337 , 0.27862 , 0.517472 , 0.305928 , 0.275817 , 0.249289 , 0.461411 , 0.263657 , 0.269279 , 0.22629 , 0.301184 , 0.367102 , 0.145639 , 0.191996 , 0.202822 , 0.377484 , 0.136645 , 0.232723 , 0.222107 , 0.216987 , 0.335979 , 0.541429 , 0.460049 , 0.312268 , 0.394407 , 0.301422 , 0.152688 , 0.186029 , 0.205742 , 0.305841 , 0.206371 , 0.233553 , 0.220839 , 0.157437 , 0.243383 , 0.315242 , 0.263942 , 0.180809 , 0.117005 , 0.332568 , 0.411761 , 0.190682 , 0.143576 , 0.32533 , 0.178123 , 0.154215 , 0.372119 , 0.158862 , 0.312099 , 0.305693 , 0.32037 , 0.247191 , 0.300665 , 0.536798 , 0.298011 , 0.206507 , 0.265913 , 0.17657 , 0.466918 , 0.175562 , 0.189705 , 0.269699 , 0.136547 , 0.355857 , 0.158719 , 0.323252 , 0.252914 , 0.266162 , 0.164852 , 0.335738 , 0.108625 , 0.18715 , 0.294838 , 0.195152 , 0.0852849 , 0.148088 , 0.406484 , 0.287247 , 0.185798 , 0.146133 , 0.219157 , 0.138523 , 0.253066 , 0.209527 , 0.238742 , 0.207764 , 0.398943 , 0.264912 , 0.229728 , 0.199473 , 0.232516 , 0.202567 , 0.117916 , 0.350116 , 0.206447 , 0.180027 , 0.121876 , 0.116484 , 0.229205 , 0.318999 , 0.177627 , 0.181515 , 0.328066 , 0.229126 , 0.235149 , 0.249493 , 0.221204 , 0.0930577 , 0.120012 , 0.190375 , 0.3258 , 0.140347 , 0.359334 , 0.265818 , 0.182704 , 0.242999 , 0.256133 , 0.398228 , 0.310589 , 0.507677 , 0.161928 , 0.300138 , 0.381818 , 0.214918 , 0.17111 , 0.153318 , 0.169962 , 0.184883 , 0.270953 , 0.174202 , 0.213987 , 0.204456 , 0.334675 , 0.184747 , 0.214084 , 0.300458 , 0.214527 , 0.304028 , 0.148922 , 0.183195 , 0.258897 , 0.190989 , 0.0945094 , 0.197154 , 0.151512 , 0.267442 , 0.163771 , 0.299413 , 0.221622 , 0.115119 , 0.598236 , 0.123679 , 0.193043 , 0.163137 , 0.302498 , 0.48922 , 0.275341 , 0.193949 , 0.340034 , 0.139735 , 0.33132 , 0.111023 , 0.239209 , 0.189209 , 0.144122 , 0.616053 , 0.196692 , 0.186187 , 0.300066 , 0.319217 , 0.19811 , 0.158372 , 0.174742 , 0.187533 , 0.316453 , 0.100917 , 0.187054 , 0.17106 , 0.251678 , 0.202027 , 0.36141 , 0.0944159 , 0.149168 , 0.156723 , 0.266588 , 0.152127 , 0.158028 , 0.28788 , 0.246001 , 0.166044 , 0.259084 , 0.216094 , 0.199384 , 0.266853 , 0.232363 , 0.238281 , 0.261569 , 0.36205 , 0.103764 , 0.341462 , 0.14957 , 0.142818 , 0.271389 , 0.185577 , 0.167508 , 0.371085 , 0.233534 , 0.189387 , 0.195177 , 0.28126 , 0.313631 , 0.193738 , 0.184634 , 0.140355 , 0.210031 , 0.171019 , 0.278448 , 0.0565547 , 0.256191 , 0.217633 , 0.138617 , 0.111097 , 0.174388 , 0.29959 , 0.247839 , 0.255979 , 0.215013 , 0.192379 , 0.252361 , 0.133872 , 0.196273 , 0.234495 , 0.231223 , 0.480538 , 0.301216 , 0.183636 , 0.443444 , 0.174387 , 0.55688 , 0.257954 , 0.709141 , 0.199305 , 0.135261 , 0.247868 , 0.160585 , 0.198348 , 0.174121 , 0.270569 , 0.241703 , 0.44249 , 0.135153 , 0.321536 , 0.117986 , 0.257578 , 0.254715 , 0.194549 , 0.149763 , 0.485361 , 0.308857 , 0.187724 , 0.276131 , 0.30602 , 0.17762 , 0.206743 , 0.134921 , 0.184348 , 0.329298 , 0.454945 , 0.169323 , 0.24506 , 0.148544 , 0.186517 , 0.14243 , 0.245283 , 0.128902 , 0.241341 , 0.287953 , 0.269678 , 0.197382 , 0.123318 , 0.732723 , 0.231915 , 0.209222 , 0.111092 , 0.0887316 , 0.173318 , 0.268959 , 0.134553 , 0.242103 , 0.200996 , 0.399039 , 0.214105 , 0.126115 , 0.252524 , 0.124561 , 0.152001 , 0.193326 , 0.115624 , 0.239963 , 0.274673 , 0.181292 , 0.285928 , 0.311654 , 0.185266 , 0.167174 , 0.15575 , 0.138427 , 0.193727 , 0.122834 , 0.345283 , 0.183348 , 0.115649 , 0.380035 , 0.16067 , 0.35495 , 0.110797 , 0.250334 , 0.213115 , 0.570318 , 0.364647 , 0.128396 , 0.264967 , 0.246929 , 0.141054 , 0.148645 , 0.295053 , 0.128007 , 0.264258 , 0.130236 , 0.259378 , 0.238555 , 0.195403 , 0.131328 , 0.229592 , 0.171393 , 0.116133 , 0.157986 , 0.338812 , 0.452457 , 0.169985 , 0.130735 , 0.153026 , 0.37459 , 0.18969 , 0.0835269 , 0.120349 , 0.219277 , 0.381941 , 0.122358 , 0.159553 , 0.216576 , 0.212751 , 0.387428 , 0.524959 , 0.204574 , 0.238758 , 0.169246 , 0.237608 , 0.445937 , 0.176621 , 0.183729 , 0.161113 , 0.185056 , 0.419252 , 0.315043 , 0.222189 , 0.148616 , 0.23212 , 0.185063 , 0.140547 , 0.214127 , 0.225323 , 0.363833 , 0.211764 , 0.240671 , 0.308732 , 0.134601 , 0.270302 , 0.426096 , 0.138185 , 0.299068 , 0.194963 , 0.206981 , 0.142404 , 0.153745 , 0.521695 , 0.208814 , 0.146402 , 0.383863 , 0.213443 , 0.0687036 , 0.546051 , 0.0984125 , 0.148311 , 0.274813 , 0.446143 , 0.180068 , 0.146118 , 0.210483 , 0.215096 , 0.086274 , 0.303699 , 0.213945 , 0.352158 , 0.223518 , 0.152153 , 0.173805 , 0.101073 , 0.202784 , 0.191359 , 0.23707 , 0.217023 , 0.205249 , 0.390465 , 0.463896 , 0.151527 , 0.317676 , 0.179919 , 0.145017 , 0.185282 , 0.183711 , 0.123669 , 0.148729 , 0.523153 , 0.169601 , 0.0737153 , 0.489679 , 0.10015 , 0.279523 , 0.245138 , 0.131541 , 0.167215 , 0.206944 , 0.221536 , 0.128967 , 0.105844 , 0.187275 , 0.242483 , 0.249534 , 0.281957 , 0.174982 , 0.233607 , 0.163582 , 0.175289 , 0.159646 , 0.265352 , 0.365802 , 0.2013 , 0.336206 , 0.153075 , 0.220434 , 0.153903 , 0.171203 , 0.288941 , 0.33518 , 0.257448 , 0.198956 , 0.39638 , 0.110531 , 0.27041 , 0.5402 , 0.195474 , 0.147072 , 0.0806499 , 0.490142 , 0.231198 , 0.228788 , 0.397284 , 0.130716 , 0.100236 , 0.0884252 , 0.164436 , 0.194981 , 0.358066 , 0.387786 , 0.152382 , 0.302185 , 0.131152 , 0.249906 , 0.129758 , 0.286999 , 0.269595 , 0.210225 , 0.301214 , 0.107125 , 0.103083 , 0.126033 , 0.285739 , 0.251342 , 0.253455 , 0.241671 , 0.21985 , 0.154104 , 0.233459 , 0.142448 , 0.193456 , 0.125637 , 0.135121 , 0.206237 , 0.390726 , 0.337657 , 0.279213 , 0.192069 , 0.167286 , 0.188514 , 0.329669 , 0.202003 , 0.141505 , 0.202927 , 0.120788 , 0.221636 , 0.218663 , 0.591039 , 0.296422 , 0.251578 , 0.126759 , 0.235677 , 0.173711 , 0.272525 , 0.126875 , 0.129384 , 0.246626 , 0.35147 , 0.330013 , 0.205847 , 0.216644 , 0.204687 , 0.237096 , 0.629031 , 0.283217 , 0.200809 , 0.222106 , 0.210001 , 0.177718 , 0.17896 , 0.215214 , 0.209361 , 0.336904 , 0.159631 , 0.297418 , 0.253368 , 0.331017 , 0.286485 , 0.309475 , 0.195999 , 0.221335 , 0.346309 , 0.142634 , 0.156066 , 0.204267 , 0.263386 , 0.138712 , 0.0763459 , 0.193475 , 0.183224 , 0.10596 , 0.253393 , 0.226046 , 0.251538 , 0.261248 , 0.134757 , 0.202626 , 0.357971 , 0.361825 , 0.461235 , 0.322909 , 0.197326 , 0.16107 , 0.200317 , 0.169752 , 0.145882 , 0.164285 , 0.223497 , 0.305209 , 