var1=[0.130813 , 0.0972426 , 0.0434138 , 0.0861547 , 0.0687874 , 0.093133 , 0.165269 , 0.136162 , 0.154401 , 0.112315 , 0.214007 , 0.238263 , 0.0625009 , 0.0574488 , 0.0543241 , 0.0800049 , 0.0863629 , 0.173302 , 0.0994312 , 0.15788 , 0.122992 , 0.0884286 , 0.0832622 , 0.0900847 , 0.439047 , 0.344683 , 0.188036 , 0.140927 , 0.0698212 , 0.0749648 , 0.0902979 , 0.142143 , 0.275264 , 0.0899865 , 0.293097 , 0.186631 , 0.109186 , 0.263122 , 0.127813 , 0.0888863 , 0.160391 , 0.0719059 , 0.30878 , 0.2061 , 0.109606 , 0.091229 , 0.117842 , 0.0818873 , 0.200654 , 0.116657 , 0.270129 , 0.12036 , 0.0890573 , 0.0871377 , 0.170736 , 0.102023 , 0.154147 , 0.151545 , 0.126359 , 0.108145 , 0.148905 , 0.0811692 , 0.0499407 , 0.094548 , 0.191379 , 0.117109 , 0.0966515 , 0.102614 , 0.460026 , 0.0957407 , 0.093688 , 0.124376 , 0.147785 , 0.0890379 , 0.151971 , 0.149977 , 0.196442 , 0.23946 , 0.156604 , 0.114446 , 0.109589 , 0.109764 , 0.116934 , 0.171958 , 0.0673158 , 0.0620871 , 0.068166 , 0.279046 , 0.101526 , 0.0737386 , 0.0598793 , 0.0484207 , 0.116309 , 0.130307 , 0.0609412 , 0.252516 , 0.0736912 , 0.135613 , 0.0710902 , 0.0526678 , 0.0838066 , 0.113342 , 0.0651135 , 0.210882 , 0.141986 , 0.190009 , 0.154741 , 0.124037 , 0.13245 , 0.07825 , 0.152369 , 0.258194 , 0.0671249 , 0.172934 , 0.0664072 , 0.0936334 , 0.223567 , 0.134626 , 0.088138 , 0.0950494 , 0.0482065 , 0.0789706 , 0.188363 , 0.106633 , 0.0744547 , 0.110453 , 0.0815298 , 0.102083 , 0.0438071 , 0.0831313 , 0.12983 , 0.0941887 , 0.135041 , 0.059133 , 0.0578732 , 0.113097 , 0.127738 , 0.0791977 , 0.118451 , 0.217751 , 0.291898 , 0.125042 , 0.111461 , 0.152368 , 0.185991 , 0.310209 , 0.254165 , 0.100503 , 0.0932637 , 0.0721158 , 0.134523 , 0.0813864 , 0.21689 , 0.252511 , 0.0747098 , 0.096591 , 0.53513 , 0.227773 , 0.172872 , 0.154439 , 0.112777 , 0.0723839 , 0.0905369 , 0.0980203 , 0.0834274 , 0.0508713 , 0.185 , 0.0760146 , 0.0494552 , 0.123483 , 0.12415 , 0.0584582 , 0.0887184 , 0.107694 , 0.124539 , 0.0692707 , 0.18756 , 0.140185 , 0.111046 , 0.143314 , 0.128456 , 0.131448 , 0.101859 , 0.121059 , 0.0693322 , 0.135922 , 0.0769103 , 0.123137 , 0.132065 , 0.09046 , 0.182312 , 0.125884 , 0.114128 , 0.27019 , 0.145859 , 0.168483 , 0.200412 , 0.139348 , 0.222676 , 0.171263 , 0.0816639 , 0.0753888 , 0.249902 , 0.0995822 , 0.109927 , 0.0841633 , 0.133974 , 0.0459738 , 0.103449 , 0.193967 , 0.093152 , 0.103898 , 0.0876228 , 0.0827108 , 0.113442 , 0.0580195 , 0.186341 , 0.0729387 , 0.134521 , 0.114271 , 0.0965313 , 0.149876 , 0.141199 , 0.102543 , 0.132226 , 0.539341 , 0.115153 , 0.116448 , 0.113762 , 0.0914929 , 0.0680263 , 0.128014 , 0.151204 , 0.179022 , 0.0922911 , 0.125005 , 0.246768 , 0.1178 , 0.201318 , 0.0660251 , 0.453122 , 0.181349 , 0.181727 , 0.0997867 , 0.107571 , 0.21923 , 0.0728819 , 0.14508 , 0.131305 , 0.44544 , 0.043449 , 0.0697114 , 0.0592464 , 0.171729 , 0.111556 , 0.198404 , 0.0637406 , 0.176069 , 0.0746096 , 0.166539 , 0.0685213 , 0.158769 , 0.218413 , 0.0720861 , 0.114314 , 0.118564 , 0.120272 , 0.0679412 , 0.0690689 , 0.0611817 , 0.0900159 , 0.0737024 , 0.059808 , 0.0960237 , 0.0927019 , 0.172806 , 0.168252 , 0.23228 , 0.39052 , 0.11436 , 0.0712117 , 0.136148 , 0.0595872 , 0.133328 , 0.119481 , 0.0453672 , 0.168263 , 0.116158 , 0.152346 , 0.106009 , 0.196393 , 0.0843411 , 0.0480369 , 0.0831987 , 0.184393 , 0.0703925 , 0.194164 , 0.455169 , 0.0571092 , 0.0554443 , 0.143614 , 0.236361 , 0.0564651 , 0.0508159 , 0.101993 , 0.188005 , 0.161316 , 0.0314244 , 0.0760729 , 0.11392 , 0.0920366 , 0.112234 , 0.0857184 , 0.118725 , 0.104646 , 0.0633789 , 0.0881734 , 0.0921514 , 0.185682 , 0.106109 , 0.0524523 , 0.374715 , 0.114592 , 0.259059 , 0.0586937 , 0.106396 , 0.24032 , 0.146585 , 0.136432 , 0.105262 , 0.107247 , 0.167916 , 0.163269 , 0.0545332 , 0.0872969 , 0.0555356 , 0.469397 , 0.0872645 , 0.0596186 , 0.135672 , 0.126796 , 0.0846033 , 0.1597 , 0.249056 , 0.0894996 , 0.0634121 , 0.106171 , 0.040455 , 0.0969998 , 0.109428 , 0.10404 , 0.121734 , 0.0583502 , 0.173947 , 0.0549882 , 0.129161 , 0.0780671 , 0.0857705 , 0.110965 , 0.103856 , 0.0945409 , 0.250595 , 0.0664043 , 0.152958 , 0.125663 , 0.0842023 , 0.206292 , 0.0671371 , 0.130456 , 0.177249 , 0.0914282 , 0.17406 , 0.121162 , 0.0915091 , 0.11068 , 0.0871706 , 0.0980627 , 0.0749754 , 0.0947985 , 0.129935 , 0.123418 , 0.0831793 , 0.0405745 , 0.147505 , 0.063261 , 0.0403552 , 0.0671961 , 0.102281 , 0.169612 , 0.0963187 , 0.137438 , 0.14726 , 0.0895507 , 0.208683 , 0.218461 , 0.116193 , 0.08498 , 0.0498864 , 0.126113 , 0.10781 , 0.151133 , 0.091306 , 0.0658098 , 0.124682 , 0.113936 , 0.0962235 , 0.108689 , 0.232256 , 0.150351 , 0.224985 , 0.0695243 , 0.0895008 , 0.156971 , 0.0553318 , 0.215617 , 0.0690136 , 0.0820464 , 0.224217 , 0.17794 , 0.0770761 , 0.0844743 , 0.119145 , 0.108561 , 0.0642287 , 0.187067 , 0.100882 , 0.150791 , 0.0423642 , 0.089343 , 0.0827647 , 0.122624 , 0.0482378 , 0.114137 , 0.102567 , 0.102784 , 0.0687507 , 0.204895 , 0.141123 , 0.185131 , 0.186849 , 0.0813581 , 0.124055 , 0.189443 , 0.0649658 , 0.291734 , 0.0946215 , 0.156857 , 0.084506 , 0.0831873 , 0.0946426 , 0.0542342 , 0.143017 , 0.130499 , 0.133109 , 0.0868679 , 0.122985 , 0.0652762 , 0.0777709 , 0.0469938 , 0.118496 , 0.056715 , 0.105142 , 0.102033 , 0.125176 , 0.0927754 , 0.0784278 , 0.0566393 , 0.0997754 , 0.107217 , 0.207112 , 0.0871922 , 0.108882 , 0.190086 , 0.108377 , 0.0633445 , 0.102977 , 0.101994 , 0.123067 , 0.100327 , 0.0621351 , 0.12346 , 0.0805276 , 0.134203 , 0.0685033 , 0.140583 , 0.104337 , 0.0976382 , 0.155359 , 0.116474 , 0.0575242 , 0.0877264 , 0.144619 , 0.147753 , 0.062485 , 0.0757546 , 0.0403008 , 0.0768717 , 0.0677091 , 0.13929 , 0.0962245 , 0.0798888 , 0.226022 , 0.108463 , 0.0537316 , 0.0994387 , 0.130325 , 0.0758473 , 0.0622099 , 0.280339 , 0.251094 , 0.0832914 , 0.0685807 , 0.0911644 , 0.0491542 , 0.161604 , 0.0640335 , 0.104578 , 0.120692 , 0.193192 , 0.47143 , 0.0863331 , 0.191838 , 0.16053 , 0.127129 , 0.0900535 , 0.220837 , 0.0978021 , 0.161681 , 0.125274 , 0.0676578 , 0.135431 , 0.10669 , 0.09013 , 0.0767001 , 0.159626 , 0.0807947 , 0.16203 , 0.0634983 , 0.22735 , 0.179524 , 0.305406 , 0.0778376 , 0.178307 , 0.156709 , 0.199891 , 0.204567 , 0.13977 , 0.148019 , 0.164822 , 0.222263 , 0.080174 , 0.225439 , 0.0908891 , 0.13905 , 0.166538 , 0.227849 , 0.129945 , 0.0811047 , 0.152423 , 0.191918 , 0.0557364 , 0.116032 , 0.159413 , 0.17995 , 0.0793062 , 0.0860261 , 0.188537 , 0.194136 , 0.0812502 , 0.152422 , 0.0595517 , 0.107674 , 0.253144 , 0.0845623 , 0.199453 , 0.0824428 , 0.0738674 , 0.21101 , 0.136873 , 0.275157 , 0.0660438 , 0.0907578 , 0.0847253 , 0.0821824 , 0.141422 , 0.127468 , 0.0930079 , 0.167314 , 0.167135 , 0.165719 , 0.120507 , 0.0745452 , 0.0998378 , 0.134075 , 0.165609 , 0.116858 , 0.0926055 , 0.170107 , 0.0551548 , 0.120775 , 0.0744798 , 0.0978191 , 0.221513 , 0.219024 , 0.245649 , 0.203373 , 0.121357 , 0.06007 , 0.0568005 , 0.231066 , 0.0937931 , 0.0992283 , 0.117519 , 0.151725 , 0.15413 , 0.0741712 , 0.0799287 , 0.137502 , 0.179924 , 0.086055 , 0.237315 , 0.157374 , 0.158787 , 0.154356 , 0.159754 , 0.103063 , 0.0675472 , 0.096063 , 0.22733 , 0.0958863 , 0.132675 , 0.084122 , 0.166518 , 0.0617529 , 0.35405 , 0.116965 , 0.188851 , 0.234226 , 0.071168 , 0.127233 , 0.0543449 , 0.0554485 , 0.274403 , 0.114943 , 0.228035 , 0.143551 , 0.163457 , 0.173925 , 0.156284 , 0.168875 , 0.199151 , 0.110602 , 0.148458 , 0.0996813 , 0.0943723 , 0.0886452 , 0.129166 , 0.0999848 , 0.0983416 , 0.0595738 , 0.168981 , 0.0600651 , 0.0814491 , 0.112717 , 0.126351 , 0.151669 , 0.0990408 , 0.0896048 , 0.165802 , 0.076994 , 0.0518379 , 0.106945 , 0.115334 , 0.129095 , 0.0955973 , 0.225174 , 0.0436423 , 0.219564 , 0.308481 , 0.10268 , 0.0911459 , 0.127327 , 0.104797 , 0.0924973 , 0.0937317 , 0.0665289 , 0.187599 , 0.23488 , 0.128704 , 0.0844259 , 0.13728 , 0.077732 , 0.0725941 , 0.0635209 , 0.06074 , 0.229122 , 0.152783 , 0.128846 , 0.0897374 , 0.165926 , 0.222957 , 0.141667 , 0.163362 , 0.150254 , 0.260167 , 0.151103 , 0.0711898 , 0.15008 , 