var1=[0.221588 , 0.437985 , 0.584557 , 0.34487 , 0.314466 , 0.0223859 , 2.36827 , 0.726605 , 0.452435 , 0.613058 , 1.23583 , 0.323718 , 0.454443 , 0.160875 , 0.93178 , 0.755821 , 0.252752 , 0.756158 , 1.01192 , 0.428325 , 0.293587 , 0.317376 , 0.48335 , 0.376297 , 0.596637 , 0.50317 , 0.19335 , 0.260361 , 0.472289 , 0.405016 , 0.731815 , 0.469035 , 2.00967 , 0.463182 , 0.39061 , 0.367409 , 0.596411 , 0.226514 , 0.474361 , 0.666117 , 0.339956 , 0.349099 , 0.542708 , 0.525735 , 0.385544 , 1.12269 , 0.309996 , 0.430066 , 0.277666 , 1.2208 , 0.777261 , 1.14719 , 0.88831 , 0.382526 , 0.287207 , 0.360541 , 0.336231 , 0.574567 , 0.640155 , 4.13064 , 0.364846 , 0.340437 , 2.02314 , 0.578279 , 0.17505 , 0.285874 , 0.053708 , 0.862668 , 0.630888 , 0.570234 , 0.821036 , 0.756924 , 0.809386 , 0.939199 , 0.736088 , 0.404154 , 0.627741 , 0.665781 , 0.499756 , 0.289022 , 0.780122 , 1.24009 , 0.477296 , 0.406173 , 0.730843 , 0.592213 , 0.37858 , 0.651091 , 1.03331 , 1.15212 , 0.317163 , 0.21008 , 3.55971 , 0.172212 , 0.225636 , 0.486255 , 0.409833 , 0.858219 , 0.320796 , 0.686147 , 2.19958 , 0.718047 , 0.343897 , 0.378556 , 0.120614 , 0.755185 , 0.515282 , 0.323936 , 0.414882 , 1.25213 , 1.10613 , 0.252431 , 0.31184 , 0.485342 , 0.224365 , 0.565076 , 0.570104 , 0.325494 , 0.481045 , 0.562238 , 0.611055 , 0.389574 , 0.696602 , 1.53167 , 0.205039 , 2.4405 , 0.470405 , 0.367079 , 0.300084 , 0.530799 , 0.181629 , 0.151855 , 0.430013 , 0.956956 , 0.388081 , 0.400142 , 0.996837 , 0.435869 , 0.614424 , 0.332858 , 0.301688 , 0.97815 , 0.381355 , 1.57395 , 0.918876 , 1.03371 , 1.13641 , 0.593201 , 0.320122 , 0.52415 , 0.123411 , 0.697209 , 1.61067 , 0.522677 , 0.565491 , 0.66633 , 0.669995 , 0.499711 , 0.597447 , 0.120118 , 0.503758 , 0.278512 , 0.671817 , 0.673688 , 0.427941 , 0.395107 , 0.4071 , 0.288148 , 0.902871 , 0.61138 , 0.365012 , 0.905254 , 0.379914 , 0.529259 , 0.780696 , 0.0870007 , 0.129561 , 0.799592 , 0.577684 , 0.582252 , 0.452661 , 0.563712 , 0.848809 , 0.138478 , 0.206978 , 0.562202 , 0.528449 , 0.741665 , 0.203564 , 0.546417 , 0.430085 , 2.93313 , 0.285848 , 0.116804 , 0.308349 , 0.49342 , 0.284932 , 0.58821 , 0.495134 , 0.183798 , 0.390536 , 0.417827 , 0.762915 , 0.476779 , 0.647162 , 0.402906 , 2.26503 , 0.690537 , 0.276117 , 0.577003 , 0.537883 , 0.238511 , 0.555839 , 1.22237 , 0.797701 , 1.2194 , 0.500446 , 0.971089 , 0.146362 , 0.433177 , 0.272857 , 0.257099 , 0.936282 , 1.11509 , 0.7021 , 1.50796 , 0.956025 , 1.46782 , 0.28746 , 0.291167 , 1.3284 , 1.23695 , 0.309767 , 0.685912 , 0.826602 , 0.228652 , 1.16444 , 3.34267 , 0.314544 , 0.224894 , 0.446722 , 0.348833 , 0.0870402 , 0.693443 , 0.376975 , 0.389421 , 0.409159 , 0.51029 , 0.327954 , 0.183426 , 1.13436 , 0.223993 , 0.377509 , 0.495027 , 0.228958 , 0.185507 , 1.45093 , 2.12421 , 2.55132 , 0.1802 , 0.182026 , 1.47483 , 0.946211 , 0.49716 , 0.152843 , 0.971023 , 0.919798 , 0.541829 , 0.277608 , 0.0573483 , 0.283751 , 0.154859 , 0.96625 , 0.277181 , 0.434121 , 0.660091 , 0.478042 , 0.703978 , 0.278383 , 0.306793 , 0.230768 , 0.548725 , 0.236306 , 0.670902 , 0.600337 , 1.39435 , 0.387034 , 0.707021 , 0.414818 , 0.50308 , 0.490624 , 0.905733 , 0.558205 , 0.3243 , 0.298958 , 0.541419 , 0.579203 , 0.914931 , 0.31568 , 0.386581 , 0.422569 , 0.688397 , 1.37028 , 0.332355 , 0.450385 , 0.455161 , 2.77982 , 0.19768 , 0.77088 , 0.196357 , 0.378194 , 0.284194 , 0.551337 , 0.494908 , 0.315352 , 0.545153 , 0.431406 , 0.240732 , 0.5958 , 0.488029 , 0.238815 , 0.321121 , 0.524803 , 0.665042 , 0.398022 , 1.08137 , 1.01959 , 0.287762 , 0.119139 , 0.374042 , 0.48881 , 0.207031 , 0.680175 , 0.345095 , 0.646435 , 0.336669 , 0.812819 , 1.1257 , 0.604543 , 0.299121 , 0.872123 , 0.570507 , 0.950015 , 0.641426 , 0.71995 , 0.533723 , 0.469379 , 1.22332 , 0.418551 , 0.597429 , 0.252958 , 0.460484 , 0.415963 , 0.379494 , 0.195154 , 0.215551 , 0.402113 , 0.55209 , 0.392122 , 0.379492 , 0.345123 , 0.554125 , 0.644155 , 0.265756 , 0.294835 , 0.2531 , 0.726409 , 1.01835 , 0.654263 , 0.141655 , 3.22798 , 0.368506 , 0.338499 , 0.268841 , 3.31545 , 0.300462 , 0.565634 , 0.24733 , 0.453225 , 0.404363 , 0.477134 , 0.174264 , 0.46819 , 0.996891 , 0.354395 , 0.117294 , 0.221836 , 1.02928 , 0.615559 , 0.575978 , 0.261687 , 0.396723 , 0.96294 , 2.26322 , 0.284976 , 0.376701 , 0.485173 , 0.28086 , 0.593174 , 0.230328 , 0.630998 , 0.385933 , 4.548 , 0.717318 , 0.31058 , 0.449539 , 0.539555 , 0.591585 , 0.436998 , 0.362866 , 0.352976 , 0.332297 , 0.619444 , 0.863084 , 0.717838 , 0.335751 , 0.236169 , 0.334678 , 0.209417 , 1.40488 , 0.131948 , 0.55858 , 0.556987 , 0.501561 , 0.349437 , 3.2695 , 1.04708 , 0.577122 , 0.188435 , 0.675212 , 1.23187 , 0.34285 , 1.21166 , 0.285126 , 0.596047 , 1.29193 , 1.41792 , 0.579177 , 0.38593 , 0.67117 , 1.21795 , 0.431701 , 0.322227 , 0.746025 , 1.36644 , 1.00153 , 0.538796 , 0.475204 , 0.420095 , 0.341923 , 0.171733 , 0.333055 , 0.838097 , 0.417323 , 1.4636 , 0.497557 , 0.503953 , 0.132882 , 0.184778 , 0.293732 , 0.643867 , 0.462222 , 0.462246 , 0.650349 , 0.869941 , 0.648064 , 0.355689 , 0.395938 , 1.42458 , 0.387006 , 0.467776 , 1.18328 , 0.217889 , 0.688161 , 0.372466 , 0.367149 , 3.97971 , 0.518604 , 1.13034 , 0.550903 , 0.348737 , 0.301167 , 0.894811 , 0.829272 , 1.0233 , 0.799863 , 1.08657 , 0.513416 , 2.086 , 0.722245 , 0.980168 , 0.477053 , 0.529483 , 0.653494 , 0.258152 , 0.532455 , 0.299533 , 0.693928 , 0.646724 , 2.5228 , 0.119628 , 0.41109 , 0.687339 , 0.306517 , 0.95649 , 0.771676 , 1.1908 , 0.612292 , 0.319028 , 0.764772 , 0.450146 , 0.587904 , 1.24562 , 5.79654 , 0.315929 , 0.316196 , 0.668437 , 0.291395 , 0.434318 , 0.893626 , 1.05574 , 1.16084 , 0.4571 , 0.690433 , 0.778401 , 0.353289 , 0.414056 , 0.210864 , 0.612768 , 0.374977 , 0.279199 , 0.370153 , 0.173924 , 0.40887 , 0.341443 , 0.299865 , 0.492215 , 0.597681 , 0.207964 , 0.262001 , 0.678711 , 0.570276 , 0.452403 , 0.796302 , 0.454747 , 0.593957 , 0.225364 , 0.0412561 , 0.695162 , 0.540882 , 0.216645 , 0.809412 , 0.273867 , 0.377776 , 0.714653 , 0.608802 , 0.204911 , 0.184991 , 0.831471 , 0.449063 , 0.532609 , 0.333235 , 0.491273 , 2.10829 , 0.220285 , 0.377157 , 0.451806 , 2.40365 , 0.487823 , 0.325733 , 0.334559 , 0.834416 , 0.145372 , 0.26689 , 0.534287 , 5.34568 , 0.421668 , 0.359608 , 0.309694 , 0.825631 , 0.258197 , 0.487225 , 0.209061 , 0.482482 , 0.179404 , 0.280285 , 0.574808 , 0.277251 , 0.338713 , 0.497318 , 0.676883 , 0.38195 , 0.40197 , 0.826305 , 0.133178 , 0.481807 , 0.369079 , 0.438646 , 0.625678 , 0.530712 , 0.301261 , 0.428387 , 0.480459 , 0.35825 , 0.534163 , 0.663267 , 0.418433 , 0.303523 , 2.24079 , 0.410338 , 0.545316 , 0.68822 , 0.37609 , 0.241826 , 1.34652 , 0.892757 , 0.61261 , 0.745195 , 0.331384 , 0.243947 , 0.367506 , 0.395398 , 1.08981 , 0.193857 , 0.453839 , 3.65232 , 0.520642 , 0.825365 , 0.387097 , 0.575693 , 0.515697 , 0.316687 , 0.507546 , 0.320738 , 0.398846 , 0.742795 , 0.656772 , 0.3966 , 0.536463 , 1.10336 , 0.341741 , 2.21969 , 0.773558 , 2.79962 , 0.232089 , 0.501773 , 0.382095 , 1.39836 , 0.171517 , 0.459139 , 0.722623 , 0.455035 , 1.52806 , 1.10191 , 0.325629 , 0.0989275 , 1.78998 , 0.304627 , 0.800255 , 0.604168 , 0.340296 , 0.442957 , 0.170943 , 0.460946 , 0.436427 , 0.357035 , 0.488552 , 0.701958 , 0.219074 , 0.722025 , 0.348055 , 0.425313 , 0.75952 , 0.535014 , 0.437062 , 0.670109 , 0.55216 , 0.607009 , 0.410922 , 0.517094 , 0.80969 , 0.835142 , 0.529891 , 0.386373 , 0.726893 , 0.414003 , 0.373409 , 0.526801 , 0.220577 , 0.912845 , 0.480207 , 0.642845 , 0.710431 , 0.638202 , 0.610911 , 0.110896 , 0.0780129 , 0.478792 , 0.497717 , 0.540705 , 0.324344 , 0.264337 , 0.446548 , 0.913307 , 0.28841 , 0.442548 , 0.410731 , 0.720419 , 4.50219 , 0.398679 , 0.300637 , 0.76211 , 0.557615 , 0.479271 , 0.363669 , 0.295301 , 0.829106 , 0.756854 , 1.9623 , 1.26314 , 2.02352 , 1.96691 , 0.503044 , 0.193654 , 0.619749 , 0.519727 , 0.373586 , 0.193528 , 0.426143 , 0.415383 , 0.120054 , 0.490526 , 0.289774 , 0.907817 , 0.410872 , 0.512704 , 0.460748 , 0.875557 , 0.194422 , 0.436293 , 0.451388 , 0.165929 , 