var1=[0.369585 , 0.436707 , 1.01991 , 0.28135 , 0.382502 , 0.326012 , 0.50859 , 0.266957 , 0.249878 , 0.480738 , 0.484348 , 0.461323 , 0.484686 , 0.717479 , 0.316445 , 0.299339 , 0.313026 , 0.44542 , 0.428972 , 0.417024 , 0.507361 , 0.294826 , 0.276999 , 0.76631 , 0.892652 , 0.89649 , 0.219535 , 0.106567 , 0.398575 , 0.573687 , 0.699958 , 0.381464 , 0.695469 , 0.439776 , 0.312569 , 0.963393 , 0.900074 , 0.413252 , 0.750102 , 0.296353 , 0.247963 , 0.200832 , 0.31535 , 0.33017 , 0.533223 , 0.313792 , 0.366166 , 0.150524 , 0.391258 , 0.210336 , 0.840741 , 0.382168 , 0.586007 , 0.318633 , 0.261918 , 0.310108 , 0.236351 , 0.377386 , 1.23581 , 1.16697 , 0.558259 , 0.172035 , 0.145737 , 1.04436 , 0.368908 , 0.270556 , 0.342033 , 0.163935 , 0.317531 , 0.281382 , 0.326914 , 0.75146 , 0.417342 , 0.489641 , 0.571119 , 0.329427 , 0.294181 , 0.668669 , 0.61 , 0.734554 , 0.352154 , 0.651844 , 0.482587 , 0.517176 , 0.307661 , 0.725627 , 0.505552 , 0.318274 , 0.248864 , 0.967952 , 0.363271 , 0.484776 , 0.175152 , 0.4584 , 0.145701 , 0.330133 , 0.575658 , 0.412098 , 1.34657 , 0.575475 , 1.24134 , 0.617649 , 0.260742 , 0.257664 , 1.22877 , 0.587732 , 0.745483 , 0.0824222 , 0.196803 , 0.569631 , 0.486641 , 0.301101 , 0.307375 , 0.852277 , 0.368682 , 0.219547 , 0.683096 , 0.732564 , 0.336003 , 0.671225 , 0.221756 , 0.422347 , 0.629344 , 0.407638 , 0.304472 , 0.406125 , 0.914116 , 0.227203 , 0.429495 , 1.03734 , 0.317042 , 0.753439 , 0.396293 , 0.168981 , 0.310274 , 0.220539 , 0.616217 , 0.485458 , 0.536906 , 0.117751 , 1.26424 , 0.295316 , 0.899906 , 0.421881 , 0.712069 , 0.307717 , 0.213828 , 0.475511 , 0.175559 , 0.355187 , 0.15819 , 0.373782 , 0.16927 , 0.8684 , 0.174094 , 0.119429 , 1.07216 , 0.267879 , 0.891011 , 0.814935 , 1.11372 , 0.127681 , 0.395201 , 0.308801 , 0.795081 , 0.429134 , 0.420992 , 0.223273 , 0.33838 , 0.59614 , 0.369619 , 0.543995 , 0.877102 , 0.337799 , 0.3512 , 0.296634 , 1.94721 , 0.402094 , 0.222439 , 0.524621 , 0.62787 , 0.48602 , 0.252973 , 0.489838 , 0.55966 , 0.54278 , 0.218295 , 0.431277 , 0.205965 , 0.148201 , 0.370017 , 0.550893 , 0.397501 , 0.0973407 , 0.380782 , 0.5291 , 0.459609 , 0.373988 , 0.311784 , 0.373108 , 0.219445 , 1.29983 , 0.242919 , 0.152579 , 0.42225 , 1.41063 , 0.314655 , 0.383835 , 0.854753 , 0.371895 , 2.09817 , 0.833791 , 0.255992 , 0.55466 , 1.40073 , 0.42587 , 0.27224 , 0.420362 , 0.155552 , 0.382352 , 0.395305 , 0.267583 , 0.445879 , 0.257463 , 0.255749 , 0.458019 , 0.365426 , 0.225067 , 0.307402 , 0.522355 , 0.820439 , 0.532214 , 1.13219 , 0.539003 , 0.486348 , 0.311874 , 0.616629 , 0.383171 , 0.855296 , 0.109222 , 0.498885 , 0.254122 , 0.249004 , 0.93327 , 0.315324 , 0.506768 , 0.307565 , 0.24592 , 0.650833 , 0.422936 , 0.342154 , 0.172981 , 0.434726 , 0.448073 , 0.308311 , 0.403532 , 0.557232 , 0.721014 , 0.671741 , 0.368668 , 0.637481 , 0.788933 , 0.474259 , 0.36824 , 0.574329 , 0.125022 , 0.298515 , 0.432539 , 0.382739 , 0.0381015 , 0.521931 , 0.406919 , 0.563314 , 1.62073 , 0.208643 , 0.432823 , 0.359098 , 0.407825 , 0.379244 , 0.189611 , 0.677404 , 0.841477 , 0.487746 , 0.47803 , 0.837888 , 0.957247 , 0.35969 , 0.282069 , 0.414092 , 0.177177 , 0.390365 , 0.423395 , 0.739587 , 0.190419 , 0.5341 , 0.39055 , 0.363292 , 0.112451 , 0.3841 , 0.111986 , 0.511569 , 0.544167 , 0.965152 , 0.412919 , 0.225347 , 0.442584 , 0.484555 , 0.418411 , 0.223864 , 0.438367 , 0.880968 , 0.376626 , 0.345932 , 0.405282 , 0.432414 , 0.433124 , 1.5138 , 0.369093 , 0.445186 , 0.220139 , 0.352595 , 0.181249 , 0.499418 , 0.408498 , 0.446112 , 0.666106 , 0.514953 , 0.518878 , 0.632031 , 0.63937 , 0.257348 , 0.316074 , 1.62893 , 0.182847 , 0.327713 , 0.429496 , 0.485412 , 0.296336 , 0.871699 , 0.285301 , 0.332451 , 0.576084 , 0.359627 , 0.569445 , 1.53901 , 0.308455 , 0.645611 , 0.299745 , 0.345113 , 0.295385 , 0.630487 , 0.335427 , 0.253421 , 0.953889 , 0.388328 , 0.951818 , 0.208542 , 0.229852 , 0.453625 , 0.805982 , 0.211166 , 0.144305 , 0.51339 , 0.713968 , 0.360633 , 0.448444 , 0.242612 , 0.405721 , 0.364058 , 1.17841 , 0.522157 , 0.262622 , 0.278917 , 0.283935 , 0.30116 , 0.352834 , 0.525857 , 0.4087 , 0.956211 , 0.50884 , 1.56596 , 0.472016 , 0.260603 , 0.626842 , 0.512474 , 0.426946 , 0.137299 , 0.49302 , 0.225268 , 0.461678 , 0.690664 , 0.59799 , 0.231077 , 0.379993 , 0.477082 , 0.265298 , 0.480612 , 0.368597 , 0.340662 , 0.371465 , 0.443678 , 0.325261 , 0.501431 , 0.981105 , 0.3252 , 0.539154 , 0.204632 , 1.19231 , 0.38424 , 0.518066 , 0.410516 , 0.626782 , 0.703834 , 0.330732 , 0.280165 , 0.312206 , 1.94196 , 0.950368 , 0.0815006 , 0.495506 , 0.67029 , 0.0960396 , 0.789814 , 0.769412 , 0.456206 , 1.52122 , 0.668658 , 0.265234 , 0.0905224 , 0.438736 , 0.296826 , 0.214904 , 0.285438 , 0.147717 , 0.340918 , 0.172982 , 0.122952 , 0.146561 , 0.509917 , 0.348846 , 0.897126 , 0.173603 , 0.264034 , 0.437305 , 0.317118 , 0.329276 , 0.677922 , 0.38469 , 0.260367 , 0.35286 , 0.302377 , 0.468654 , 0.220698 , 0.297663 , 0.156373 , 0.229207 , 0.613227 , 0.365313 , 0.718166 , 1.17004 , 0.213082 , 0.395263 , 1.72682 , 0.375635 , 0.41034 , 0.864885 , 0.587388 , 0.320315 , 0.715126 , 1.59201 , 0.338758 , 1.18623 , 0.460567 , 0.366322 , 0.193879 , 0.43076 , 1.41192 , 0.412962 , 0.372707 , 0.591718 , 0.51047 , 0.546194 , 0.42503 , 0.461593 , 0.240842 , 3.63301 , 0.294099 , 0.33973 , 0.742358 , 0.633482 , 0.473538 , 0.27764 , 0.303706 , 0.174735 , 0.318036 , 0.353705 , 0.252825 , 0.285308 , 0.803596 , 0.438147 , 0.173272 , 0.460757 , 0.276648 , 0.571386 , 0.341539 , 0.617618 , 0.322147 , 0.391841 , 0.833727 , 1.46595 , 1.4441 , 0.693527 , 0.395863 , 0.194055 , 0.420534 , 0.501606 , 0.707292 , 0.476354 , 0.514895 , 0.641831 , 1.01651 , 0.70921 , 0.564815 , 0.694693 , 1.84328 , 0.266409 , 0.330117 , 0.708026 , 0.243539 , 0.576289 , 0.24074 , 0.129596 , 0.539319 , 0.428404 , 0.283134 , 0.334076 , 0.397901 , 0.308785 , 0.631926 , 0.762078 , 0.925944 , 0.269997 , 0.285485 , 0.221351 , 0.361339 , 0.305402 , 0.319816 , 0.592804 , 0.203039 , 0.361329 , 0.247007 , 0.665973 , 0.340293 , 0.506605 , 0.719667 , 0.274025 , 0.45164 , 0.597747 , 0.550664 , 0.464377 , 0.370102 , 0.754004 , 0.859367 , 0.178915 , 0.73375 , 0.362426 , 0.532214 , 0.317746 , 0.341266 , 0.613712 , 1.00022 , 0.231587 , 0.410859 , 0.434342 , 0.493285 , 0.659389 , 0.215449 , 0.489044 , 0.123368 , 0.181427 , 0.285163 , 0.385642 , 0.198335 , 0.280982 , 0.406756 , 0.409754 , 0.269904 , 0.471539 , 0.191506 , 0.461487 , 0.282648 , 0.88279 , 0.339443 , 0.584425 , 0.260655 , 0.698906 , 0.379786 , 0.982218 , 0.307556 , 0.755255 , 0.626381 , 1.03542 , 0.322025 , 0.542593 , 0.513292 , 1.38685 , 0.298615 , 0.386718 , 0.43376 , 0.36285 , 0.30843 , 0.41173 , 0.198469 , 0.895289 , 0.402531 , 1.04941 , 0.3843 , 0.296973 , 0.547268 , 0.355771 , 0.587641 , 0.383556 , 0.379873 , 0.390517 , 0.0749964 , 0.524673 , 0.167833 , 0.611871 , 0.514904 , 0.45148 , 0.322708 , 0.581247 , 0.273898 , 0.467157 , 0.430657 , 0.408551 , 0.287971 , 0.146701 , 1.5376 , 0.440288 , 0.479002 , 0.310903 , 0.363803 , 0.416018 , 0.455566 , 1.46672 , 0.536662 , 0.469215 , 0.772047 , 0.467003 , 0.451129 , 0.609065 , 0.201281 , 0.578753 , 0.508159 , 0.423719 , 0.583623 , 0.519597 , 0.462059 , 0.320157 , 0.532795 , 0.46961 , 0.252921 , 0.154033 , 0.743846 , 0.594871 , 1.11037 , 0.688919 , 0.387992 , 0.343882 , 0.27212 , 0.232131 , 0.324491 , 0.464858 , 0.337983 , 0.353846 , 0.38673 , 0.243462 , 0.464271 , 0.285381 , 0.351953 , 0.484048 , 0.272573 , 0.479905 , 0.24649 , 0.584224 , 0.295778 , 0.497665 , 0.371176 , 0.708498 , 0.318335 , 0.504738 , 0.137199 , 0.375257 , 0.402359 , 0.159701 , 0.38062 , 0.372254 , 0.20326 , 0.355698 , 0.424903 , 0.404829 , 0.317055 , 0.241375 , 0.33934 , 0.571047 , 0.499093 , 0.239261 , 0.647685 , 0.496202 , 0.996374 , 0.243812 , 0.358382 , 0.247774 , 0.38455 , 0.511542 , 1.91209 , 0.394031 , 0.606215 , 0.492065 , 0.591816 , 1.08045 , 0.24507 , 0.17561 , 0.786094 , 0.0425895 , 0.372214 , 0.402303 , 0.495287 , 1.47088 , 0.493697 , 0.584609 , 0.307726 , 0.938197 , 0.417581 , 0.248165 , 0.256251 , 0.210525 , 