var1=[0.0644175 , 0.280331 , 0.384476 , 0.2982 , 0.203989 , 0.21089 , 0.349328 , 0.213783 , 0.187317 , 0.374915 , 0.408826 , 0.283594 , 0.426834 , 0.329062 , 0.160567 , 0.243877 , 0.252343 , 0.415256 , 0.74995 , 0.241872 , 0.346312 , 0.171921 , 0.330493 , 0.146506 , 1.35632 , 0.564214 , 0.250055 , 0.292235 , 0.494851 , 0.285386 , 0.231285 , 0.326894 , 0.377122 , 0.327502 , 0.203407 , 0.20916 , 0.275148 , 0.272831 , 0.204691 , 0.272635 , 0.506489 , 0.176717 , 0.355849 , 0.156429 , 0.242257 , 0.164308 , 0.311426 , 0.251824 , 0.226182 , 0.169838 , 0.306077 , 0.201956 , 0.253211 , 0.270843 , 0.192006 , 0.261312 , 0.261994 , 0.256192 , 0.18962 , 0.180654 , 0.2293 , 0.157337 , 0.42369 , 0.166357 , 0.228138 , 0.300625 , 0.275776 , 0.58629 , 0.259664 , 0.211413 , 0.269591 , 0.219116 , 0.197083 , 0.218188 , 0.24754 , 0.342705 , 0.351362 , 0.0911683 , 0.163479 , 0.576955 , 0.521683 , 0.252866 , 0.350703 , 0.47027 , 0.217783 , 0.467835 , 0.269857 , 0.294196 , 0.421554 , 0.280715 , 0.306035 , 0.183487 , 0.214613 , 0.201554 , 0.247114 , 0.697526 , 0.303824 , 0.433746 , 0.158361 , 0.331854 , 0.195171 , 0.272232 , 0.412695 , 0.243238 , 0.42221 , 0.194491 , 0.475072 , 0.203266 , 0.275107 , 0.34662 , 0.578751 , 0.1453 , 0.288782 , 0.295418 , 0.216938 , 0.263055 , 0.261136 , 0.315495 , 0.319987 , 0.154183 , 0.109228 , 0.157714 , 0.247013 , 0.159425 , 0.123002 , 0.387308 , 0.28699 , 0.18793 , 0.160999 , 1.46111 , 0.268821 , 0.197402 , 0.163136 , 0.227674 , 0.513035 , 0.456427 , 0.201659 , 0.24556 , 0.314693 , 0.242859 , 0.396999 , 0.289541 , 0.205518 , 0.421578 , 0.169402 , 0.166419 , 0.195281 , 0.62383 , 0.261616 , 0.550389 , 0.218063 , 0.294344 , 0.488829 , 0.669093 , 0.154941 , 0.234827 , 0.236937 , 0.268692 , 0.173489 , 0.197091 , 0.390479 , 0.584194 , 0.31217 , 0.356919 , 0.273755 , 0.159443 , 0.181322 , 0.794959 , 0.144892 , 0.361324 , 0.479807 , 0.359824 , 0.280019 , 0.465797 , 0.218878 , 0.459637 , 0.241104 , 0.683936 , 0.23791 , 0.354933 , 0.577885 , 0.297231 , 0.648658 , 0.230351 , 0.112818 , 0.19316 , 0.293845 , 0.27091 , 0.25955 , 0.295358 , 0.224222 , 0.403599 , 0.646758 , 0.539497 , 0.354171 , 0.356683 , 0.268342 , 0.406463 , 0.459653 , 0.318485 , 0.209117 , 0.131053 , 0.114981 , 0.174337 , 0.17055 , 0.359376 , 0.483153 , 0.339703 , 0.219719 , 0.295191 , 0.476867 , 0.1745 , 0.489124 , 0.259215 , 0.207485 , 0.208893 , 0.187573 , 0.148666 , 0.261408 , 0.255671 , 0.167302 , 0.153475 , 0.229904 , 0.451913 , 0.324892 , 0.436096 , 0.989271 , 0.0854863 , 0.624015 , 0.531497 , 0.413555 , 0.293532 , 0.17932 , 0.410039 , 0.24424 , 0.223445 , 0.332937 , 0.298063 , 0.25428 , 0.121725 , 0.273741 , 0.564422 , 0.232081 , 0.327294 , 0.233025 , 0.202661 , 0.337727 , 0.629588 , 0.26306 , 0.234584 , 0.206629 , 0.358544 , 0.222095 , 0.247101 , 0.330206 , 0.258559 , 0.631768 , 0.38115 , 0.29524 , 0.375132 , 0.242342 , 0.190557 , 0.225669 , 0.186389 , 0.326977 , 0.145278 , 0.522746 , 0.602655 , 0.214069 , 0.308993 , 0.198192 , 0.20706 , 0.130921 , 0.235428 , 0.382008 , 0.365279 , 0.117828 , 0.291424 , 0.256115 , 0.41131 , 0.359341 , 0.116675 , 0.180759 , 0.225269 , 0.381087 , 0.292706 , 0.269118 , 0.345947 , 0.248896 , 0.186998 , 0.454167 , 0.166882 , 0.377277 , 0.232976 , 0.276624 , 0.287431 , 0.177603 , 0.156671 , 0.210782 , 0.312013 , 0.351862 , 0.319336 , 1.01433 , 0.204983 , 0.256389 , 0.116043 , 0.388836 , 0.418836 , 0.737426 , 0.178264 , 0.219844 , 0.188205 , 0.137053 , 0.384448 , 0.289427 , 0.18946 , 0.21505 , 0.221024 , 0.181944 , 0.215474 , 0.206238 , 0.29035 , 0.401097 , 0.374059 , 0.420316 , 0.638694 , 0.594358 , 0.14056 , 0.229303 , 0.282985 , 0.142187 , 0.200011 , 0.348435 , 0.125296 , 0.320439 , 0.131065 , 0.17629 , 0.101632 , 0.234352 , 0.33559 , 0.211208 , 0.1815 , 0.444154 , 0.368508 , 0.59319 , 0.254384 , 0.105216 , 0.2914 , 0.513486 , 0.310998 , 0.358821 , 0.0927668 , 0.315022 , 0.269114 , 0.325936 , 0.484273 , 0.203461 , 0.300771 , 0.252983 , 0.262297 , 0.156589 , 0.458661 , 0.390802 , 0.254026 , 0.673075 , 0.204173 , 0.338628 , 0.277147 , 0.392577 , 0.215627 , 0.341355 , 0.383299 , 0.188995 , 0.368227 , 0.349156 , 0.421392 , 0.144249 , 0.334305 , 0.216534 , 0.284249 , 0.232624 , 0.290591 , 0.276329 , 0.14531 , 0.311969 , 0.151437 , 0.163478 , 0.385043 , 0.117937 , 0.402742 , 0.223723 , 0.119263 , 0.49614 , 0.420063 , 0.471063 , 0.440949 , 0.367111 , 0.1821 , 0.492801 , 0.270976 , 0.364804 , 0.996191 , 0.322078 , 0.412228 , 0.418511 , 0.165676 , 0.376534 , 0.451265 , 0.415706 , 0.32771 , 0.278561 , 0.214624 , 0.0901967 , 0.576596 , 0.309699 , 0.278419 , 0.325147 , 0.246466 , 0.202673 , 0.172542 , 0.175179 , 0.357504 , 0.272527 , 0.38621 , 0.167394 , 0.313069 , 0.153876 , 0.266657 , 0.365917 , 0.258343 , 0.142955 , 0.172804 , 0.254492 , 0.203674 , 0.246512 , 0.198958 , 0.350553 , 0.193367 , 0.362788 , 0.180982 , 0.221724 , 0.330016 , 0.204953 , 0.214861 , 0.260349 , 0.259399 , 0.435585 , 0.287907 , 0.161534 , 0.132906 , 0.181708 , 0.33037 , 0.198516 , 0.159456 , 0.336451 , 0.523726 , 0.627581 , 0.173456 , 0.294672 , 0.270752 , 0.251449 , 0.223692 , 0.181972 , 0.17971 , 0.240103 , 0.212929 , 0.394677 , 0.0598635 , 0.212912 , 0.280231 , 0.334599 , 0.328935 , 0.290696 , 0.319403 , 0.199278 , 0.331956 , 0.22301 , 0.216611 , 0.145458 , 0.213285 , 0.283033 , 0.123621 , 0.159602 , 0.227887 , 0.132887 , 0.466616 , 0.251408 , 0.231979 , 0.175391 , 0.282726 , 0.314773 , 0.219697 , 0.303274 , 0.143616 , 0.362875 , 0.337437 , 0.286987 , 0.236049 , 0.199685 , 0.187061 , 0.197019 , 0.258631 , 0.180642 , 0.393835 , 0.428841 , 0.210952 , 0.265302 , 0.447295 , 0.318675 , 0.550236 , 0.155726 , 0.339229 , 0.276008 , 0.251038 , 0.259584 , 0.286377 , 0.250281 , 0.201529 , 0.343815 , 0.201357 , 0.437825 , 0.209764 , 0.239629 , 0.313928 , 0.531486 , 0.165566 , 0.285357 , 0.181117 , 0.334333 , 0.263141 , 0.155197 , 0.343505 , 0.337761 , 0.304124 , 0.853781 , 0.332243 , 0.258986 , 0.41221 , 0.254922 , 0.252225 , 0.160509 , 0.107093 , 0.151996 , 0.381613 , 0.161168 , 0.316621 , 0.137097 , 0.373614 , 0.321914 , 0.288538 , 0.245169 , 0.500671 , 0.239199 , 0.0904982 , 0.516849 , 0.512587 , 0.289192 , 0.230627 , 0.57296 , 0.364496 , 0.272116 , 0.160496 , 0.20123 , 0.199075 , 0.379911 , 0.211306 , 0.348408 , 0.397733 , 0.249637 , 0.322369 , 0.633052 , 0.208408 , 0.167033 , 0.317865 , 0.397033 , 0.464135 , 0.361356 , 0.229105 , 0.336984 , 0.371275 , 0.238737 , 0.225984 , 0.230832 , 0.438926 , 0.379412 , 0.0901248 , 0.420403 , 0.217499 , 0.233326 , 0.378408 , 0.159069 , 0.0818968 , 0.0743985 , 0.208116 , 0.351555 , 0.353345 , 0.130404 , 0.337364 , 0.380282 , 0.387604 , 0.172566 , 0.291242 , 0.206674 , 0.252432 , 0.543402 , 0.500633 , 0.213693 , 0.295945 , 0.277847 , 0.144578 , 0.513971 , 0.375834 , 0.303917 , 0.275422 , 0.282644 , 0.252838 , 0.276755 , 0.158645 , 0.458273 , 0.261834 , 0.356163 , 0.271855 , 0.39582 , 0.160176 , 0.127958 , 0.219771 , 0.256486 , 0.416879 , 0.10558 , 0.193962 , 0.253297 , 0.083576 , 0.323355 , 0.217609 , 0.238567 , 0.291995 , 0.163339 , 0.332931 , 0.341177 , 0.256593 , 0.427159 , 0.136141 , 0.644338 , 0.299073 , 0.482542 , 0.332465 , 0.243215 , 0.416347 , 0.267829 , 0.212172 , 0.236089 , 0.502478 , 0.245586 , 0.156528 , 0.286769 , 0.397491 , 0.588764 , 0.48075 , 0.323934 , 0.203635 , 0.453071 , 0.438062 , 0.404569 , 0.210231 , 0.383816 , 0.154446 , 0.315807 , 0.19611 , 0.183687 , 0.176053 , 0.266677 , 0.335776 , 0.294958 , 0.169036 , 0.343468 , 0.281007 , 0.339896 , 1.08328 , 0.644496 , 0.358174 , 0.137493 , 0.181742 , 0.231615 , 0.216887 , 0.160903 , 0.398063 , 0.198274 , 0.140511 , 0.466686 , 0.224264 , 0.217058 , 0.23939 , 0.207119 , 0.18206 , 0.39983 , 0.267816 , 0.233543 , 0.455335 , 0.153104 , 0.515327 , 0.173039 , 0.367534 , 0.383885 , 0.11116 , 0.157045 , 0.301194 , 0.244249 , 0.350772 , 0.417585 , 0.162667 , 0.38615 , 0.288075 , 0.359453 , 0.173698 , 0.350762 , 0.105663 , 0.189568 , 0.420301 , 0.353026 , 0.275375 , 0.243971 , 0.246723 , 0.255573 , 0.253466 , 0.315351 , 0.2742 , 0.535716 , 0.131691 , 0.180983 , 0.22053 , 0.291796 , 0.27621 , 