var1=[0.107444 , 0.25947 , 0.416848 , 0.296718 , 0.351915 , 0.258782 , 0.157758 , 0.239492 , 0.674884 , 0.082507 , 0.36726 , 0.40292 , 0.193672 , 0.352715 , 0.288258 , 0.233414 , 0.434223 , 0.257681 , 0.381827 , 0.28811 , 0.669067 , 0.189397 , 0.13067 , 0.214789 , 0.342016 , 0.334939 , 0.284389 , 0.222215 , 0.32037 , 0.150818 , 0.393459 , 0.31782 , 0.540324 , 0.310017 , 0.22739 , 0.42685 , 0.241191 , 0.213357 , 0.285828 , 0.348431 , 0.271538 , 0.401927 , 0.3959 , 0.119103 , 0.354374 , 0.119361 , 0.241982 , 0.630119 , 0.384191 , 0.0770478 , 0.563359 , 0.191934 , 0.36408 , 0.285046 , 0.274575 , 0.56465 , 0.198781 , 1.57711 , 0.173625 , 0.151356 , 0.406577 , 0.279108 , 0.376408 , 0.338337 , 0.468851 , 0.28904 , 0.394445 , 0.678324 , 0.16611 , 0.410006 , 0.194089 , 0.342526 , 0.34505 , 0.838121 , 0.51365 , 0.408994 , 0.21464 , 0.444211 , 0.214929 , 0.693901 , 0.332309 , 0.233343 , 0.264187 , 0.231343 , 2.08341 , 0.323146 , 0.51921 , 0.472323 , 0.215933 , 0.246324 , 0.342332 , 0.332866 , 0.250312 , 0.287238 , 0.200886 , 0.508198 , 0.272671 , 0.260814 , 0.362705 , 0.315723 , 0.290262 , 0.322768 , 0.481261 , 0.4875 , 1.27511 , 0.401639 , 0.520359 , 0.389592 , 0.258117 , 0.581492 , 0.391013 , 0.762449 , 0.384907 , 0.338349 , 0.402206 , 0.361249 , 0.201661 , 0.426731 , 0.475333 , 0.537327 , 0.226085 , 0.196128 , 0.350815 , 0.278902 , 0.267946 , 0.17208 , 0.198512 , 0.200951 , 0.197593 , 0.229608 , 0.264766 , 0.167072 , 0.339699 , 0.419327 , 0.959334 , 0.236521 , 0.202915 , 0.321422 , 0.287086 , 0.813071 , 0.0700165 , 0.604545 , 0.282029 , 0.218644 , 0.564388 , 0.636705 , 0.493672 , 0.239251 , 0.298674 , 0.241813 , 0.14891 , 0.645163 , 0.201172 , 0.375358 , 0.326954 , 0.154816 , 0.351178 , 0.0938249 , 0.407282 , 0.291588 , 0.540067 , 0.324545 , 0.673999 , 0.098339 , 0.380643 , 0.454678 , 0.544402 , 0.212888 , 0.559216 , 0.31631 , 0.244963 , 0.28845 , 0.387488 , 0.41273 , 0.372874 , 0.288613 , 0.228818 , 0.160068 , 0.624667 , 0.421172 , 0.266855 , 0.473629 , 0.261106 , 0.284172 , 0.168715 , 0.90027 , 0.147439 , 0.166315 , 0.228337 , 0.271742 , 0.244001 , 0.172527 , 0.470461 , 0.631812 , 0.283099 , 0.447648 , 0.203663 , 0.731831 , 0.0543134 , 0.310992 , 0.241959 , 0.398579 , 0.436087 , 0.315882 , 0.242462 , 0.212667 , 0.330265 , 0.210997 , 0.263134 , 0.329126 , 0.295431 , 0.177361 , 0.310773 , 0.286516 , 0.335557 , 0.569746 , 0.189384 , 0.396267 , 0.280238 , 0.264638 , 0.250555 , 0.14328 , 0.554883 , 0.256639 , 0.358927 , 0.37204 , 0.204284 , 0.17595 , 0.277747 , 1.3494 , 0.120075 , 0.525787 , 0.379483 , 0.178343 , 0.374331 , 0.24007 , 0.358875 , 0.834291 , 0.334401 , 0.165521 , 0.322846 , 0.391373 , 0.237035 , 0.209752 , 0.241283 , 0.364498 , 0.27102 , 0.525449 , 0.183609 , 0.51213 , 0.800708 , 0.193171 , 0.378547 , 0.261333 , 0.64156 , 0.282818 , 0.537266 , 0.268131 , 0.384949 , 0.421707 , 0.645565 , 0.179208 , 0.553337 , 0.141061 , 0.161608 , 0.333561 , 1.18444 , 0.536933 , 0.22158 , 0.37445 , 0.550339 , 0.463096 , 0.359175 , 0.307475 , 0.29741 , 0.399447 , 0.436232 , 0.499711 , 0.368384 , 0.25468 , 0.264283 , 0.464673 , 0.245962 , 0.300862 , 0.374262 , 0.162447 , 0.243143 , 0.404554 , 0.553437 , 0.205927 , 0.652091 , 0.413985 , 0.445733 , 0.440491 , 0.262526 , 0.312719 , 0.634788 , 0.303848 , 0.483836 , 0.428154 , 0.247372 , 1.04566 , 0.118373 , 0.265765 , 0.234748 , 0.450545 , 0.352917 , 0.283939 , 0.203417 , 0.271035 , 0.330184 , 0.529433 , 0.236577 , 0.267146 , 0.26897 , 0.228326 , 0.222365 , 0.343539 , 0.194922 , 0.245117 , 0.294917 , 0.42902 , 0.637342 , 0.349547 , 0.2621 , 0.298159 , 0.398222 , 0.37322 , 0.720764 , 0.416633 , 0.23611 , 0.287485 , 0.141414 , 0.360191 , 0.191856 , 0.346844 , 0.782009 , 0.256226 , 0.540675 , 0.662948 , 0.395413 , 0.45425 , 0.281137 , 0.220087 , 0.246813 , 0.132041 , 0.430559 , 0.294791 , 0.414733 , 0.518959 , 0.127859 , 0.585251 , 0.301779 , 0.122585 , 0.33407 , 0.243599 , 0.471486 , 0.239933 , 0.445511 , 0.675194 , 0.938022 , 0.379913 , 0.365103 , 0.291506 , 0.184718 , 0.218108 , 0.298858 , 0.468102 , 0.308284 , 2.02717 , 0.352682 , 0.265615 , 0.317544 , 0.313202 , 0.587795 , 0.637063 , 0.290329 , 0.283032 , 0.30046 , 0.239073 , 0.821731 , 0.266273 , 0.166707 , 0.192472 , 0.41479 , 0.467754 , 0.22354 , 0.309043 , 0.192228 , 0.436517 , 0.605596 , 0.422161 , 0.445413 , 0.231711 , 0.247745 , 0.612635 , 0.186114 , 0.208422 , 0.563882 , 0.401465 , 0.442246 , 0.157846 , 0.480444 , 0.406769 , 0.547064 , 0.283629 , 0.309276 , 0.342179 , 0.453517 , 0.345255 , 0.516133 , 0.206457 , 0.220125 , 0.26943 , 0.286587 , 0.281164 , 0.261281 , 0.560666 , 0.229148 , 0.250696 , 0.313808 , 0.173899 , 0.211001 , 0.197223 , 0.195047 , 0.391326 , 0.169089 , 0.212804 , 0.26317 , 1.09085 , 0.241305 , 0.320167 , 0.375383 , 1.05817 , 0.317861 , 0.252789 , 0.333901 , 0.324352 , 0.235574 , 0.599759 , 0.323509 , 0.39041 , 0.390883 , 0.801369 , 0.602425 , 0.19574 , 0.294889 , 0.458345 , 0.248934 , 0.411053 , 0.0986594 , 0.189016 , 0.587283 , 0.524761 , 0.762775 , 0.48067 , 0.218916 , 0.252058 , 0.176017 , 0.386452 , 0.542023 , 0.535737 , 0.410361 , 0.342476 , 0.260775 , 0.356891 , 0.409848 , 0.324702 , 0.230094 , 0.558703 , 0.181315 , 0.245868 , 0.055676 , 0.259217 , 0.177025 , 0.263425 , 0.35118 , 0.245076 , 0.398621 , 0.313277 , 0.351704 , 0.362538 , 0.137499 , 0.410672 , 0.267468 , 0.176158 , 0.306027 , 0.222182 , 1.24427 , 0.312543 , 0.480985 , 0.29321 , 0.34757 , 0.381619 , 0.321028 , 0.335061 , 0.137865 , 0.717337 , 0.362842 , 0.246608 , 0.258234 , 1.34809 , 0.41352 , 0.611381 , 0.358559 , 0.407306 , 0.291395 , 0.427918 , 0.856936 , 0.464893 , 0.127653 , 0.368838 , 0.291886 , 0.195713 , 0.233296 , 0.46654 , 0.401807 , 0.299663 , 0.369456 , 0.214788 , 0.348304 , 0.334498 , 0.209531 , 0.091189 , 0.261778 , 0.40635 , 0.426579 , 0.276826 , 0.217984 , 0.271233 , 0.819715 , 1.31384 , 0.231662 , 0.579578 , 0.451076 , 0.316809 , 0.31955 , 0.238651 , 0.362757 , 0.470116 , 0.309972 , 0.257398 , 0.326838 , 0.360762 , 0.661683 , 0.363041 , 0.302916 , 0.198972 , 0.270098 , 0.202917 , 0.340444 , 0.439075 , 0.490258 , 0.182262 , 0.786303 , 0.172422 , 0.202494 , 0.306519 , 0.473027 , 0.244169 , 0.245241 , 0.315051 , 0.493861 , 0.399561 , 0.357559 , 0.228138 , 0.300696 , 0.496435 , 0.185201 , 0.269676 , 0.380973 , 0.234392 , 0.260469 , 1.24426 , 0.859833 , 0.145786 , 0.317907 , 0.60848 , 0.14212 , 0.415412 , 0.749147 , 0.30465 , 0.527956 , 0.372703 , 0.0979919 , 0.199797 , 0.204936 , 0.270859 , 0.382649 , 0.391327 , 0.218681 , 0.596412 , 0.410847 , 0.392179 , 0.234239 , 0.397112 , 0.356547 , 0.424269 , 0.207478 , 0.459063 , 0.242141 , 0.447117 , 0.689822 , 0.33363 , 0.392024 , 0.339696 , 0.238639 , 0.280777 , 0.46927 , 0.174061 , 0.349036 , 0.754656 , 0.19754 , 0.274249 , 0.238126 , 0.281842 , 0.359877 , 0.541884 , 0.559439 , 0.189262 , 0.483092 , 0.183417 , 0.358429 , 0.174782 , 0.341593 , 0.228653 , 0.184541 , 0.669896 , 0.208092 , 0.165103 , 0.127782 , 0.403476 , 0.600363 , 0.517177 , 0.552506 , 0.196354 , 0.430738 , 0.231725 , 0.295821 , 0.509538 , 0.593117 , 0.217355 , 0.328561 , 0.392031 , 0.610802 , 0.243985 , 0.0292893 , 0.266796 , 0.216259 , 0.689121 , 0.8163 , 0.444917 , 0.275535 , 0.18075 , 0.14453 , 0.511603 , 0.17678 , 0.170548 , 0.333345 , 0.429829 , 0.257897 , 0.144811 , 0.411797 , 0.325194 , 0.252438 , 0.780171 , 0.223556 , 0.247192 , 0.421528 , 0.445608 , 0.23112 , 0.334344 , 0.184044 , 0.104285 , 0.30066 , 0.383498 , 0.369815 , 0.572822 , 0.361261 , 0.157405 , 0.429168 , 0.398127 , 0.182417 , 0.279774 , 0.660781 , 0.309856 , 0.266175 , 0.0939869 , 0.737555 , 0.360908 , 0.332327 , 0.268675 , 0.35867 , 0.242683 , 0.610863 , 0.371202 , 0.226184 , 0.618756 , 0.365888 , 0.337369 , 0.124573 , 0.370091 , 0.380747 , 0.360096 , 0.288939 , 0.555172 , 0.240116 , 0.354129 , 0.402417 , 0.977889 , 0.348385 , 0.308913 , 0.224936 , 0.301092 , 0.677933 , 0.474017 , 0.375508 , 0.993966 , 0.500996 , 0.262658 , 0.176184 , 0.282151 , 0.169943 , 0.665861 , 0.356829 , 0.367742 , 0.320662 , 0.20706 , 0.682999 , 0.229925 , 0.331836 , 0.246392 , 0.665987 , 0.255493 , 