var1=[0.174894 , 0.161692 , 0.196098 , 0.0852312 , 0.208832 , 0.0985502 , 0.12772 , 0.231131 , 0.158996 , 0.30968 , 0.0711328 , 0.190163 , 0.1959 , 0.078222 , 0.10517 , 0.0865451 , 0.127846 , 0.200552 , 0.160711 , 0.197823 , 0.111792 , 0.174464 , 0.0561631 , 0.152084 , 0.292583 , 0.156714 , 0.103623 , 0.141376 , 0.137923 , 0.159993 , 0.255183 , 0.131223 , 0.131124 , 0.0983636 , 0.18971 , 0.218082 , 0.179689 , 0.203737 , 0.193324 , 0.197275 , 0.220408 , 0.0608819 , 0.339646 , 0.191707 , 0.200249 , 0.231468 , 0.247235 , 0.186296 , 0.22927 , 0.211878 , 0.185062 , 0.13317 , 0.166347 , 0.145204 , 0.122619 , 0.129081 , 0.185715 , 0.346316 , 0.164271 , 0.0705061 , 0.197146 , 0.292875 , 0.0798269 , 0.224058 , 0.219155 , 0.262011 , 0.317652 , 0.207872 , 0.137982 , 0.212229 , 0.25364 , 0.0821055 , 0.345011 , 0.149526 , 0.161385 , 0.188135 , 0.355713 , 0.248319 , 0.186286 , 0.218503 , 0.172302 , 0.333831 , 0.130936 , 0.0912938 , 0.366945 , 0.147464 , 0.188031 , 0.185458 , 0.30421 , 0.177292 , 0.137018 , 0.0960568 , 0.112028 , 0.168343 , 0.132881 , 0.215456 , 0.143739 , 0.183339 , 0.0942834 , 0.12967 , 0.109162 , 0.131693 , 0.211679 , 0.158854 , 0.400808 , 0.306622 , 0.138642 , 0.142613 , 0.246172 , 0.268069 , 0.185168 , 0.302479 , 0.156249 , 0.275207 , 0.17344 , 0.199753 , 0.139342 , 0.219366 , 0.133796 , 0.132938 , 0.219638 , 0.215454 , 0.0943052 , 0.23925 , 0.158537 , 0.210055 , 0.156978 , 0.276108 , 0.140221 , 0.182972 , 0.194221 , 0.0934479 , 0.120169 , 0.0787835 , 0.234682 , 0.340487 , 0.225389 , 0.215852 , 0.216628 , 0.107979 , 0.128462 , 0.134893 , 0.226915 , 0.17945 , 0.16209 , 0.158727 , 0.41141 , 0.214484 , 0.204035 , 0.182674 , 0.151615 , 0.305619 , 0.19549 , 0.153777 , 0.268918 , 0.275256 , 0.276966 , 0.105342 , 0.117676 , 0.186522 , 0.108322 , 0.227438 , 0.166258 , 0.0985377 , 0.264912 , 0.14752 , 0.167963 , 0.216344 , 0.104044 , 0.0741514 , 0.110797 , 0.239447 , 0.133746 , 0.267659 , 0.0945567 , 0.129461 , 0.178616 , 0.188606 , 0.15951 , 0.367809 , 0.206719 , 0.198229 , 0.305789 , 0.160395 , 0.106337 , 0.20266 , 0.161906 , 0.34341 , 0.187197 , 0.207123 , 0.35238 , 0.1956 , 0.213058 , 0.300484 , 0.103478 , 0.155276 , 0.173351 , 0.136379 , 0.207071 , 0.2578 , 0.180928 , 0.138983 , 0.29643 , 0.129307 , 0.128625 , 0.118818 , 0.313942 , 0.154773 , 0.149926 , 0.143357 , 0.24113 , 0.132917 , 0.216018 , 0.159804 , 0.221035 , 0.195575 , 0.137513 , 0.107024 , 0.165156 , 0.197301 , 0.0648616 , 0.251403 , 0.206879 , 0.23409 , 0.178637 , 0.18757 , 0.106349 , 0.266424 , 0.113911 , 0.147628 , 0.498371 , 0.145763 , 0.132972 , 0.26706 , 0.13011 , 0.185202 , 0.214719 , 0.155145 , 0.0638462 , 0.0998287 , 0.193876 , 0.222644 , 0.10894 , 0.150633 , 0.0913308 , 0.149485 , 0.143891 , 0.120005 , 0.236915 , 0.146821 , 0.123596 , 0.107815 , 0.133908 , 0.192023 , 0.142313 , 0.207901 , 0.215831 , 0.130321 , 0.232038 , 0.131061 , 0.181102 , 0.112912 , 0.168054 , 0.246338 , 0.127768 , 0.114167 , 0.200788 , 0.118058 , 0.130847 , 0.121955 , 0.11032 , 0.138655 , 0.0955785 , 0.109596 , 0.233965 , 0.129244 , 0.108978 , 0.203798 , 0.203714 , 0.170428 , 0.224026 , 0.256536 , 0.151927 , 0.171094 , 0.416396 , 0.0884302 , 0.151453 , 0.25008 , 0.0918599 , 0.242167 , 0.115416 , 0.1384 , 0.136076 , 0.221411 , 0.166855 , 0.227255 , 0.151406 , 0.177485 , 0.218536 , 0.0819673 , 0.247524 , 0.304271 , 0.136946 , 0.0988213 , 0.0682872 , 0.0958006 , 0.176079 , 0.276017 , 0.166829 , 0.182846 , 0.162713 , 0.187332 , 0.207316 , 0.15884 , 0.183937 , 0.212609 , 0.147108 , 0.0700564 , 0.184365 , 0.154833 , 0.0875358 , 0.205461 , 0.219221 , 0.153286 , 0.179765 , 0.157363 , 0.193852 , 0.144368 , 0.10814 , 0.25112 , 0.0579058 , 0.190797 , 0.194596 , 0.0689482 , 0.146624 , 0.088318 , 0.209689 , 0.0837955 , 0.170639 , 0.179225 , 0.155571 , 0.16389 , 0.1444 , 0.322017 , 0.0990252 , 0.0983184 , 0.155522 , 0.127617 , 0.287165 , 0.120693 , 0.186884 , 0.0877439 , 0.110408 , 0.138406 , 0.115244 , 0.100982 , 0.142407 , 0.175604 , 0.569702 , 0.13099 , 0.302463 , 0.148671 , 0.314791 , 0.156514 , 0.280469 , 0.170805 , 0.195998 , 0.241674 , 0.206386 , 0.101153 , 0.164871 , 0.151366 , 0.193391 , 0.0594333 , 0.082587 , 0.0776927 , 0.132001 , 0.120856 , 0.155738 , 0.114223 , 0.255814 , 0.111447 , 0.32576 , 0.185593 , 0.142157 , 0.0915049 , 0.213119 , 0.144783 , 0.189579 , 0.12482 , 0.235576 , 0.0881735 , 0.260038 , 0.0946827 , 0.1719 , 0.146357 , 0.229813 , 0.134466 , 0.113696 , 0.161591 , 0.121614 , 0.106552 , 0.151003 , 0.226236 , 0.208478 , 0.251307 , 0.133427 , 0.415734 , 0.10652 , 0.553039 , 0.143065 , 0.0935855 , 0.157229 , 0.16569 , 0.137788 , 0.226896 , 0.152137 , 0.129988 , 0.0543714 , 0.175194 , 0.128033 , 0.111983 , 0.556381 , 0.222936 , 0.234708 , 0.23074 , 0.135687 , 0.190659 , 0.0970966 , 0.311403 , 0.192367 , 0.106948 , 0.295101 , 0.223769 , 0.1047 , 0.114641 , 0.0976937 , 0.117978 , 0.0936705 , 0.362159 , 0.11524 , 0.323195 , 0.263451 , 0.165761 , 0.119584 , 0.184714 , 0.153528 , 0.163351 , 0.387198 , 0.165368 , 0.0899919 , 0.24912 , 0.19082 , 0.162116 , 0.212705 , 0.150064 , 0.19602 , 0.295122 , 0.196523 , 0.384023 , 0.185324 , 0.117232 , 0.106302 , 0.22563 , 0.318756 , 0.194 , 0.109364 , 0.100604 , 0.0982825 , 0.28632 , 0.16366 , 0.141626 , 0.273493 , 0.173576 , 0.226344 , 0.143482 , 0.102796 , 0.224242 , 0.250116 , 0.192737 , 0.2735 , 0.14281 , 0.105386 , 0.117736 , 0.203548 , 0.130843 , 0.257583 , 0.116128 , 0.210987 , 0.149281 , 0.105027 , 0.105558 , 0.264185 , 0.126808 , 0.144753 , 0.104583 , 0.116621 , 0.152981 , 0.281625 , 0.114646 , 0.207215 , 0.147651 , 0.173945 , 0.161237 , 0.103498 , 0.0981636 , 0.129977 , 0.17797 , 0.126936 , 0.526916 , 0.344758 , 0.23179 , 0.13049 , 0.127216 , 0.130004 , 0.111776 , 0.11892 , 0.135137 , 0.0896016 , 0.170172 , 0.190551 , 0.21408 , 0.134052 , 0.243932 , 0.146308 , 0.109368 , 0.114645 , 0.0793291 , 0.158967 , 0.167611 , 0.1951 , 0.333948 , 0.161548 , 0.1635 , 0.280515 , 0.196884 , 0.178413 , 0.203522 , 0.164143 , 0.148975 , 0.261267 , 0.187635 , 0.23454 , 0.170385 , 0.100864 , 0.409172 , 0.0699514 , 0.15708 , 0.279834 , 0.132572 , 0.123433 , 0.241398 , 0.181579 , 0.146137 , 0.235378 , 0.151755 , 0.219591 , 0.173773 , 0.218979 , 0.276749 , 0.107025 , 0.191668 , 0.186746 , 0.0970556 , 0.21442 , 0.152657 , 0.307233 , 0.138945 , 0.139653 , 0.438768 , 0.129656 , 0.209557 , 0.129815 , 0.232158 , 0.30947 , 0.0619312 , 0.298413 , 0.203582 , 0.0981682 , 0.185865 , 0.148236 , 0.108371 , 0.297819 , 0.150459 , 0.207097 , 0.105329 , 0.0830943 , 0.243403 , 0.188414 , 0.253767 , 0.153094 , 0.168007 , 0.132468 , 0.517842 , 0.125737 , 0.149872 , 0.164268 , 0.293964 , 0.183718 , 0.106809 , 0.155215 , 0.18895 , 0.326055 , 0.308112 , 0.15112 , 0.281846 , 0.26684 , 0.305149 , 0.0980832 , 0.0821056 , 0.250111 , 0.154629 , 0.0911554 , 0.363172 , 0.125279 , 0.316459 , 0.167062 , 0.125149 , 0.164082 , 0.143613 , 0.229923 , 0.158092 , 0.269137 , 0.232156 , 0.135766 , 0.127664 , 0.173917 , 0.184628 , 0.141772 , 0.275109 , 0.187761 , 0.153975 , 0.343442 , 0.0862375 , 0.161311 , 0.132143 , 0.218844 , 0.29437 , 0.0945924 , 0.268088 , 0.0620755 , 0.254815 , 0.142426 , 0.148295 , 0.060031 , 0.10084 , 0.190279 , 0.133986 , 0.0844471 , 0.159122 , 0.224108 , 0.210402 , 0.260518 , 0.185535 , 0.154539 , 0.303361 , 0.204044 , 0.209178 , 0.10618 , 0.190581 , 0.141773 , 0.137662 , 0.11349 , 0.251349 , 0.130255 , 0.115056 , 0.447048 , 0.131091 , 0.133337 , 0.239801 , 0.0941498 , 0.21695 , 0.123057 , 0.159215 , 0.161253 , 0.311316 , 0.152652 , 0.150911 , 0.339686 , 0.259986 , 0.141293 , 0.11556 , 0.222574 , 0.173601 , 0.206046 , 0.274164 , 0.197684 , 0.12456 , 0.129585 , 0.162181 , 0.297863 , 0.359658 , 0.148619 , 0.13262 , 0.28372 , 0.0695405 , 0.230725 , 0.0631167 , 0.125565 , 0.125768 , 0.302448 , 0.135964 , 0.465508 , 0.100288 , 0.208939 , 0.208276 , 0.168027 , 0.11169 , 0.115898 , 0.293968 , 0.150575 , 0.191483 , 0.220551 , 0.0719815 , 0.161128 , 0.199251 , 0.124683 , 0.124142 , 0.143552 , 0.220943 , 0.145466 , 0.194951 , 0.121719 , 0.103947 , 0.164781 , 0.107132 , 0.141897 , 0.117216 , 0.204675 