var1=[0.195936 , 0.16425 , 0.229101 , 0.478869 , 0.289786 , 0.162498 , 0.65795 , 0.376172 , 0.227778 , 0.61472 , 0.270731 , 0.163277 , 0.419581 , 1.74544 , 0.100014 , 0.660083 , 0.510256 , 0.159206 , 0.735264 , 0.220188 , 0.430676 , 0.39996 , 0.507893 , 0.234151 , 0.198432 , 0.362243 , 0.365281 , 0.3653 , 0.23434 , 0.3624 , 0.446747 , 0.486744 , 0.519527 , 0.377597 , 0.356646 , 0.255551 , 0.262488 , 0.34055 , 0.0371526 , 0.450135 , 0.174279 , 0.219811 , 0.392421 , 0.29291 , 0.415282 , 0.274516 , 0.40444 , 0.316638 , 0.405289 , 0.420253 , 0.226591 , 0.845273 , 0.698881 , 0.369704 , 0.228774 , 0.211066 , 0.301694 , 0.504309 , 0.385557 , 0.11297 , 0.446204 , 0.657432 , 0.313092 , 0.337533 , 0.125892 , 0.633608 , 0.262386 , 0.785856 , 0.192621 , 0.473862 , 0.460221 , 0.459707 , 0.700109 , 0.362187 , 0.150629 , 0.166958 , 0.450997 , 0.527321 , 0.571189 , 2.31246 , 0.850113 , 0.370751 , 0.379158 , 0.551749 , 0.48599 , 0.338002 , 0.22303 , 0.117352 , 0.586737 , 0.282853 , 0.290297 , 0.209551 , 0.109744 , 0.245446 , 1.09712 , 0.432044 , 0.921921 , 0.243161 , 0.398587 , 0.301825 , 0.080024 , 0.282222 , 0.185199 , 0.774178 , 0.471406 , 0.474127 , 0.739225 , 0.793682 , 0.307908 , 0.219882 , 0.201046 , 0.508301 , 0.345908 , 0.18176 , 0.360828 , 0.160716 , 0.381164 , 0.669107 , 0.310403 , 0.852256 , 0.156533 , 0.175951 , 0.518342 , 0.286915 , 0.362491 , 0.507583 , 0.47845 , 0.192889 , 0.168619 , 0.709398 , 0.334337 , 0.146424 , 0.179536 , 0.239799 , 0.385534 , 0.171704 , 0.276634 , 1.01586 , 0.0880012 , 0.688553 , 0.32713 , 0.147079 , 0.477029 , 0.5621 , 0.556615 , 0.433428 , 0.465968 , 0.495176 , 0.267389 , 0.446746 , 0.625972 , 0.351374 , 0.320108 , 0.225633 , 0.278612 , 0.524304 , 0.594449 , 0.357376 , 0.470847 , 0.699017 , 0.530921 , 0.398999 , 0.314479 , 0.375924 , 1.06554 , 0.133344 , 0.866368 , 0.259283 , 0.24715 , 0.369259 , 0.317492 , 0.390019 , 0.914681 , 0.85422 , 0.360382 , 0.448741 , 0.886802 , 0.499964 , 0.259157 , 1.12229 , 0.347624 , 0.287062 , 0.248598 , 0.939093 , 0.155521 , 0.690445 , 0.503875 , 1.50101 , 0.505035 , 0.373497 , 2.37343 , 0.357191 , 0.495863 , 0.295424 , 0.600183 , 0.17642 , 0.270025 , 1.27665 , 0.540579 , 0.229543 , 0.181567 , 0.423131 , 0.283732 , 0.442156 , 0.285635 , 0.394908 , 0.290731 , 0.205518 , 0.618692 , 0.456893 , 0.350827 , 0.502329 , 0.261613 , 0.2558 , 0.178821 , 0.353008 , 0.263712 , 0.541012 , 0.313634 , 0.182335 , 0.718404 , 0.325885 , 0.612681 , 0.319282 , 0.455735 , 0.391032 , 0.179973 , 0.829476 , 0.296188 , 0.536298 , 0.461988 , 0.163168 , 0.304095 , 0.529334 , 0.269049 , 0.610677 , 0.373761 , 0.346974 , 0.21641 , 1.2345 , 0.420434 , 1.14286 , 0.248982 , 0.213732 , 0.961078 , 0.356008 , 0.30551 , 0.353174 , 0.352812 , 0.411364 , 0.481054 , 0.418645 , 0.214694 , 0.318002 , 0.254723 , 0.352093 , 0.381428 , 0.236573 , 0.486771 , 0.134165 , 0.27702 , 1.87675 , 0.728832 , 0.291928 , 0.326856 , 0.329109 , 0.276865 , 0.433715 , 0.363988 , 0.235862 , 1.10773 , 0.339349 , 0.363816 , 0.406671 , 0.388621 , 1.07133 , 0.144368 , 0.585471 , 0.394506 , 0.521866 , 0.25128 , 0.215532 , 0.195842 , 0.339512 , 0.370017 , 0.274586 , 0.314871 , 0.255772 , 0.368171 , 0.776547 , 0.14623 , 0.307446 , 0.249483 , 0.323484 , 0.235663 , 0.249877 , 0.336861 , 0.319464 , 0.198308 , 0.232495 , 0.737202 , 1.15989 , 1.26299 , 0.227736 , 0.25534 , 0.312012 , 0.483407 , 0.32355 , 0.218189 , 0.332631 , 0.313554 , 0.344878 , 0.739209 , 0.210993 , 0.28988 , 0.205637 , 0.39355 , 0.313551 , 0.417996 , 0.437769 , 0.537037 , 0.331621 , 0.26663 , 0.448027 , 0.177934 , 0.437806 , 0.3777 , 0.160841 , 0.246241 , 0.285496 , 0.271012 , 0.330494 , 0.263474 , 0.32563 , 0.159003 , 0.197197 , 0.228453 , 0.284224 , 0.435749 , 0.210531 , 0.586625 , 0.658765 , 0.168803 , 0.178461 , 0.576998 , 0.669902 , 0.145463 , 0.502681 , 0.249001 , 0.28566 , 0.50871 , 0.497287 , 0.156499 , 0.254339 , 0.270684 , 0.245198 , 0.635232 , 0.0979128 , 0.824241 , 0.580699 , 0.240575 , 0.406409 , 0.412888 , 0.502928 , 0.486448 , 0.315233 , 0.864165 , 0.286937 , 0.294553 , 0.426137 , 1.15241 , 0.49975 , 0.609038 , 0.389343 , 0.417181 , 0.212859 , 0.407862 , 0.405253 , 0.180225 , 0.328488 , 0.271049 , 0.376794 , 0.496979 , 0.243796 , 0.253018 , 0.172909 , 0.844537 , 0.663147 , 0.239122 , 0.348781 , 0.423231 , 0.310107 , 0.314101 , 0.194127 , 0.294071 , 0.506827 , 0.12334 , 0.195638 , 1.04156 , 0.35209 , 0.279623 , 0.256761 , 0.442023 , 0.212717 , 0.792322 , 0.444412 , 0.275051 , 0.298162 , 0.433195 , 0.381983 , 0.640683 , 0.249072 , 0.299652 , 0.475787 , 0.258983 , 0.143639 , 0.215831 , 0.511884 , 0.302145 , 0.186598 , 0.417773 , 1.0756 , 0.758094 , 0.490412 , 0.0945389 , 1.70413 , 0.284492 , 0.0962776 , 0.16832 , 0.47567 , 0.17944 , 0.263268 , 0.534099 , 0.487548 , 0.336554 , 0.366231 , 0.66331 , 0.136153 , 0.302058 , 0.52531 , 0.211205 , 0.185364 , 0.229898 , 0.470028 , 0.466284 , 0.348666 , 0.331712 , 0.909435 , 1.32176 , 0.153167 , 0.33147 , 0.306576 , 0.247522 , 0.489004 , 0.549603 , 0.201963 , 0.318105 , 0.433024 , 0.253433 , 0.456015 , 0.493813 , 0.50948 , 0.0931801 , 0.206194 , 0.28099 , 0.669296 , 0.933887 , 0.260161 , 0.32319 , 0.886957 , 1.45549 , 0.317974 , 0.337967 , 2.62674 , 1.21174 , 0.376999 , 0.36827 , 0.0823649 , 0.563982 , 0.234533 , 0.545389 , 0.144276 , 0.139342 , 0.269042 , 0.298722 , 0.469686 , 0.299637 , 0.356397 , 0.232459 , 0.541423 , 0.409136 , 0.367347 , 0.411584 , 0.478394 , 0.449855 , 0.154375 , 0.188346 , 0.388744 , 0.407088 , 1.09901 , 0.350281 , 0.308827 , 0.589014 , 0.200236 , 0.863763 , 0.21743 , 0.364918 , 0.196666 , 0.460152 , 0.396399 , 0.0803603 , 0.510094 , 0.414715 , 0.709493 , 0.209744 , 0.178483 , 0.209171 , 0.428405 , 0.188434 , 0.253852 , 0.268509 , 0.217673 , 0.325453 , 0.312639 , 0.441612 , 0.437108 , 0.311624 , 0.186737 , 0.321765 , 0.639037 , 1.08611 , 0.400196 , 0.298527 , 0.33739 , 0.191248 , 0.734971 , 0.36812 , 0.41709 , 1.34194 , 0.953617 , 0.381624 , 0.314116 , 0.597111 , 0.478763 , 0.238395 , 0.363402 , 0.697844 , 0.429163 , 1.80589 , 0.784697 , 0.397578 , 0.229015 , 0.625199 , 0.180869 , 1.27996 , 0.582373 , 0.502119 , 0.697464 , 0.484233 , 0.21559 , 0.272742 , 0.170485 , 0.491867 , 0.19084 , 0.40641 , 0.486683 , 0.330386 , 0.353639 , 0.242893 , 0.242872 , 0.205854 , 0.157885 , 0.133459 , 0.52691 , 2.54234 , 0.0674998 , 0.699404 , 0.695793 , 0.515112 , 0.288741 , 0.275852 , 0.490979 , 0.302544 , 0.417349 , 0.417591 , 0.284297 , 1.01616 , 0.241916 , 1.47156 , 0.609329 , 0.26039 , 0.408614 , 0.320541 , 0.31362 , 0.241866 , 0.440296 , 0.259775 , 0.659157 , 0.321141 , 0.0358818 , 0.323106 , 0.515341 , 0.360876 , 0.130606 , 0.486847 , 0.265103 , 0.158754 , 0.384098 , 0.704722 , 0.206629 , 1.27896 , 0.249347 , 0.320795 , 0.679694 , 0.448803 , 1.16186 , 0.269675 , 0.350113 , 0.453255 , 0.374279 , 0.390104 , 0.243875 , 0.388535 , 0.549535 , 0.375507 , 0.925926 , 0.472709 , 0.388684 , 0.576214 , 0.455263 , 0.228086 , 0.0680996 , 0.13788 , 0.591757 , 0.977967 , 0.431435 , 0.44841 , 0.369636 , 0.371616 , 0.483202 , 0.425137 , 0.456233 , 0.828635 , 0.150995 , 0.409806 , 0.363667 , 0.248408 , 0.913825 , 0.317683 , 0.461541 , 0.796839 , 0.497349 , 0.314458 , 0.502845 , 0.335186 , 0.9221 , 0.449033 , 0.362815 , 0.480122 , 0.2875 , 0.313948 , 0.294897 , 0.364305 , 0.187492 , 0.231689 , 0.278518 , 0.5651 , 0.161062 , 0.221904 , 0.3733 , 0.333472 , 0.417242 , 0.279109 , 0.378727 , 0.29341 , 0.157035 , 0.554089 , 0.332501 , 0.548277 , 0.408714 , 0.216023 , 0.281238 , 0.511842 , 0.541439 , 0.239042 , 1.19282 , 0.224748 , 0.224334 , 0.746473 , 0.580423 , 0.376816 , 0.450606 , 0.226101 , 0.0779768 , 0.19414 , 0.718741 , 0.463107 , 0.220538 , 0.394429 , 0.214333 , 0.238747 , 0.585962 , 0.204663 , 0.20544 , 0.423753 , 0.200798 , 1.45471 , 0.653934 , 0.321501 , 0.859624 , 0.682641 , 0.31338 , 0.778639 , 0.109124 , 0.438983 , 0.193202 , 0.327758 , 0.281878 , 0.81248 , 0.456497 , 0.235207 , 0.279254 , 0.285851 , 0.277401 , 0.167325 , 1.92832 , 0.479324 , 0.327702 , 0.334579 , 0.322857 , 0.225971 , 0.475011 , 0.740181 , 0.139426 , 0.381621 , 0.216425 , 