var1=[0.302712 , 0.283066 , 0.333683 , 0.298068 , 0.172696 , 0.633123 , 0.360359 , 0.133312 , 0.717009 , 2.30236 , 0.334393 , 1.15002 , 0.904002 , 0.234035 , 0.0527328 , 0.242501 , 0.39269 , 0.928038 , 0.364745 , 0.401262 , 0.285955 , 0.1317 , 0.328076 , 0.730733 , 0.841309 , 0.575191 , 0.478446 , 0.379295 , 0.794152 , 0.130492 , 1.08014 , 0.535431 , 0.185618 , 0.263928 , 0.431392 , 0.378045 , 0.456399 , 0.805776 , 0.229086 , 0.32888 , 0.650929 , 0.210603 , 0.536253 , 0.163015 , 0.591968 , 0.356607 , 1.14351 , 0.428586 , 0.195166 , 0.311456 , 0.416634 , 0.344734 , 0.420735 , 0.376571 , 0.101831 , 0.345412 , 0.233012 , 0.17439 , 0.660991 , 0.275554 , 0.815755 , 0.576568 , 0.386305 , 0.333897 , 0.512514 , 0.511691 , 0.379641 , 0.641779 , 0.231856 , 0.56206 , 0.405954 , 0.383119 , 0.756854 , 0.24443 , 0.324764 , 0.307406 , 0.270341 , 1.17749 , 0.581452 , 1.85753 , 0.230068 , 0.444874 , 0.910518 , 0.350294 , 2.25449 , 0.659969 , 0.760964 , 0.491135 , 0.330391 , 1.17929 , 0.261644 , 0.346057 , 0.427833 , 0.412511 , 0.180379 , 0.242474 , 0.27279 , 0.438041 , 0.305296 , 0.746333 , 0.213181 , 0.266821 , 0.32735 , 1.81641 , 0.338603 , 0.461836 , 0.658827 , 0.564948 , 0.734985 , 0.417759 , 0.1607 , 0.587063 , 0.225504 , 0.904664 , 0.339229 , 0.685403 , 0.216229 , 0.265892 , 0.506627 , 0.145804 , 0.711835 , 0.308532 , 0.256143 , 0.267316 , 0.353759 , 0.368602 , 0.374394 , 0.472906 , 0.0929435 , 0.4288 , 0.381182 , 0.361559 , 0.419297 , 0.362691 , 0.680817 , 0.350988 , 0.361268 , 0.345173 , 0.275916 , 0.864962 , 1.43468 , 0.316628 , 0.225599 , 0.498777 , 0.340222 , 0.548713 , 0.292712 , 0.441471 , 0.444145 , 0.516468 , 0.221501 , 0.769634 , 0.255267 , 0.597457 , 0.329865 , 0.273373 , 0.431586 , 0.275798 , 0.206722 , 0.439511 , 0.328 , 0.326568 , 0.523164 , 0.39495 , 0.377013 , 0.943097 , 0.419103 , 0.18636 , 0.312129 , 0.44221 , 0.629866 , 0.158064 , 0.68407 , 0.205806 , 0.406846 , 0.391807 , 0.671364 , 0.315641 , 0.399843 , 0.440468 , 0.570075 , 0.565038 , 0.335392 , 0.454129 , 0.30122 , 0.331733 , 0.235173 , 0.1146 , 0.925274 , 0.273635 , 0.506878 , 0.566741 , 0.327219 , 0.4147 , 0.200663 , 0.237524 , 0.476075 , 0.437685 , 0.368459 , 0.251169 , 0.278685 , 0.590202 , 0.212609 , 1.05919 , 0.496839 , 0.448575 , 0.518295 , 0.328926 , 0.478694 , 0.183151 , 0.819532 , 1.07429 , 0.412051 , 0.228321 , 0.463144 , 0.486386 , 0.393761 , 0.338467 , 0.315682 , 0.505758 , 0.390931 , 0.214267 , 0.361547 , 0.894408 , 0.296366 , 0.246674 , 0.372687 , 0.095147 , 0.255883 , 0.739045 , 0.293033 , 0.283333 , 0.314511 , 0.538321 , 0.324637 , 0.282279 , 1.08675 , 0.19995 , 1.34058 , 0.341673 , 0.372735 , 0.434986 , 0.398198 , 0.194572 , 0.364829 , 0.348944 , 0.303172 , 0.586379 , 0.310935 , 0.547405 , 0.342739 , 0.3775 , 0.331672 , 0.195347 , 0.77726 , 1.59191 , 0.359093 , 0.830722 , 0.334428 , 0.352471 , 0.530919 , 0.334996 , 0.63458 , 0.160011 , 0.420865 , 0.597224 , 0.238219 , 1.29938 , 0.243547 , 0.279803 , 1.34994 , 0.627688 , 1.09162 , 0.289998 , 0.316707 , 0.384087 , 0.508207 , 0.404657 , 0.199102 , 0.498984 , 0.128784 , 0.317595 , 0.769694 , 0.607387 , 0.468207 , 0.199336 , 0.562607 , 0.78539 , 1.24503 , 0.172624 , 0.156396 , 0.498731 , 0.182055 , 0.303267 , 0.251955 , 0.459556 , 0.152185 , 0.344346 , 0.353898 , 0.14725 , 0.114061 , 0.403352 , 0.112503 , 0.377857 , 0.165399 , 0.265172 , 0.230345 , 0.441953 , 0.291703 , 0.445648 , 0.882855 , 0.48423 , 0.536493 , 0.66749 , 0.46088 , 0.260646 , 0.258442 , 0.464643 , 0.474868 , 0.178296 , 0.736706 , 0.246864 , 0.55547 , 0.518748 , 0.32307 , 0.652184 , 1.9474 , 0.344008 , 0.19868 , 0.45804 , 0.713415 , 0.213401 , 0.260142 , 0.538897 , 0.257482 , 0.403598 , 0.658757 , 2.00314 , 0.570033 , 0.291591 , 0.38739 , 0.548133 , 0.138425 , 0.2972 , 0.507698 , 0.41137 , 0.684873 , 0.522398 , 0.374543 , 1.29145 , 1.8197 , 0.57961 , 0.204701 , 0.435693 , 0.287366 , 0.498503 , 0.113841 , 0.366462 , 0.651857 , 0.381291 , 0.596657 , 0.599813 , 0.431906 , 0.584985 , 0.152993 , 0.257603 , 0.305603 , 0.314249 , 0.199082 , 0.346739 , 0.370713 , 0.414544 , 0.443592 , 0.228407 , 0.726609 , 0.311787 , 0.238059 , 0.457292 , 0.472144 , 0.486886 , 0.643542 , 0.394993 , 0.179196 , 0.41015 , 0.439887 , 0.57454 , 0.496948 , 0.268995 , 0.406467 , 0.850671 , 0.517569 , 0.492567 , 0.304669 , 0.772779 , 0.277592 , 0.343934 , 0.112854 , 0.258601 , 0.366174 , 0.143318 , 0.340179 , 0.21258 , 0.503677 , 0.608131 , 0.6923 , 0.268203 , 0.409694 , 0.435488 , 0.250315 , 0.572273 , 0.597244 , 0.38047 , 0.359389 , 0.239225 , 0.438135 , 0.142197 , 0.388815 , 0.322004 , 0.289946 , 0.259073 , 0.327688 , 0.472504 , 0.384126 , 0.298311 , 0.43854 , 0.249819 , 0.261418 , 0.150131 , 0.36321 , 0.765708 , 0.671207 , 0.259492 , 0.168225 , 0.446812 , 0.152834 , 0.44425 , 0.455575 , 0.165869 , 0.281699 , 0.589889 , 0.34927 , 0.271787 , 0.340117 , 0.329353 , 0.27399 , 1.00289 , 0.461898 , 0.456207 , 0.392566 , 1.60849 , 0.302068 , 0.464284 , 0.509844 , 0.436681 , 0.325283 , 0.555507 , 0.358377 , 0.415125 , 0.914889 , 0.293872 , 0.470164 , 0.76209 , 0.487467 , 0.387113 , 2.01026 , 0.372306 , 0.460717 , 0.427676 , 0.240975 , 0.988399 , 5.13148 , 0.366472 , 0.633947 , 0.4267 , 0.4866 , 0.288839 , 0.529031 , 0.580047 , 2.53752 , 0.535433 , 0.347948 , 0.503288 , 0.261428 , 0.279943 , 0.427793 , 0.641178 , 0.835353 , 0.454993 , 0.355838 , 0.265976 , 0.359679 , 0.320362 , 0.444609 , 0.573108 , 0.394182 , 0.151042 , 0.536456 , 0.427487 , 0.48063 , 0.597445 , 0.233611 , 1.77135 , 0.609531 , 0.385667 , 0.332216 , 0.266197 , 0.298861 , 0.32023 , 0.431922 , 0.436028 , 0.356845 , 0.390351 , 0.558115 , 0.0559676 , 0.531487 , 0.601226 , 0.263004 , 0.61376 , 0.242977 , 0.289942 , 0.298479 , 0.724234 , 0.296582 , 0.580442 , 0.232282 , 0.374932 , 0.250024 , 1.14254 , 0.643357 , 0.595001 , 0.893266 , 0.0423272 , 0.132585 , 0.582976 , 0.424719 , 0.282299 , 0.469595 , 0.48316 , 0.220384 , 0.459884 , 0.376096 , 0.512484 , 0.198488 , 0.343688 , 0.241473 , 0.369926 , 0.444685 , 0.537584 , 0.434624 , 0.58306 , 0.502336 , 0.393294 , 0.514392 , 0.298003 , 1.04243 , 0.404127 , 0.539611 , 0.719558 , 0.377134 , 0.204806 , 0.15417 , 0.372745 , 0.320692 , 0.855757 , 0.275213 , 0.4523 , 1.30453 , 0.283368 , 0.157962 , 0.404932 , 0.240179 , 1.05467 , 0.582874 , 0.343398 , 0.20126 , 0.69901 , 0.47833 , 0.375796 , 0.283536 , 0.23383 , 0.480537 , 0.310366 , 0.2363 , 0.253787 , 1.12249 , 0.204555 , 0.179066 , 0.291711 , 0.237192 , 0.791312 , 0.696163 , 1.38989 , 0.403655 , 0.25908 , 1.43535 , 1.18603 , 0.348802 , 0.271858 , 0.278009 , 0.308221 , 0.252479 , 0.163194 , 0.437314 , 1.30239 , 1.17625 , 0.408649 , 0.172742 , 0.407224 , 0.269114 , 0.142445 , 0.435951 , 0.530038 , 0.120476 , 0.557462 , 0.370962 , 0.63765 , 0.543116 , 0.345863 , 0.249003 , 0.311177 , 0.998349 , 0.243617 , 0.458316 , 0.361677 , 1.00009 , 0.247085 , 0.266549 , 0.370449 , 0.866406 , 0.0957393 , 2.78555 , 0.483822 , 0.240543 , 0.347931 , 0.145737 , 0.280936 , 0.406709 , 0.427503 , 0.327358 , 0.118655 , 0.179474 , 0.293248 , 0.706933 , 0.220427 , 0.338165 , 0.440552 , 0.181684 , 2.03086 , 1.03931 , 0.385645 , 0.347599 , 0.310872 , 0.340467 , 0.255776 , 0.282663 , 0.250654 , 0.103987 , 0.28245 , 0.295291 , 0.144382 , 0.363845 , 0.186715 , 0.706683 , 0.262154 , 0.751362 , 0.213524 , 0.943019 , 0.190354 , 0.718307 , 0.372927 , 0.264236 , 0.457856 , 0.146295 , 0.656075 , 0.889511 , 0.120741 , 0.338106 , 0.228164 , 0.5904 , 0.294804 , 1.10163 , 0.189594 , 0.406194 , 0.54763 , 0.326407 , 0.42159 , 0.221741 , 0.328812 , 0.34428 , 0.496788 , 0.265384 , 0.44211 , 0.214902 , 0.28039 , 0.464843 , 0.264589 , 0.294008 , 0.282669 , 0.338651 , 1.15371 , 0.271609 , 0.469745 , 0.451242 , 0.331535 , 0.261874 , 0.286271 , 0.77252 , 0.611586 , 0.41691 , 0.250984 , 0.952396 , 0.246536 , 0.304868 , 0.140979 , 0.605909 , 0.254981 , 0.642891 , 0.450238 , 0.519828 , 0.326636 , 0.529663 , 0.828835 , 0.202355 , 0.271863 , 0.573212 , 0.655633 , 0.378403 , 0.317917 , 0.217692 , 0.674449 , 0.37447 , 0.45109 , 0.663237 , 0.278914 , 0.29062 , 0.153113 , 0.372149 , 0.359559 , 