var1=[0.091271 , 0.112917 , 0.160401 , 0.116032 , 0.114109 , 0.0688536 , 0.0510197 , 0.10639 , 0.0869161 , 0.163739 , 0.120295 , 0.126475 , 0.137971 , 0.0550979 , 0.167568 , 0.0772931 , 0.08265 , 0.103054 , 0.164994 , 0.35498 , 0.0601035 , 0.0637186 , 0.0625747 , 0.0761808 , 0.128012 , 0.102922 , 0.0992637 , 0.113545 , 0.198076 , 0.137279 , 0.172673 , 0.0935299 , 0.138982 , 0.105961 , 0.120019 , 0.122298 , 0.0641507 , 0.238323 , 0.119031 , 0.0935244 , 0.125889 , 0.155962 , 0.145859 , 0.090588 , 0.15356 , 0.190814 , 0.0617371 , 0.124617 , 0.236681 , 0.134723 , 0.209093 , 0.0867865 , 0.0588941 , 0.129409 , 0.140345 , 0.157085 , 0.271384 , 0.404109 , 0.0579346 , 0.10098 , 0.155836 , 0.15821 , 0.141627 , 0.0789111 , 0.101534 , 0.174035 , 0.112803 , 0.0693349 , 0.101932 , 0.149407 , 0.134246 , 0.10311 , 0.0781152 , 0.122362 , 0.0820868 , 0.188198 , 0.0907371 , 0.13742 , 0.0727955 , 0.12297 , 0.0860399 , 0.105747 , 0.104246 , 0.256778 , 0.211914 , 0.106116 , 0.159744 , 0.14644 , 0.166603 , 0.147182 , 0.135304 , 0.156599 , 0.0940271 , 0.1247 , 0.111918 , 0.118887 , 0.11911 , 0.219237 , 0.166818 , 0.172533 , 0.0667139 , 0.120667 , 0.213661 , 0.131186 , 0.0970071 , 0.126023 , 0.169877 , 0.188055 , 0.107172 , 0.249929 , 0.258409 , 0.0970825 , 0.18772 , 0.281296 , 0.149716 , 0.0690591 , 0.151311 , 0.199578 , 0.165223 , 0.120922 , 0.208529 , 0.121065 , 0.179377 , 0.140113 , 0.0528056 , 0.0736856 , 0.182974 , 0.200207 , 0.166497 , 0.106034 , 0.111943 , 0.103303 , 0.286624 , 0.132886 , 0.221077 , 0.49446 , 0.110102 , 0.121827 , 0.246943 , 0.209177 , 0.191079 , 0.132865 , 0.138293 , 0.117355 , 0.209749 , 0.123312 , 0.193968 , 0.0559963 , 0.0967323 , 0.236935 , 0.27494 , 0.159124 , 0.276063 , 0.202991 , 0.27869 , 0.0564596 , 0.180545 , 0.164527 , 0.303909 , 0.250943 , 0.0958428 , 0.135306 , 0.0796316 , 0.10227 , 0.109065 , 0.130525 , 0.0746482 , 0.0656888 , 0.119138 , 0.12581 , 0.172653 , 0.0727836 , 0.093336 , 0.146928 , 0.0992961 , 0.108896 , 0.142902 , 0.131447 , 0.0747636 , 0.228739 , 0.0947575 , 0.300051 , 0.0811688 , 0.0967876 , 0.0992421 , 0.23888 , 0.0838233 , 0.116893 , 0.143553 , 0.0712745 , 0.0980623 , 0.0719663 , 0.215965 , 0.172359 , 0.168342 , 0.119774 , 0.113712 , 0.228865 , 0.236041 , 0.239553 , 0.1401 , 0.224795 , 0.174929 , 0.294361 , 0.0749563 , 0.168536 , 0.196857 , 0.19683 , 0.227112 , 0.0979057 , 0.202619 , 0.127524 , 0.0780628 , 0.106574 , 0.208055 , 0.0983992 , 0.0580611 , 0.0950536 , 0.191392 , 0.125102 , 0.0965986 , 0.198834 , 0.277087 , 0.0822532 , 0.17001 , 0.167545 , 0.166401 , 0.111311 , 0.128423 , 0.155591 , 0.12738 , 0.0700249 , 0.0988113 , 0.127518 , 0.285594 , 0.106749 , 0.166066 , 0.125092 , 0.149595 , 0.108161 , 0.248889 , 0.120993 , 0.212782 , 0.160704 , 0.25983 , 0.181998 , 0.085144 , 0.112776 , 0.138868 , 0.155365 , 0.101084 , 0.0757013 , 0.0846315 , 0.0801348 , 0.055293 , 0.139518 , 0.175716 , 0.167807 , 0.299014 , 0.27546 , 0.176454 , 0.101405 , 0.113682 , 0.0834139 , 0.217994 , 0.171326 , 0.105313 , 0.112725 , 0.123522 , 0.108499 , 0.0513022 , 0.110803 , 0.109729 , 0.0917422 , 0.122408 , 0.139694 , 0.144151 , 0.105177 , 0.126281 , 0.185646 , 0.1493 , 0.13887 , 0.073877 , 0.0628275 , 0.172715 , 0.0827904 , 0.0734228 , 0.0915778 , 0.311799 , 0.0671846 , 0.188925 , 0.162721 , 0.0979215 , 0.0832535 , 0.0800852 , 0.204325 , 0.165748 , 0.114488 , 0.195486 , 0.0746 , 0.0766483 , 0.125709 , 0.120107 , 0.17583 , 0.0809377 , 0.0735012 , 0.388212 , 0.219233 , 0.0981279 , 0.10714 , 0.266794 , 0.173918 , 0.154422 , 0.17617 , 0.247234 , 0.150253 , 0.126765 , 0.274017 , 0.0780851 , 0.224631 , 0.0867129 , 0.139077 , 0.217565 , 0.125231 , 0.15576 , 0.21655 , 0.148102 , 0.0922312 , 0.141899 , 0.0600949 , 0.0622167 , 0.125473 , 0.269924 , 0.123517 , 0.11137 , 0.0825442 , 0.427343 , 0.138407 , 0.152892 , 0.115512 , 0.0883434 , 0.161961 , 0.0916243 , 0.0928926 , 0.204934 , 0.119888 , 0.0650545 , 0.107014 , 0.162406 , 0.0883368 , 0.208759 , 0.0881202 , 0.100611 , 0.300934 , 0.128471 , 0.162467 , 0.153319 , 0.160009 , 0.0529378 , 0.1662 , 0.193138 , 0.146176 , 0.0677552 , 0.126397 , 0.155353 , 0.0560888 , 0.191262 , 0.0606508 , 0.217983 , 0.0974154 , 0.0986168 , 0.130686 , 0.0907372 , 0.0677566 , 0.470431 , 0.168322 , 0.0878749 , 0.138532 , 0.19775 , 0.104966 , 0.142232 , 0.0686112 , 0.107764 , 0.134151 , 0.167626 , 0.176684 , 0.187086 , 0.116121 , 0.038012 , 0.124601 , 0.0826549 , 0.165719 , 0.13082 , 0.06916 , 0.295683 , 0.276852 , 0.0735657 , 0.0839188 , 0.135632 , 0.0749769 , 0.185632 , 0.078661 , 0.198763 , 0.105781 , 0.11564 , 0.144189 , 0.199934 , 0.105094 , 0.102859 , 0.472673 , 0.104715 , 0.0735686 , 0.204611 , 0.47227 , 0.170505 , 0.121194 , 0.134929 , 0.180012 , 0.350239 , 0.106255 , 0.067755 , 0.190237 , 0.244689 , 0.122369 , 0.100008 , 0.155332 , 0.139283 , 0.0627367 , 0.143765 , 0.281937 , 0.402897 , 0.161255 , 0.279371 , 0.184731 , 0.169091 , 0.0707707 , 0.300832 , 0.139086 , 0.216804 , 0.285563 , 0.139087 , 0.0892574 , 0.0681105 , 0.0847232 , 0.153847 , 0.144247 , 0.228119 , 0.0913267 , 0.116522 , 0.0472745 , 0.0965929 , 0.165395 , 0.125064 , 0.162158 , 0.177648 , 0.130427 , 0.149771 , 0.064512 , 0.119865 , 0.165206 , 0.0557204 , 0.132935 , 0.0832692 , 0.177837 , 0.111793 , 0.358333 , 0.228766 , 0.0849363 , 0.0880977 , 0.295593 , 0.0873046 , 0.103129 , 0.0950783 , 0.0924541 , 0.134971 , 0.230302 , 0.163332 , 0.106015 , 0.07794 , 0.0927899 , 0.16654 , 0.0960421 , 0.112111 , 0.233008 , 0.111098 , 0.258432 , 0.252662 , 0.139927 , 0.0620015 , 0.0989504 , 0.116666 , 0.0850028 , 0.178003 , 0.108492 , 0.112004 , 0.115082 , 0.06056 , 0.283882 , 0.145831 , 0.117144 , 0.0803982 , 0.227476 , 0.0764874 , 0.113291 , 0.127099 , 0.113809 , 0.0511149 , 0.144417 , 0.251251 , 0.254147 , 0.208961 , 0.126192 , 0.0513997 , 0.0917044 , 0.0912241 , 0.118766 , 0.109178 , 0.140396 , 0.0856416 , 0.190935 , 0.0677452 , 0.164114 , 0.134029 , 0.107999 , 0.119191 , 0.15137 , 0.111885 , 0.138876 , 0.0834978 , 0.138028 , 0.0759262 , 0.174546 , 0.247189 , 0.262695 , 0.174754 , 0.217451 , 0.274812 , 0.105105 , 0.122209 , 0.124315 , 0.238344 , 0.154269 , 0.0770578 , 0.170946 , 0.075304 , 0.182202 , 0.06133 , 0.130397 , 0.0731221 , 0.13173 , 0.251326 , 0.154582 , 0.121759 , 0.137387 , 0.0533663 , 0.14751 , 0.200004 , 0.165736 , 0.129697 , 0.190199 , 0.0668474 , 0.145251 , 0.0665589 , 0.113248 , 0.231974 , 0.138275 , 0.112069 , 0.115247 , 0.145276 , 0.112808 , 0.107355 , 0.154948 , 0.0745964 , 0.0859666 , 0.309429 , 0.100404 , 0.105727 , 0.152574 , 0.110885 , 0.104417 , 0.22329 , 0.0562999 , 0.151115 , 0.11896 , 0.134597 , 0.0874838 , 0.174496 , 0.0764393 , 0.154462 , 0.0683273 , 0.152999 , 0.254728 , 0.0610267 , 0.106385 , 0.170006 , 0.133688 , 0.0897166 , 0.0803631 , 0.162831 , 0.0734473 , 0.146016 , 0.138943 , 0.118765 , 0.141071 , 0.489448 , 0.325782 , 0.131939 , 0.0667448 , 0.0855996 , 0.0574918 , 0.154675 , 0.105451 , 0.122775 , 0.204371 , 0.072001 , 0.188635 , 0.140462 , 0.074714 , 0.177016 , 0.111845 , 0.224332 , 0.0532654 , 0.207843 , 0.19007 , 0.122325 , 0.218401 , 0.0976467 , 0.127399 , 0.225808 , 0.629819 , 0.171454 , 0.161639 , 0.343325 , 0.21084 , 0.133182 , 0.112564 , 0.148856 , 0.1815 , 0.0881665 , 0.0813233 , 0.0883261 , 0.0729625 , 0.0656686 , 0.112266 , 0.10976 , 0.0798989 , 0.20218 , 0.168728 , 0.07646 , 0.153953 , 0.0609412 , 0.143785 , 0.0984868 , 0.148665 , 0.205322 , 0.0729693 , 0.122457 , 0.291104 , 0.0712742 , 0.177971 , 0.296948 , 0.161404 , 0.157387 , 0.059494 , 0.0980183 , 0.0721923 , 0.23488 , 0.200214 , 0.113705 , 0.149271 , 0.11648 , 0.12454 , 0.161744 , 0.15213 , 0.152696 , 0.0983525 , 0.15893 , 0.130709 , 0.306618 , 0.18811 , 0.179888 , 0.174068 , 0.181683 , 0.126238 , 0.0941893 , 0.148572 , 0.155701 , 0.101832 , 0.12693 , 0.155676 , 0.20317 , 0.125081 , 0.142372 , 0.157059 , 0.143383 , 0.153084 , 0.114127 , 0.110606 , 0.294954 , 0.203304 , 0.184402 , 0.0665289 , 0.0885666 , 0.0790006 , 0.0971354 , 0.189533 , 0.0931739 , 0.217594 , 0.0961753 , 0.08397 , 0.157066 , 0.0640913 , 0.0702685 , 0.0505821 , 0.126063 , 0.103636 , 0.109929 , 