var1=[0.152967 , 0.0925039 , 0.16714 , 0.163032 , 0.204723 , 0.341767 , 0.278343 , 0.152974 , 0.383497 , 0.42942 , 0.372324 , 0.266277 , 0.163069 , 0.223191 , 0.251038 , 0.0751932 , 0.287016 , 0.195066 , 0.324581 , 0.131192 , 0.140228 , 0.124303 , 0.214716 , 0.195575 , 0.270006 , 0.182008 , 0.274394 , 0.317461 , 0.273785 , 0.247618 , 0.354398 , 0.289072 , 0.369067 , 0.430021 , 0.237097 , 0.186589 , 0.222441 , 0.204556 , 0.268577 , 0.418935 , 0.0665225 , 0.10942 , 0.28086 , 0.398658 , 0.256342 , 0.125118 , 0.232526 , 0.224955 , 0.32739 , 0.191759 , 0.203928 , 0.204842 , 0.166794 , 0.171998 , 0.356765 , 0.196184 , 0.124002 , 0.52673 , 0.231198 , 0.247709 , 0.443793 , 0.295451 , 0.438018 , 0.228403 , 0.336671 , 0.192303 , 0.356832 , 0.247108 , 0.3109 , 0.164455 , 0.273223 , 0.377217 , 0.248771 , 0.489605 , 0.203993 , 0.294623 , 0.0840264 , 0.171415 , 0.399981 , 0.253763 , 0.412889 , 0.186825 , 0.540865 , 0.314326 , 0.172484 , 0.325065 , 0.194361 , 0.261184 , 0.33291 , 0.266795 , 0.374137 , 0.135122 , 0.376002 , 0.227001 , 0.541317 , 1.33342 , 0.17256 , 0.263842 , 0.160916 , 0.321737 , 0.239198 , 0.148349 , 0.2106 , 0.702761 , 0.142419 , 0.385437 , 0.230732 , 0.273924 , 0.239869 , 0.489208 , 0.217624 , 0.158455 , 0.338108 , 0.368593 , 0.255308 , 0.199892 , 0.235852 , 0.24828 , 0.22697 , 0.169933 , 0.632005 , 0.210856 , 0.274111 , 0.360452 , 0.360141 , 0.22092 , 0.315182 , 0.191254 , 0.164915 , 0.271947 , 0.387948 , 0.162706 , 0.226563 , 0.210829 , 0.52189 , 0.297356 , 0.329524 , 0.653919 , 0.20583 , 0.279761 , 0.272537 , 0.323365 , 0.156547 , 0.287416 , 0.312053 , 0.190532 , 0.331833 , 0.509728 , 0.179144 , 0.200922 , 0.181201 , 0.19041 , 0.259785 , 0.672896 , 0.15978 , 0.236151 , 0.249007 , 0.514275 , 0.387094 , 0.242386 , 0.357915 , 0.146316 , 0.234407 , 0.387332 , 0.238063 , 0.140821 , 0.388198 , 0.246038 , 0.299589 , 0.442956 , 0.131244 , 0.322898 , 0.307317 , 0.19001 , 0.272546 , 0.281428 , 0.188173 , 0.157555 , 0.179509 , 0.243469 , 0.2371 , 0.309156 , 0.139569 , 0.316495 , 0.156851 , 0.343994 , 0.221942 , 0.248314 , 0.468212 , 0.203516 , 0.425927 , 0.35357 , 0.246683 , 0.355098 , 0.161907 , 0.422771 , 0.328327 , 0.44811 , 0.103551 , 0.376756 , 0.206546 , 0.355621 , 0.558014 , 0.280531 , 0.430305 , 0.324466 , 0.314089 , 0.340481 , 0.218104 , 0.252274 , 0.311403 , 0.141748 , 0.22804 , 0.236409 , 0.346243 , 0.148891 , 0.280982 , 0.248985 , 0.299027 , 0.345789 , 0.120439 , 0.187588 , 0.337827 , 0.396908 , 0.139182 , 0.568884 , 0.176378 , 0.153964 , 0.176595 , 0.186417 , 0.0889472 , 0.317273 , 0.306378 , 0.198084 , 0.230606 , 0.169272 , 0.353632 , 0.284576 , 0.18236 , 0.21212 , 0.44464 , 0.274161 , 0.292479 , 0.383754 , 0.230356 , 0.260607 , 0.174122 , 0.485576 , 0.135717 , 0.219122 , 0.946304 , 0.421805 , 0.279213 , 0.272454 , 0.142433 , 0.335005 , 0.30764 , 0.329176 , 0.200323 , 0.183131 , 0.34828 , 0.260607 , 0.17916 , 0.152265 , 0.175331 , 0.200729 , 0.483599 , 0.185892 , 0.310241 , 0.3102 , 0.158172 , 0.195125 , 0.500309 , 0.191607 , 0.200805 , 0.312698 , 0.18034 , 0.261257 , 0.22152 , 0.16824 , 0.190132 , 0.119104 , 0.227605 , 0.24791 , 0.206441 , 0.23006 , 0.299097 , 0.477703 , 0.449433 , 0.215736 , 0.196226 , 0.436232 , 0.515297 , 0.554786 , 0.14215 , 0.390842 , 0.263845 , 0.344983 , 0.188611 , 0.197567 , 0.314528 , 0.228741 , 0.0744555 , 0.242779 , 0.220827 , 0.355039 , 0.367697 , 0.300956 , 0.212232 , 0.206145 , 0.307934 , 0.164674 , 0.208688 , 0.187332 , 0.290655 , 0.204817 , 0.458828 , 0.120266 , 0.239086 , 0.235473 , 0.14345 , 0.203008 , 0.226407 , 0.123446 , 0.196783 , 0.297797 , 0.202478 , 0.13774 , 0.0703128 , 0.322077 , 0.294026 , 0.133432 , 0.321494 , 0.258656 , 0.354041 , 0.143505 , 0.190634 , 0.120855 , 0.224141 , 0.287751 , 0.246707 , 0.151049 , 0.169467 , 0.39835 , 0.622121 , 0.177148 , 0.108308 , 0.566904 , 0.365704 , 0.220945 , 0.203685 , 0.416586 , 0.133787 , 0.103787 , 0.212112 , 0.236416 , 0.341551 , 0.280077 , 0.151033 , 0.214195 , 0.34643 , 0.71213 , 0.139059 , 0.210843 , 0.530372 , 0.136552 , 0.23303 , 0.312389 , 0.338419 , 0.142438 , 0.377141 , 0.282135 , 0.333034 , 0.173788 , 0.268712 , 0.12392 , 0.231317 , 0.234581 , 0.212725 , 0.623623 , 0.152082 , 0.435926 , 0.411952 , 0.246551 , 0.148886 , 0.201678 , 0.184421 , 0.295212 , 0.154207 , 0.20669 , 0.248913 , 0.324813 , 0.208375 , 0.272963 , 0.115437 , 0.166707 , 0.477801 , 0.231446 , 0.330039 , 0.200868 , 0.225035 , 0.370359 , 0.209401 , 0.663409 , 0.195624 , 0.135616 , 0.299411 , 0.321068 , 0.379115 , 0.376148 , 0.163786 , 0.32294 , 0.340521 , 0.159723 , 0.199049 , 0.0861947 , 0.159895 , 0.305704 , 0.227595 , 0.127338 , 0.144052 , 0.354486 , 0.294687 , 0.229153 , 0.156397 , 0.135476 , 0.206712 , 0.132619 , 0.193982 , 0.456407 , 0.23726 , 0.15625 , 0.257837 , 0.180617 , 0.484629 , 0.36917 , 0.287393 , 0.22773 , 0.119226 , 0.181656 , 0.150898 , 0.309948 , 0.301208 , 0.152143 , 0.134308 , 0.183143 , 0.432687 , 0.178891 , 0.228571 , 0.567885 , 0.343735 , 0.186546 , 0.227836 , 0.259994 , 0.22719 , 0.246924 , 0.150889 , 0.343517 , 0.250087 , 0.354363 , 0.112086 , 0.123041 , 0.235101 , 0.284239 , 0.136566 , 0.237085 , 0.159123 , 0.21493 , 0.285219 , 0.261073 , 0.284037 , 0.45886 , 0.366903 , 0.342868 , 0.258853 , 0.149351 , 0.484667 , 0.219072 , 0.41568 , 0.267426 , 0.259949 , 0.212597 , 0.27342 , 0.195574 , 0.217309 , 0.156586 , 0.535311 , 0.132499 , 0.249346 , 0.190427 , 0.228919 , 0.299286 , 0.206967 , 0.380321 , 0.473171 , 0.18515 , 0.256155 , 0.391675 , 0.351653 , 0.222426 , 0.299987 , 0.263438 , 0.137043 , 0.230037 , 0.252659 , 0.126508 , 0.219435 , 0.390908 , 0.38215 , 0.227096 , 0.180086 , 0.342361 , 0.346258 , 0.242672 , 0.489323 , 0.385567 , 0.184971 , 0.391222 , 0.415445 , 0.259647 , 0.0858313 , 0.204197 , 0.183342 , 0.166175 , 0.193627 , 0.191755 , 0.199255 , 0.635041 , 0.220749 , 0.283319 , 0.182035 , 0.214087 , 0.483142 , 0.146423 , 0.288837 , 0.0772034 , 0.234756 , 0.412093 , 0.397288 , 0.296965 , 0.244234 , 0.145213 , 0.254188 , 0.251017 , 0.131235 , 0.404474 , 0.127365 , 0.183536 , 0.530865 , 0.326317 , 0.254509 , 0.182567 , 0.273456 , 0.373691 , 0.251087 , 0.188213 , 0.570625 , 0.200225 , 0.314148 , 0.209062 , 0.196923 , 0.2009 , 0.231574 , 0.141423 , 0.670828 , 0.0931533 , 0.121739 , 0.254645 , 0.557256 , 0.213985 , 0.135598 , 0.303921 , 0.548646 , 0.107023 , 0.368089 , 0.140705 , 0.366908 , 0.286721 , 0.520405 , 0.356649 , 0.471455 , 0.249555 , 0.230698 , 0.356064 , 0.279544 , 0.492493 , 0.131645 , 0.224083 , 0.619742 , 0.198838 , 0.215108 , 0.365997 , 0.289003 , 0.273991 , 0.193679 , 0.168542 , 0.261775 , 0.215417 , 0.369995 , 0.168032 , 0.168827 , 0.436525 , 0.801082 , 0.237198 , 0.998667 , 0.377351 , 0.172056 , 0.464383 , 0.174159 , 0.299381 , 0.32706 , 0.263421 , 0.583271 , 0.295145 , 0.233004 , 0.338253 , 0.208101 , 0.26223 , 0.300835 , 0.325232 , 0.645625 , 0.34009 , 0.255827 , 0.232945 , 0.300476 , 0.431713 , 0.298806 , 0.258896 , 0.240591 , 0.294331 , 0.113791 , 0.705711 , 0.402 , 0.381333 , 0.457497 , 0.158179 , 0.288498 , 0.190825 , 0.330052 , 0.423504 , 0.479674 , 0.154398 , 0.234085 , 0.313498 , 0.3352 , 0.511194 , 0.148049 , 0.188168 , 0.178934 , 0.190367 , 0.182331 , 0.510004 , 0.299003 , 0.176052 , 0.310801 , 0.447531 , 0.311422 , 0.217834 , 0.139932 , 0.31166 , 0.353759 , 0.304375 , 0.533085 , 0.197276 , 0.529874 , 0.216672 , 0.251375 , 0.209079 , 0.318916 , 0.298175 , 0.141514 , 0.280237 , 0.266816 , 0.228553 , 0.237101 , 0.309805 , 0.213774 , 0.200191 , 0.3323 , 0.18596 , 0.398785 , 0.149372 , 0.111004 , 0.19674 , 0.119959 , 0.497591 , 0.324289 , 0.367564 , 0.328314 , 0.141018 , 0.212753 , 0.19287 , 0.163085 , 0.373647 , 0.374525 , 0.191543 , 0.249063 , 0.185227 , 0.184611 , 0.33877 , 0.148294 , 0.251865 , 0.331253 , 0.126751 , 0.228981 , 0.172668 , 0.202897 , 0.165054 , 0.136991 , 0.236664 , 0.267581 , 0.32373 , 0.235099 , 0.160425 , 0.281004 , 0.173773 , 0.560419 , 0.0859517 , 0.305862 , 0.281385 , 0.660347 , 0.250249 , 0.373922 , 0.19956 , 0.233609 , 0.256757 , 0.321713 , 0.182726 , 0.250696 , 0.360289 , 0.152948 , 0.386248 , 0.270091 