var1=[0.123896 , 0.109809 , 0.108325 , 0.0795723 , 0.110289 , 0.119914 , 0.167121 , 0.041965 , 0.10299 , 0.0971243 , 0.15988 , 0.103513 , 0.119119 , 0.165804 , 0.103187 , 0.102996 , 0.0971685 , 0.100407 , 0.22934 , 0.168661 , 0.144991 , 0.0784108 , 0.145679 , 0.0936043 , 0.285369 , 0.0836876 , 0.108295 , 0.108752 , 0.109197 , 0.116748 , 0.192074 , 0.0871963 , 0.11805 , 0.08898 , 0.13859 , 0.110379 , 0.17094 , 0.112905 , 0.12299 , 0.0967258 , 0.0963285 , 0.0693536 , 0.159976 , 0.142671 , 0.136007 , 0.15997 , 0.167847 , 0.0709197 , 0.235708 , 0.203876 , 0.104436 , 0.134595 , 0.124038 , 0.0449322 , 0.0484593 , 0.097136 , 0.390923 , 0.16646 , 0.0705686 , 0.107834 , 0.0824594 , 0.10951 , 0.0981294 , 0.0996998 , 0.128853 , 0.173359 , 0.0925823 , 0.0588845 , 0.0906076 , 0.119059 , 0.317185 , 0.103815 , 0.0810103 , 0.525858 , 0.198261 , 0.149986 , 0.137408 , 0.283835 , 0.211487 , 0.266397 , 0.166976 , 0.133537 , 0.106628 , 0.242504 , 0.141847 , 0.189827 , 0.119751 , 0.069043 , 0.169858 , 0.143173 , 0.0623679 , 0.213093 , 0.101272 , 0.402717 , 0.0760791 , 0.143853 , 0.0846828 , 0.142937 , 0.0735998 , 0.0677927 , 0.0549954 , 0.0844149 , 0.129156 , 0.267732 , 0.0973736 , 0.152396 , 0.0958083 , 0.167293 , 0.120453 , 0.121117 , 0.1018 , 0.308021 , 0.314051 , 0.258564 , 0.0560766 , 0.105398 , 0.130812 , 0.147681 , 0.0903879 , 0.310126 , 0.0972862 , 0.107753 , 0.178174 , 0.205384 , 0.0797906 , 0.139159 , 0.109929 , 0.140444 , 0.0630134 , 0.110463 , 0.10338 , 0.0914348 , 0.150189 , 0.132545 , 0.108447 , 0.109682 , 0.103901 , 0.102662 , 0.122827 , 0.159618 , 0.175621 , 0.20852 , 0.131776 , 0.0993299 , 0.0916518 , 0.126945 , 0.221294 , 0.185784 , 0.167914 , 0.120925 , 0.0804171 , 0.195009 , 0.0916838 , 0.156448 , 0.12508 , 0.073112 , 0.49738 , 0.197833 , 0.61258 , 0.0947132 , 0.102339 , 0.194765 , 0.266533 , 0.161541 , 0.134043 , 0.0969497 , 0.0997184 , 0.0849794 , 0.0986335 , 0.112573 , 0.102895 , 0.181421 , 0.109049 , 0.128805 , 0.201868 , 0.173632 , 0.106216 , 0.16361 , 0.111084 , 0.126771 , 0.143782 , 0.205343 , 0.144028 , 0.135559 , 0.0843409 , 0.242711 , 0.0632469 , 0.257159 , 0.136968 , 0.0957035 , 0.204106 , 0.154882 , 0.160013 , 0.313995 , 0.0920585 , 0.201275 , 0.0681802 , 0.106309 , 0.173159 , 0.209177 , 0.247993 , 0.0949114 , 0.1079 , 0.276226 , 0.169406 , 0.0709159 , 0.156177 , 0.0824509 , 0.149749 , 0.0980113 , 0.162267 , 0.152089 , 0.18265 , 0.224627 , 0.171273 , 0.143118 , 0.149852 , 0.0941511 , 0.0935888 , 0.110153 , 0.150852 , 0.0777053 , 0.0820174 , 0.0638673 , 0.07702 , 0.100474 , 0.108967 , 0.0647063 , 0.0827251 , 0.146521 , 0.157947 , 0.0520281 , 0.191538 , 0.212662 , 0.120051 , 0.0919861 , 0.201051 , 0.155672 , 0.205253 , 0.0779707 , 0.222678 , 0.186979 , 0.105264 , 0.0506493 , 0.0907225 , 0.184644 , 0.232751 , 0.072373 , 0.113116 , 0.0624448 , 0.102564 , 0.123994 , 0.106938 , 0.130899 , 0.0883733 , 0.0670452 , 0.125778 , 0.157757 , 0.0709064 , 0.117908 , 0.252987 , 0.133358 , 0.271941 , 0.0884919 , 0.124112 , 0.193989 , 0.0855983 , 0.06107 , 0.103124 , 0.127309 , 0.0662524 , 0.125077 , 0.170813 , 0.0810567 , 0.0743458 , 0.104973 , 0.112095 , 0.199965 , 0.0896932 , 0.0726796 , 0.0674813 , 0.241695 , 0.0834711 , 0.255108 , 0.172515 , 0.0932158 , 0.127246 , 0.177488 , 0.0723488 , 0.1721 , 0.142925 , 0.143312 , 0.142407 , 0.0637469 , 0.228377 , 0.109225 , 0.180371 , 0.185763 , 0.109751 , 0.053046 , 0.231248 , 0.223508 , 0.141133 , 0.122895 , 0.136668 , 0.0704564 , 0.132572 , 0.0707147 , 0.206624 , 0.102261 , 0.0913259 , 0.148692 , 0.0726311 , 0.053496 , 0.134354 , 0.214994 , 0.0599782 , 0.0972922 , 0.0575463 , 0.0856896 , 0.100001 , 0.146694 , 0.097455 , 0.106962 , 0.0679559 , 0.198434 , 0.229496 , 0.0614911 , 0.104767 , 0.133552 , 0.119994 , 0.0865294 , 0.132176 , 0.0821178 , 0.11325 , 0.0574361 , 0.125422 , 0.150454 , 0.0522139 , 0.325944 , 0.1725 , 0.104827 , 0.112505 , 0.259089 , 0.0943511 , 0.0623534 , 0.0793439 , 0.110362 , 0.207736 , 0.131798 , 0.128362 , 0.132359 , 0.0925907 , 0.110014 , 0.185886 , 0.0486064 , 0.0702006 , 0.113181 , 0.0776221 , 0.0889006 , 0.0924185 , 0.113609 , 0.107516 , 0.158796 , 0.1015 , 0.101568 , 0.132658 , 0.067519 , 0.179797 , 0.107899 , 0.10539 , 0.158659 , 0.108916 , 0.0492086 , 0.141447 , 0.0981573 , 0.174639 , 0.22091 , 0.0965199 , 0.100983 , 0.0793773 , 0.111278 , 0.117917 , 0.13112 , 0.100103 , 0.106902 , 0.161981 , 0.109497 , 0.0566455 , 0.0776648 , 0.15857 , 0.119173 , 0.14618 , 0.0673896 , 0.223313 , 0.182801 , 0.0987015 , 0.0593441 , 0.151308 , 0.0846719 , 0.0881392 , 0.112597 , 0.216219 , 0.102259 , 0.179264 , 0.0706078 , 0.194705 , 0.0884613 , 0.0649133 , 0.0638769 , 0.20333 , 0.0856776 , 0.224188 , 0.189675 , 0.337153 , 0.092411 , 0.148643 , 0.219295 , 0.0732957 , 0.272048 , 0.0651265 , 0.150572 , 0.127729 , 0.0800628 , 0.246564 , 0.112717 , 0.0795365 , 0.143514 , 0.244933 , 0.064355 , 0.203407 , 0.104025 , 0.164071 , 0.0803448 , 0.17276 , 0.24094 , 0.167468 , 0.0824896 , 0.301794 , 0.135951 , 0.0751887 , 0.189175 , 0.117659 , 0.183852 , 0.583763 , 0.132293 , 0.13156 , 0.14628 , 0.0994729 , 0.0876821 , 0.10641 , 0.230833 , 0.303591 , 0.121713 , 0.0564052 , 0.152946 , 0.190285 , 0.304537 , 0.14783 , 0.12321 , 0.178253 , 0.138882 , 0.131436 , 0.123598 , 0.164339 , 0.191692 , 0.140536 , 0.0732059 , 0.193437 , 0.196042 , 0.248969 , 0.18236 , 0.185508 , 0.156107 , 0.313494 , 0.215246 , 0.175086 , 0.0755145 , 0.192684 , 0.0705519 , 0.166239 , 0.0932746 , 0.10067 , 0.0550128 , 0.415683 , 0.065371 , 0.103594 , 0.188821 , 0.138599 , 0.102946 , 0.0772726 , 0.0850369 , 0.160879 , 0.135452 , 0.0942935 , 0.115839 , 0.0580203 , 0.15039 , 0.069374 , 0.0895419 , 0.127754 , 0.0766211 , 0.121002 , 0.0763605 , 0.090274 , 0.0580199 , 0.180837 , 0.118335 , 0.104059 , 0.355993 , 0.0626581 , 0.0762316 , 0.156291 , 0.0545795 , 0.111325 , 0.268335 , 0.164499 , 0.174931 , 0.15989 , 0.119546 , 0.187822 , 0.196179 , 0.147104 , 0.152728 , 0.185343 , 0.096618 , 0.313415 , 0.107266 , 0.150342 , 0.1141 , 0.132777 , 0.115738 , 0.147018 , 0.14041 , 0.0903205 , 0.154817 , 0.163109 , 0.0726032 , 0.187705 , 0.0820835 , 0.0812753 , 0.12818 , 0.169854 , 0.228971 , 0.190783 , 0.248667 , 0.20481 , 0.100432 , 0.0853565 , 0.122862 , 0.0700323 , 0.178057 , 0.0653964 , 0.0876655 , 0.202144 , 0.0822488 , 0.229192 , 0.121155 , 0.073142 , 0.102755 , 0.150556 , 0.07368 , 0.0965655 , 0.0940732 , 0.0558473 , 0.121515 , 0.0950333 , 0.126545 , 0.188648 , 0.119757 , 0.105292 , 0.131752 , 0.141114 , 0.113243 , 0.0718649 , 0.180994 , 0.0855764 , 0.0639042 , 0.107551 , 0.086877 , 0.135879 , 0.0540965 , 0.178281 , 0.20646 , 0.0815661 , 0.23741 , 0.0554581 , 0.168226 , 0.30609 , 0.166912 , 0.308572 , 0.0545831 , 0.0944667 , 0.155194 , 0.186496 , 0.0945526 , 0.137305 , 0.273274 , 0.0599479 , 0.124566 , 0.0546512 , 0.341845 , 0.136166 , 0.238618 , 0.195416 , 0.177056 , 0.172938 , 0.203708 , 0.101209 , 0.25182 , 0.0896366 , 0.0685459 , 0.0809289 , 0.128684 , 0.075837 , 0.0666048 , 0.150061 , 0.179243 , 0.0830715 , 0.133222 , 0.234006 , 0.155897 , 0.12114 , 0.089875 , 0.126184 , 0.136709 , 0.0833465 , 0.140769 , 0.165465 , 0.165613 , 0.106873 , 0.165711 , 0.372552 , 0.0871413 , 0.0827852 , 0.0841702 , 0.364264 , 0.101804 , 0.117484 , 0.226526 , 0.0612969 , 0.0579958 , 0.129656 , 0.0815864 , 0.0771836 , 0.139683 , 0.237055 , 0.155294 , 0.201984 , 0.0853209 , 0.204438 , 0.159369 , 0.0854505 , 0.112653 , 0.0410866 , 0.163381 , 0.0729293 , 0.155212 , 0.129281 , 0.0802226 , 0.0697722 , 0.267716 , 0.108163 , 0.200216 , 0.0538927 , 0.10533 , 0.0921456 , 0.0728718 , 0.0894854 , 0.0830946 , 0.0802582 , 0.157509 , 0.0835966 , 0.153807 , 0.100056 , 0.318558 , 0.256456 , 0.121402 , 0.226127 , 0.0692992 , 0.086954 , 0.17808 , 0.175482 , 0.0759523 , 0.125256 , 0.115579 , 0.103825 , 0.421094 , 0.100926 , 0.141718 , 0.225962 , 0.125286 , 0.120294 , 0.122014 , 0.0566547 , 0.247981 , 0.161363 , 0.0729916 , 0.12564 , 0.176532 , 0.225806 , 0.098697 , 0.218523 , 0.129356 , 0.135766 , 0.107162 , 0.164548 , 0.0560133 , 0.154626 , 0.127835 , 0.139032 , 0.164755 , 0.139931 , 0.141366 , 