var1=[0.164577 , 0.646504 , 0.426166 , 0.414016 , 0.255197 , 0.364695 , 0.258763 , 0.403334 , 0.252348 , 0.213237 , 0.386805 , 0.802746 , 0.345672 , 0.17193 , 0.179256 , 0.113367 , 0.577579 , 0.279472 , 0.425744 , 0.251532 , 0.205571 , 0.19693 , 0.149828 , 0.290493 , 0.262638 , 0.227463 , 0.108773 , 0.222585 , 0.209636 , 0.41148 , 0.394499 , 0.279488 , 0.234167 , 0.211093 , 0.150516 , 0.166177 , 0.268203 , 0.165225 , 0.316141 , 0.410488 , 0.332181 , 0.161198 , 0.360559 , 0.123334 , 0.246798 , 0.150463 , 0.313407 , 0.199757 , 0.419746 , 0.255619 , 0.205219 , 0.299616 , 0.322006 , 0.194326 , 0.285631 , 0.387582 , 0.290632 , 0.241533 , 0.0688773 , 0.284567 , 0.149227 , 0.416494 , 0.325074 , 0.210015 , 0.204573 , 0.204387 , 0.184174 , 0.223856 , 0.169316 , 0.147947 , 0.952937 , 0.3398 , 0.305041 , 0.35198 , 0.246357 , 0.293769 , 0.126743 , 0.354349 , 0.151087 , 0.175683 , 0.421167 , 0.312537 , 0.454345 , 0.648386 , 0.234723 , 0.264342 , 0.246861 , 0.188536 , 0.377316 , 0.263189 , 0.210895 , 0.0445413 , 0.421334 , 0.155774 , 0.420005 , 0.496688 , 0.308757 , 0.385035 , 0.418219 , 0.427732 , 0.253979 , 0.17926 , 0.129172 , 0.18562 , 0.263928 , 0.178375 , 0.157984 , 0.552019 , 0.156738 , 0.270894 , 0.341608 , 0.622359 , 0.243874 , 0.262888 , 0.245313 , 0.42292 , 0.295374 , 0.134548 , 0.314782 , 0.283772 , 0.385362 , 0.732078 , 0.116433 , 0.121384 , 0.246621 , 0.217964 , 0.246265 , 0.300819 , 0.195369 , 0.219024 , 0.245079 , 0.412311 , 0.16364 , 0.23467 , 0.312703 , 0.393401 , 0.436105 , 0.308002 , 0.391428 , 0.516756 , 0.650493 , 0.103436 , 0.59991 , 0.140759 , 0.358431 , 0.268086 , 0.398396 , 0.409972 , 0.350825 , 0.0514727 , 0.351016 , 0.309731 , 0.466607 , 0.246431 , 0.122489 , 0.236785 , 0.226716 , 0.160121 , 0.518622 , 0.137681 , 0.233311 , 0.0875002 , 0.598998 , 0.186983 , 0.248717 , 0.194729 , 0.247467 , 0.143851 , 0.322906 , 0.354809 , 0.166098 , 0.501556 , 0.209303 , 0.377642 , 0.536592 , 0.249375 , 0.250426 , 0.551222 , 0.307732 , 0.659664 , 0.198261 , 0.570588 , 0.231341 , 0.348206 , 0.235209 , 0.50035 , 0.159917 , 0.25756 , 0.110767 , 0.216585 , 0.589999 , 0.215232 , 0.411388 , 0.390096 , 0.207771 , 0.523765 , 0.190111 , 0.298081 , 0.140274 , 0.360895 , 0.257686 , 0.446915 , 0.229972 , 0.474126 , 0.257275 , 0.237948 , 0.437896 , 0.540125 , 0.238728 , 0.171966 , 0.224439 , 0.145308 , 0.427241 , 0.34428 , 0.326045 , 0.267871 , 0.127629 , 0.222147 , 0.3659 , 0.226225 , 0.215072 , 0.232971 , 0.231069 , 0.421296 , 0.528197 , 0.544069 , 0.267116 , 0.17729 , 0.754265 , 0.703285 , 0.197036 , 0.182597 , 0.388801 , 0.658346 , 0.114156 , 0.270417 , 0.233955 , 0.174838 , 0.408751 , 0.167236 , 0.374587 , 0.207448 , 0.288014 , 0.279269 , 0.23413 , 0.222895 , 0.321786 , 0.260368 , 0.189159 , 0.281654 , 0.416321 , 0.227411 , 0.192007 , 0.19433 , 0.319615 , 0.211389 , 0.452738 , 0.189752 , 0.298496 , 0.279763 , 0.853418 , 0.14722 , 0.367334 , 0.0663713 , 0.226763 , 0.245049 , 0.477769 , 0.248217 , 0.244957 , 0.420929 , 0.36615 , 0.199832 , 0.356979 , 0.282111 , 0.26546 , 0.362462 , 0.229509 , 0.273919 , 0.165474 , 0.24529 , 0.155183 , 0.442587 , 0.0956295 , 0.193827 , 0.223358 , 0.785089 , 0.283376 , 0.598935 , 0.330128 , 0.484609 , 0.250837 , 0.183855 , 0.193762 , 0.174774 , 0.415588 , 0.400811 , 0.170323 , 0.280439 , 0.0637953 , 0.136897 , 0.317631 , 0.178221 , 0.172148 , 0.309927 , 0.220758 , 0.177356 , 0.583628 , 0.173142 , 0.192532 , 0.223992 , 0.141362 , 0.356339 , 0.315871 , 0.143924 , 0.323572 , 0.1798 , 0.178433 , 0.197299 , 0.260541 , 0.273283 , 0.136077 , 0.525583 , 0.236451 , 0.235677 , 0.207748 , 0.229147 , 0.402441 , 0.499418 , 0.189177 , 0.188304 , 0.282392 , 0.247106 , 0.318832 , 0.294586 , 0.125383 , 0.158615 , 0.377095 , 0.097904 , 0.131393 , 0.209192 , 0.246949 , 0.342391 , 0.527413 , 1.21779 , 0.240369 , 0.214214 , 0.221581 , 0.182839 , 0.249493 , 0.620542 , 0.26647 , 0.246435 , 0.386314 , 0.376756 , 0.2641 , 0.298052 , 0.297132 , 0.269885 , 0.163643 , 0.191951 , 0.310692 , 0.416161 , 0.179703 , 0.510246 , 0.334848 , 0.276949 , 0.160649 , 0.145676 , 0.654783 , 0.318684 , 0.125599 , 0.34074 , 0.215397 , 0.292374 , 0.138771 , 0.315648 , 0.217123 , 0.257105 , 0.298899 , 0.504783 , 0.324079 , 0.460022 , 0.256603 , 0.356594 , 0.241931 , 0.277545 , 0.115667 , 0.239227 , 0.237624 , 0.493928 , 0.151058 , 0.333863 , 0.270525 , 0.884742 , 0.127601 , 0.131208 , 0.278049 , 0.343749 , 0.498387 , 0.328085 , 0.167506 , 0.466209 , 0.326617 , 0.207413 , 0.416842 , 0.180311 , 0.1964 , 0.257173 , 0.223458 , 0.885563 , 0.184991 , 0.144311 , 0.171061 , 0.324231 , 0.296864 , 0.137951 , 0.508996 , 0.449983 , 0.185191 , 0.310111 , 0.397332 , 0.229259 , 0.374609 , 0.189732 , 0.506038 , 0.234515 , 0.293082 , 0.757442 , 0.402151 , 0.320147 , 0.430957 , 0.160614 , 0.252072 , 0.522871 , 0.380753 , 0.214708 , 0.182895 , 0.438487 , 0.239873 , 0.237593 , 0.207279 , 0.0929169 , 0.386112 , 0.275162 , 0.249838 , 0.327095 , 0.415816 , 0.197873 , 0.276609 , 0.3548 , 0.214852 , 0.333244 , 0.41422 , 0.241018 , 0.263955 , 0.230178 , 0.358507 , 0.337839 , 0.298754 , 0.28211 , 0.133518 , 0.464716 , 0.106019 , 0.377864 , 0.202874 , 0.225119 , 0.273787 , 0.260951 , 0.247182 , 0.175933 , 0.812717 , 0.850116 , 0.403496 , 0.380525 , 0.439599 , 0.258904 , 0.199616 , 0.152313 , 0.266523 , 0.410541 , 0.353626 , 0.187165 , 0.172858 , 0.496352 , 0.366815 , 0.247793 , 0.283763 , 0.205666 , 0.39687 , 0.496189 , 0.161362 , 0.269695 , 0.28044 , 0.200398 , 0.326104 , 0.204268 , 0.239526 , 0.328151 , 0.183201 , 0.295682 , 0.30958 , 0.262514 , 0.204719 , 0.501585 , 0.068428 , 0.488154 , 0.162402 , 0.165994 , 0.258111 , 0.154728 , 0.413735 , 0.320821 , 0.179352 , 0.332925 , 0.228291 , 0.495954 , 0.138648 , 0.332922 , 0.384518 , 0.825538 , 0.296032 , 0.184746 , 0.212581 , 0.460806 , 0.204869 , 0.102382 , 0.220127 , 0.146632 , 0.177118 , 0.535026 , 0.120193 , 0.223331 , 0.450921 , 0.276192 , 0.230493 , 0.406707 , 0.226333 , 0.4494 , 0.372112 , 0.245013 , 0.398941 , 0.347993 , 0.12995 , 0.178112 , 0.441126 , 0.354185 , 0.201902 , 0.145476 , 0.207492 , 0.25992 , 0.330659 , 0.281689 , 0.285419 , 0.282651 , 0.339914 , 0.615488 , 0.211464 , 0.0979268 , 0.216213 , 0.258657 , 0.102224 , 0.270828 , 0.292134 , 0.662273 , 0.19892 , 0.168945 , 0.226057 , 0.222107 , 0.240649 , 0.46701 , 0.218109 , 0.20825 , 0.386703 , 0.235285 , 0.620036 , 0.113782 , 0.431662 , 0.268352 , 0.215625 , 0.189463 , 0.143294 , 0.246143 , 0.385686 , 0.31373 , 0.200205 , 0.321566 , 0.466206 , 0.16989 , 0.450106 , 0.457932 , 0.285882 , 0.503856 , 0.258745 , 0.196804 , 0.411034 , 0.225375 , 0.15225 , 0.197918 , 0.252623 , 0.221372 , 0.195271 , 0.168626 , 0.317408 , 0.391414 , 0.310663 , 0.402464 , 0.608219 , 0.302612 , 0.129774 , 0.174005 , 0.350766 , 0.296842 , 0.177 , 0.271798 , 0.194507 , 0.159433 , 0.34275 , 0.229889 , 0.311403 , 0.361778 , 1.18341 , 0.243625 , 0.196169 , 0.399534 , 0.346139 , 0.597907 , 0.130824 , 0.307852 , 0.343921 , 0.167356 , 0.214039 , 0.189334 , 0.486357 , 0.147489 , 0.497738 , 0.427512 , 0.504869 , 0.187455 , 0.25032 , 0.228344 , 0.210714 , 0.245577 , 0.283216 , 1.25958 , 0.192069 , 0.319411 , 0.316089 , 0.559942 , 0.323863 , 0.371681 , 0.647368 , 0.234109 , 0.149721 , 0.429543 , 0.173275 , 0.469121 , 0.602813 , 0.489993 , 0.235799 , 0.127094 , 0.147355 , 0.433179 , 0.446589 , 0.163165 , 0.334487 , 0.410286 , 0.572958 , 0.320988 , 0.210339 , 0.482897 , 0.386738 , 0.29888 , 0.224331 , 0.313048 , 0.318707 , 0.167842 , 0.448022 , 0.209898 , 0.347539 , 0.158202 , 0.501281 , 0.24469 , 0.246291 , 0.26985 , 0.149929 , 0.882206 , 0.167165 , 0.197301 , 0.592051 , 0.330345 , 0.228307 , 0.313101 , 0.327327 , 0.254026 , 0.156789 , 0.211839 , 0.239679 , 0.126491 , 0.200873 , 0.173737 , 0.294628 , 0.17438 , 0.338922 , 0.337511 , 0.165386 , 0.165217 , 0.211314 , 0.199796 , 0.194281 , 0.244562 , 0.186256 , 0.241581 , 0.179112 , 0.255422 , 0.39613 , 0.256897 , 0.268991 , 0.212349 , 0.319137 , 0.33783 , 0.21632 , 0.264589 , 0.383674 , 0.225089 , 0.255051 , 0.791199 , 0.65292 , 0.256014 , 0.353738 , 0.621774 , 0.27747 , 0.540471 ,