var1=[0.209749 , 0.156522 , 1.30523 , 0.201705 , 0.20353 , 0.194152 , 0.350546 , 0.451044 , 0.612504 , 0.630339 , 0.299581 , 0.489713 , 0.327262 , 0.217013 , 0.174844 , 0.238362 , 0.222023 , 0.256773 , 0.534445 , 0.303353 , 0.270133 , 0.273164 , 0.149713 , 0.325489 , 0.119226 , 0.261975 , 0.229789 , 0.148369 , 0.436142 , 0.19921 , 0.609895 , 0.363309 , 0.755262 , 0.391082 , 0.416475 , 0.27122 , 0.390216 , 0.529175 , 0.420765 , 0.442443 , 0.545686 , 0.0890178 , 0.42052 , 0.508954 , 0.433222 , 0.311258 , 0.157756 , 0.162262 , 0.263952 , 0.293397 , 0.372483 , 0.149769 , 0.479963 , 0.237519 , 0.603419 , 0.453674 , 0.0890272 , 0.407719 , 0.25788 , 0.304101 , 0.370504 , 0.269476 , 0.333061 , 0.405561 , 0.344936 , 0.311748 , 0.388695 , 0.331463 , 0.249107 , 0.393847 , 0.236026 , 0.261279 , 0.241976 , 0.648337 , 0.324753 , 0.262023 , 0.355681 , 0.233916 , 0.0789617 , 0.988179 , 0.343766 , 0.338464 , 0.260952 , 0.46046 , 0.329088 , 0.336981 , 0.310477 , 0.600452 , 0.19516 , 0.519334 , 0.347575 , 0.262039 , 0.182233 , 0.367842 , 0.348244 , 0.602261 , 0.105542 , 0.18437 , 0.269267 , 0.274057 , 0.20769 , 0.204476 , 1.07685 , 0.424043 , 0.203369 , 0.252589 , 0.376477 , 0.420151 , 0.272929 , 0.368821 , 0.555589 , 0.282819 , 0.324053 , 0.251174 , 0.313833 , 0.208484 , 0.224523 , 0.330277 , 0.414228 , 0.321439 , 0.173979 , 0.397783 , 0.251639 , 0.199162 , 0.203443 , 0.26131 , 0.646959 , 0.19172 , 0.240885 , 1.50507 , 0.250851 , 0.139588 , 0.535779 , 0.0691499 , 0.192497 , 0.432817 , 0.276088 , 0.148986 , 0.572348 , 0.386107 , 0.568865 , 0.395261 , 0.430311 , 0.257801 , 0.378825 , 0.165525 , 0.867679 , 0.200756 , 0.264374 , 0.366178 , 0.165386 , 0.179033 , 0.231873 , 0.343515 , 0.782546 , 0.284273 , 0.198579 , 0.198148 , 0.342778 , 0.351583 , 0.159891 , 0.474218 , 0.311604 , 0.332184 , 0.298698 , 0.312215 , 0.296112 , 0.640964 , 0.205811 , 0.672805 , 0.476979 , 0.474496 , 0.325176 , 0.226541 , 0.165595 , 0.243952 , 0.483747 , 0.587445 , 0.261263 , 0.752033 , 0.610363 , 0.268499 , 1.03111 , 0.597818 , 0.499217 , 0.51419 , 0.414536 , 0.269179 , 0.273706 , 0.936176 , 0.333909 , 0.296267 , 0.232796 , 0.228095 , 0.270919 , 0.108804 , 0.371035 , 0.272536 , 0.400825 , 0.422956 , 0.229346 , 0.71187 , 0.139746 , 0.233934 , 0.113757 , 0.271044 , 0.64503 , 0.354641 , 0.493565 , 0.429993 , 0.347785 , 0.325071 , 0.237018 , 0.202636 , 0.968025 , 0.162488 , 0.175527 , 0.39914 , 0.219808 , 0.227751 , 0.624928 , 0.291135 , 0.221817 , 0.223481 , 0.496318 , 0.503033 , 0.123133 , 0.272192 , 0.292013 , 0.313057 , 0.203862 , 0.311151 , 0.32764 , 0.384645 , 0.266866 , 0.267623 , 0.545835 , 0.29162 , 0.150849 , 0.207437 , 0.188161 , 0.137167 , 0.409045 , 0.292929 , 0.586879 , 0.495089 , 0.322808 , 0.498569 , 0.14006 , 0.605097 , 0.283468 , 0.264531 , 0.309453 , 0.346278 , 0.445324 , 0.16921 , 0.237382 , 0.22588 , 0.206237 , 0.765951 , 0.267666 , 0.40841 , 0.304977 , 0.21557 , 0.276869 , 0.397831 , 0.194424 , 0.133322 , 0.447848 , 0.250514 , 0.431208 , 0.792044 , 0.272164 , 0.163045 , 0.369667 , 0.256676 , 0.251985 , 0.33042 , 0.275611 , 0.193155 , 0.281319 , 0.125287 , 0.0673894 , 0.429632 , 0.241261 , 0.412881 , 0.852878 , 0.541457 , 0.223888 , 0.247462 , 0.25383 , 0.370435 , 0.24225 , 0.241903 , 0.37488 , 0.361025 , 0.205566 , 0.185092 , 0.365937 , 0.23629 , 0.288246 , 0.844739 , 0.158661 , 0.331676 , 0.157809 , 0.262599 , 0.379663 , 0.186604 , 0.190304 , 0.308814 , 0.212965 , 0.239774 , 0.562554 , 0.247738 , 0.374248 , 0.312239 , 0.324185 , 0.358828 , 0.103347 , 0.539743 , 0.369413 , 0.169641 , 0.23179 , 0.298977 , 0.293007 , 0.359048 , 0.363353 , 0.181483 , 0.424831 , 0.753434 , 0.268598 , 0.817335 , 0.177979 , 0.285469 , 0.319124 , 0.148672 , 0.307135 , 0.237399 , 0.257009 , 0.2192 , 0.318528 , 0.207479 , 0.266549 , 0.665248 , 0.354381 , 0.18219 , 0.240043 , 0.12989 , 0.324942 , 0.334204 , 0.235259 , 0.62167 , 0.226996 , 0.330164 , 0.431023 , 0.314889 , 0.122952 , 0.307279 , 0.622733 , 0.453282 , 0.189831 , 0.295273 , 0.247986 , 0.240166 , 0.273397 , 0.259893 , 0.327005 , 0.294979 , 0.531019 , 0.351394 , 0.868782 , 0.173763 , 0.297441 , 0.399258 , 0.252156 , 0.215742 , 0.419219 , 0.0912769 , 0.456322 , 0.406008 , 0.224328 , 0.231859 , 0.211791 , 0.320011 , 0.348435 , 0.211308 , 0.186838 , 0.455104 , 0.140283 , 0.3146 , 0.458484 , 0.476387 , 0.425366 , 0.196132 , 0.23821 , 0.534596 , 0.274843 , 0.208351 , 0.364478 , 0.637335 , 0.343383 , 0.207926 , 0.368399 , 0.238029 , 0.355631 , 0.214515 , 0.219165 , 0.510703 , 0.268021 , 0.430192 , 0.424603 , 0.240434 , 0.119845 , 0.32109 , 0.392021 , 0.51756 , 0.344872 , 0.193937 , 0.333375 , 0.294389 , 0.129088 , 0.359889 , 0.311867 , 0.323314 , 0.282193 , 0.831465 , 0.648118 , 0.136489 , 0.241044 , 0.26564 , 0.448679 , 0.490825 , 0.844499 , 0.416034 , 0.339505 , 0.256353 , 0.309542 , 0.236255 , 0.373338 , 0.393248 , 0.216371 , 0.230062 , 0.235518 , 0.496332 , 0.272811 , 0.252149 , 0.726921 , 0.202497 , 0.368819 , 0.396715 , 0.303168 , 0.181107 , 0.476329 , 0.522848 , 0.274412 , 0.284948 , 0.26098 , 0.354673 , 0.915732 , 0.46744 , 0.237757 , 0.209221 , 0.26039 , 0.214245 , 0.260226 , 0.280522 , 0.286034 , 0.336722 , 0.539126 , 0.285202 , 0.451488 , 0.744124 , 0.275881 , 0.334352 , 0.267891 , 0.343534 , 0.584306 , 0.193981 , 0.311189 , 0.241063 , 0.175482 , 0.273282 , 0.501862 , 0.14723 , 0.433921 , 0.22194 , 0.22592 , 0.285136 , 0.455781 , 0.36305 , 0.345357 , 0.377671 , 0.282796 , 0.892828 , 0.485807 , 0.22557 , 0.049189 , 0.542415 , 0.603324 , 0.213173 , 0.657099 , 0.266063 , 0.247155 , 0.84413 , 0.366167 , 0.0912333 , 0.191112 , 0.377834 , 0.378567 , 0.225663 , 0.341955 , 0.296614 , 0.284826 , 0.632071 , 0.404403 , 0.339612 , 0.14347 , 0.326744 , 0.10488 , 0.368159 , 0.286752 , 0.403343 , 0.088159 , 0.550113 , 0.902671 , 0.204349 , 0.306205 , 0.354607 , 0.21226 , 0.701601 , 0.206764 , 0.489411 , 0.145538 , 0.455984 , 1.32915 , 0.342009 , 0.145868 , 0.327063 , 0.403286 , 0.205545 , 0.336618 , 0.104759 , 0.82908 , 0.586353 , 0.303487 , 0.432973 , 0.289118 , 0.191428 , 0.188706 , 0.833279 , 0.286701 , 0.244884 , 0.589507 , 0.255589 , 0.484357 , 0.188938 , 0.370253 , 0.153886 , 0.520927 , 0.315691 , 0.230901 , 0.697132 , 0.265591 , 0.170013 , 0.34049 , 0.114248 , 0.352922 , 0.372168 , 0.33907 , 0.111759 , 0.212504 , 0.241163 , 0.227647 , 0.0955654 , 0.687263 , 0.965331 , 0.573 , 0.558987 , 0.296749 , 0.614317 , 0.237303 , 0.279576 , 0.345714 , 0.295608 , 0.253585 , 0.500601 , 0.31341 , 0.348207 , 0.271752 , 0.185006 , 0.126318 , 0.282555 , 0.177835 , 0.305059 , 0.557119 , 0.326801 , 0.295383 , 0.186805 , 0.309772 , 0.402715 , 0.243189 , 0.605354 , 0.258388 , 0.189197 , 0.51343 , 0.36803 , 0.20295 , 0.243251 , 0.19172 , 0.169511 , 0.332201 , 0.178732 , 0.400612 , 0.18317 , 0.184839 , 0.189638 , 0.305351 , 0.242575 , 0.379161 , 0.177769 , 1.56901 , 0.768042 , 0.384108 , 0.700786 , 0.244679 , 0.229517 , 0.266158 , 0.694103 , 0.218771 , 0.299126 , 0.300821 , 0.304862 , 0.417578 , 0.391152 , 0.234952 , 0.218265 , 0.222271 , 0.154728 , 0.416402 , 0.161064 , 0.45201 , 0.176772 , 0.358668 , 0.339454 , 0.223329 , 0.204467 , 0.393066 , 0.321069 , 0.361748 , 0.230979 , 0.295112 , 0.164331 , 0.0769178 , 0.376695 , 0.25495 , 0.302753 , 0.642136 , 0.420225 , 0.204776 , 0.358875 , 0.451968 , 0.488743 , 0.617568 , 0.453765 , 0.340323 , 0.0835719 , 0.771523 , 0.145515 , 0.285293 , 0.2596 , 0.206324 , 0.170982 , 0.18762 , 0.103985 , 0.874241 , 1.31286 , 0.762038 , 0.23473 , 0.376686 , 0.897442 , 0.343894 , 0.724856 , 0.348057 , 0.397839 , 0.515793 , 0.347199 , 0.380719 , 0.410228 , 0.460287 , 0.370763 , 0.7359 , 0.27101 , 0.100051 , 0.193393 , 0.483571 , 0.316904 , 0.16893 , 0.26296 , 0.164878 , 0.266324 , 0.603095 , 0.487384 , 0.499294 , 0.863646 , 0.14833 , 0.253549 , 0.530091 , 0.129655 , 0.111957 , 0.354635 , 0.491973 , 0.215507 , 0.347892 , 0.309479 , 0.2872 , 0.27328 , 0.315887 , 0.312309 , 0.465621 , 0.36735 , 0.259231 , 0.413632 , 0.285158 , 0.400186 , 0.235845 , 0.505084 , 0.283868 , 0.529095 , 0.456967 , 0.440692 , 0.193003 , 0.288165 , 0.606838 , 