var1=[0.0989453 , 0.12696 , 0.120789 , 0.160855 , 0.128348 , 0.0773843 , 0.153076 , 0.196123 , 0.141492 , 0.0895956 , 0.211005 , 0.109497 , 0.0629614 , 0.0699612 , 0.242145 , 0.190474 , 0.116528 , 0.147392 , 0.134325 , 0.112367 , 0.133151 , 0.200587 , 0.0791364 , 0.139945 , 0.244645 , 0.167791 , 0.0932212 , 0.227174 , 0.194717 , 0.100303 , 0.194476 , 0.153785 , 0.212524 , 0.136871 , 0.0964163 , 0.14565 , 0.1846 , 0.100097 , 0.222904 , 0.138299 , 0.345632 , 0.091969 , 0.129114 , 0.140409 , 0.100769 , 0.125621 , 0.166723 , 0.0935951 , 0.189201 , 0.253297 , 0.277608 , 0.152259 , 0.156829 , 0.0753931 , 0.133376 , 0.169324 , 0.212431 , 0.163792 , 0.345821 , 0.165405 , 0.166743 , 0.107962 , 0.178062 , 0.0983287 , 0.114543 , 0.343444 , 0.107925 , 0.283509 , 0.14295 , 0.077228 , 0.163081 , 0.271725 , 0.126856 , 0.157358 , 0.128748 , 0.0948957 , 0.190329 , 0.147256 , 0.226273 , 0.124405 , 0.296174 , 0.227579 , 0.0715502 , 0.202582 , 0.163238 , 0.242397 , 0.107864 , 0.106172 , 0.116014 , 0.120027 , 0.164864 , 0.083323 , 0.223992 , 0.100856 , 0.0972326 , 0.296506 , 0.102163 , 0.182821 , 0.178085 , 0.0701263 , 0.160478 , 0.198087 , 0.201947 , 0.298424 , 0.0905029 , 0.166249 , 0.216554 , 0.193556 , 0.0897168 , 0.194146 , 0.239126 , 0.324834 , 0.172722 , 0.159648 , 0.200672 , 0.311002 , 0.101388 , 0.307318 , 0.197114 , 0.199097 , 0.118116 , 0.0918093 , 0.113448 , 0.160557 , 0.127675 , 0.100914 , 0.243752 , 0.189002 , 0.0771006 , 0.129972 , 0.105966 , 0.0823587 , 0.105721 , 0.0844193 , 0.0999703 , 0.166421 , 0.181994 , 0.125616 , 0.195142 , 0.0924773 , 0.118368 , 0.0862043 , 0.0799759 , 0.223019 , 0.182505 , 0.109364 , 0.288992 , 0.191218 , 0.120095 , 0.117555 , 0.155957 , 0.10695 , 0.277339 , 0.0850905 , 0.163388 , 0.0567054 , 0.383424 , 0.0935426 , 0.203275 , 0.178408 , 0.0670622 , 0.16666 , 0.114202 , 0.0936395 , 0.132163 , 0.0954253 , 0.215334 , 0.165086 , 0.120137 , 0.244972 , 0.142399 , 0.112685 , 0.105895 , 0.184918 , 0.0701364 , 0.227161 , 0.111895 , 0.0998035 , 0.139011 , 0.160315 , 0.124293 , 0.108879 , 0.232189 , 0.156929 , 0.210968 , 0.196194 , 0.0793576 , 0.0757249 , 0.160486 , 0.115786 , 0.149815 , 0.165475 , 0.105205 , 0.285913 , 0.173848 , 0.162224 , 0.102326 , 0.180398 , 0.136593 , 0.355797 , 0.109283 , 0.167902 , 0.144356 , 0.156673 , 0.115709 , 0.252293 , 0.152465 , 0.283009 , 0.219508 , 0.122382 , 0.107431 , 0.17382 , 0.156624 , 0.207422 , 0.191426 , 0.313193 , 0.164912 , 0.134603 , 0.137995 , 0.21542 , 0.187068 , 0.112278 , 0.11404 , 0.110045 , 0.0775442 , 0.213568 , 0.0772128 , 0.076055 , 0.120103 , 0.0788817 , 0.195573 , 0.10044 , 0.150936 , 0.169768 , 0.0940679 , 0.161948 , 0.282416 , 0.221375 , 0.159767 , 0.139059 , 0.208207 , 0.217001 , 0.108753 , 0.10482 , 0.0910909 , 0.148955 , 0.110433 , 0.142768 , 0.0803845 , 0.0857288 , 0.133133 , 0.122046 , 0.154731 , 0.207559 , 0.100775 , 0.254627 , 0.0854683 , 0.138845 , 0.143252 , 0.217424 , 0.155928 , 0.174848 , 0.160474 , 0.11133 , 0.138359 , 0.238252 , 0.171331 , 0.0659452 , 0.27528 , 0.113345 , 0.186685 , 0.258662 , 0.114262 , 0.0692256 , 0.210772 , 0.168921 , 0.116455 , 0.0862277 , 0.0711461 , 0.159094 , 0.0987125 , 0.0689629 , 0.0924852 , 0.166317 , 0.104947 , 0.266217 , 0.086004 , 0.0789365 , 0.128919 , 0.110143 , 0.303905 , 0.225689 , 0.104627 , 0.18013 , 0.220182 , 0.178412 , 0.133478 , 0.221471 , 0.133853 , 0.231648 , 0.384162 , 0.133199 , 0.0979302 , 0.123308 , 0.079601 , 0.11425 , 0.0883001 , 0.102689 , 0.27262 , 0.288461 , 0.166055 , 0.0934276 , 0.127201 , 0.165489 , 0.10979 , 0.135833 , 0.163837 , 0.165893 , 0.0814401 , 0.196559 , 0.0909734 , 0.2649 , 0.252361 , 0.460546 , 0.0898479 , 0.227315 , 0.230227 , 0.13734 , 0.138964 , 0.11538 , 0.16934 , 0.124452 , 0.183776 , 0.0742651 , 0.182811 , 0.0700338 , 0.127138 , 0.119549 , 0.196784 , 0.177689 , 0.164282 , 0.053094 , 0.465715 , 0.193385 , 0.141923 , 0.0922323 , 0.191805 , 0.0760409 , 0.12598 , 0.17803 , 0.24939 , 0.10871 , 0.120069 , 0.128807 , 0.060153 , 0.198705 , 0.103223 , 0.215 , 0.142345 , 0.317534 , 0.134071 , 0.380073 , 0.123309 , 0.105398 , 0.25454 , 0.141461 , 0.0970005 , 0.108048 , 0.244988 , 0.099372 , 0.0679424 , 0.076958 , 0.197907 , 0.0697414 , 0.128566 , 0.139776 , 0.113613 , 0.135528 , 0.114063 , 0.28754 , 0.17122 , 0.107072 , 0.166612 , 0.119903 , 0.143497 , 0.0956858 , 0.0960758 , 0.0696637 , 0.188577 , 0.0761141 , 0.126821 , 0.0912482 , 0.182049 , 0.0933759 , 0.408302 , 0.173491 , 0.0602916 , 0.131482 , 0.132932 , 0.116833 , 0.139538 , 0.0579904 , 0.14905 , 0.139572 , 0.172208 , 0.145462 , 0.0954004 , 0.149057 , 0.0803889 , 0.186978 , 0.126973 , 0.171824 , 0.0970678 , 0.131716 , 0.0484151 , 0.0834678 , 0.118303 , 0.230793 , 0.230115 , 0.0775374 , 0.0508579 , 0.131704 , 0.0929755 , 0.225898 , 0.132401 , 0.111626 , 0.121649 , 0.204645 , 0.0947723 , 0.0978937 , 0.144988 , 0.076588 , 0.103861 , 0.21228 , 0.170658 , 0.105567 , 0.184541 , 0.0878207 , 0.0807233 , 0.163723 , 0.207919 , 0.224685 , 0.0692139 , 0.146751 , 0.244489 , 0.144197 , 0.232589 , 0.0734405 , 0.0985055 , 0.114251 , 0.124977 , 0.13814 , 0.135927 , 0.150554 , 0.113918 , 0.0951456 , 0.13236 , 0.102148 , 0.194221 , 0.164789 , 0.0969429 , 0.0665003 , 0.065586 , 0.165563 , 0.132378 , 0.198728 , 0.140292 , 0.0874704 , 0.0765476 , 0.0957123 , 0.108717 , 0.0916972 , 0.130511 , 0.288371 , 0.225251 , 0.11466 , 0.144293 , 0.196226 , 0.215093 , 0.0717386 , 0.123347 , 0.207515 , 0.155984 , 0.282909 , 0.225841 , 0.145721 , 0.0889714 , 0.137626 , 0.180187 , 0.113848 , 0.117453 , 0.112961 , 0.223114 , 0.100688 , 0.1366 , 0.189828 , 0.137056 , 0.0958744 , 0.124093 , 0.102733 , 0.131031 , 0.254951 , 0.12399 , 0.085317 , 0.120554 , 0.0969381 , 0.192442 , 0.0875136 , 0.106737 , 0.141557 , 0.23361 , 0.0967345 , 0.158158 , 0.134295 , 0.335602 , 0.0802838 , 0.0733205 , 0.199959 , 0.18847 , 0.208285 , 0.0867875 , 0.108082 , 0.18928 , 0.173625 , 0.102533 , 0.164963 , 0.0890111 , 0.159063 , 0.154425 , 0.108837 , 0.0875154 , 0.168269 , 0.0965168 , 0.143925 , 0.146015 , 0.240787 , 0.197048 , 0.12849 , 0.134738 , 0.208666 , 0.0674444 , 0.0978255 , 0.102322 , 0.0688846 , 0.0875647 , 0.148086 , 0.10136 , 0.0591496 , 0.0856487 , 0.246054 , 0.0570421 , 0.153364 , 0.213503 , 0.12668 , 0.0647362 , 0.0944273 , 0.15939 , 0.0865233 , 0.128979 , 0.118747 , 0.0761657 , 0.155328 , 0.0794427 , 0.122828 , 0.147152 , 0.16937 , 0.0705676 , 0.162644 , 0.189549 , 0.136931 , 0.113974 , 0.11625 , 0.0830266 , 0.154392 , 0.179694 , 0.107024 , 0.0851087 , 0.177589 , 0.231648 , 0.146449 , 0.17551 , 0.146424 , 0.10774 , 0.093026 , 0.151376 , 0.174846 , 0.11475 , 0.178476 , 0.209591 , 0.179694 , 0.205122 , 0.211008 , 0.0854432 , 0.262712 , 0.0416868 , 0.191958 , 0.31619 , 0.238058 , 0.124399 , 0.166438 , 0.171475 , 0.0885893 , 0.256581 , 0.0952047 , 0.305551 , 0.191104 , 0.108671 , 0.100695 , 0.106315 , 0.176015 , 0.184945 , 0.068996 , 0.0551968 , 0.128715 , 0.179425 , 0.067628 , 0.183722 , 0.269436 , 0.105641 , 0.141342 , 0.199539 , 0.145676 , 0.213194 , 0.158481 , 0.115734 , 0.335401 , 0.18641 , 0.13941 , 0.206858 , 0.107075 , 0.343317 , 0.133312 , 0.486954 , 0.140633 , 0.118668 , 0.0756498 , 0.139278 , 0.32683 , 0.183028 , 0.150262 , 0.136613 , 0.12221 , 0.0882558 , 0.074884 , 0.121797 , 0.146964 , 0.0661891 , 0.180144 , 0.167464 , 0.169318 , 0.11248 , 0.274168 , 0.15528 , 0.22042 , 0.103903 , 0.211635 , 0.0529186 , 0.23475 , 0.0917978 , 0.134453 , 0.148421 , 0.0877507 , 0.120485 , 0.0982313 , 0.0911912 , 0.0604167 , 0.155118 , 0.226065 , 0.282814 , 0.109042 , 0.135852 , 0.446082 , 0.125257 , 0.116369 , 0.15951 , 0.116891 , 0.238547 , 0.118916 , 0.159212 , 0.290694 , 0.121931 , 0.16972 , 0.176301 , 0.104514 , 0.0834918 , 0.276537 , 0.129712 , 0.236844 , 0.107292 , 0.115703 , 0.11297 , 0.175643 , 0.0807276 , 0.16501 , 0.149656 , 0.13594 , 0.204595 , 0.083259 , 0.126297 , 0.133032 , 0.117401 , 0.100634 , 0.14753 , 0.165647 , 0.157187 , 0.110224 , 0.107655 , 0.166453 , 0.143537 , 0.2059 , 0.129158 , 0.10007 , 0.118654 , 0.19239 , 0.234583 , 0.106262 , 0.142772 , 0.0850117 , 0.283467 , 0.192581 , 