var1=[0.138537 , 0.26069 , 0.333037 , 0.176213 , 0.341409 , 0.537895 , 0.354425 , 0.160111 , 0.364705 , 0.173564 , 0.219507 , 0.300662 , 0.431393 , 0.358002 , 1.19072 , 0.390666 , 0.457961 , 0.376749 , 0.313227 , 0.35347 , 0.339721 , 0.356064 , 0.402255 , 0.407157 , 1.05079 , 0.37439 , 0.160997 , 0.378742 , 0.19472 , 0.728291 , 0.375572 , 0.2229 , 0.5489 , 0.583798 , 1.03723 , 0.159309 , 0.655433 , 0.142539 , 1.13376 , 0.392667 , 0.418408 , 0.191191 , 0.386436 , 0.300324 , 1.20088 , 0.110595 , 0.506513 , 0.416427 , 0.295862 , 0.166686 , 0.0962148 , 0.239525 , 0.258978 , 0.599162 , 0.0985569 , 0.426208 , 0.709642 , 0.499663 , 0.603023 , 0.551818 , 0.550015 , 0.36594 , 0.842088 , 0.789066 , 0.26998 , 0.241316 , 0.377093 , 0.451772 , 0.307187 , 0.147447 , 0.426239 , 0.486312 , 0.491747 , 0.3197 , 0.151929 , 0.378333 , 0.528352 , 0.499693 , 0.45473 , 0.956423 , 0.514978 , 0.619357 , 0.889934 , 0.495407 , 0.237026 , 0.497058 , 0.385144 , 0.355554 , 0.209286 , 0.117307 , 0.38409 , 0.365278 , 0.365404 , 0.474363 , 0.176413 , 0.390787 , 0.573493 , 0.817778 , 0.459948 , 0.303322 , 0.268624 , 0.343477 , 0.269941 , 0.318243 , 0.358727 , 0.360488 , 1.11314 , 0.573068 , 0.574731 , 0.39154 , 0.275201 , 0.179631 , 0.541591 , 0.589735 , 0.252282 , 0.499773 , 0.361666 , 0.41643 , 0.505138 , 0.395775 , 0.0838194 , 0.151001 , 0.366385 , 0.38897 , 0.606147 , 0.613488 , 0.516129 , 0.356237 , 0.337194 , 0.205532 , 0.315261 , 0.476366 , 0.440961 , 0.517592 , 0.3872 , 0.271577 , 0.915128 , 0.365417 , 0.986227 , 0.435899 , 0.433583 , 0.16553 , 0.536425 , 0.66459 , 0.225167 , 0.595619 , 0.583001 , 0.346402 , 0.405152 , 0.445664 , 0.413752 , 0.369357 , 0.193605 , 0.807276 , 0.310619 , 0.373152 , 0.521424 , 0.580832 , 0.334723 , 0.432084 , 0.461687 , 0.226249 , 0.31372 , 1.27588 , 1.30119 , 0.339477 , 0.296793 , 0.173345 , 0.361656 , 0.245484 , 0.689306 , 0.303199 , 0.36612 , 0.336196 , 0.411836 , 0.730101 , 0.28903 , 0.469003 , 0.416839 , 2.10568 , 1.10187 , 0.278113 , 0.230984 , 0.62356 , 0.495708 , 2.66303 , 0.671601 , 0.259371 , 0.186079 , 0.942151 , 0.184878 , 0.511179 , 0.33539 , 0.190272 , 0.450534 , 0.719682 , 0.387143 , 0.89215 , 0.647841 , 0.574771 , 0.398747 , 0.887009 , 0.250041 , 0.523201 , 0.717185 , 0.917009 , 0.281666 , 0.310049 , 0.328532 , 0.221456 , 0.170256 , 0.44626 , 0.404094 , 0.515884 , 0.207626 , 0.348306 , 0.654752 , 1.33329 , 0.166217 , 0.423888 , 0.166029 , 0.325581 , 0.448209 , 0.641396 , 0.583173 , 0.197685 , 0.30184 , 0.334229 , 0.258693 , 0.114894 , 0.495999 , 0.534533 , 0.287773 , 0.516301 , 0.241664 , 0.704886 , 0.595906 , 0.483225 , 0.361424 , 0.213256 , 0.239954 , 0.623188 , 0.949419 , 0.254462 , 0.304554 , 0.36276 , 0.487882 , 0.480612 , 0.306979 , 0.378009 , 0.260062 , 0.370381 , 0.411682 , 1.46477 , 0.645871 , 0.584611 , 0.577575 , 0.74167 , 0.509342 , 0.121302 , 0.400036 , 0.801897 , 0.913476 , 0.625091 , 0.349503 , 0.247644 , 0.649528 , 0.422909 , 0.239836 , 0.410671 , 0.164632 , 0.616705 , 0.402992 , 0.346513 , 0.472595 , 0.226883 , 0.471761 , 0.648193 , 0.282118 , 0.104722 , 0.242136 , 0.706471 , 0.564097 , 0.521857 , 0.901508 , 0.46321 , 0.328953 , 1.14922 , 1.39578 , 0.539286 , 0.3232 , 0.653568 , 0.181925 , 0.882349 , 0.561206 , 0.500974 , 0.43484 , 0.335957 , 0.27616 , 0.229111 , 0.174771 , 0.43032 , 0.450873 , 0.271255 , 0.271623 , 0.251666 , 1.10688 , 0.515048 , 0.336297 , 0.481743 , 0.524934 , 0.331974 , 0.29469 , 0.208946 , 0.270674 , 0.335226 , 0.535783 , 0.447691 , 0.206528 , 0.259672 , 1.52044 , 0.450834 , 0.34886 , 0.276943 , 0.489341 , 0.292189 , 0.562687 , 0.366658 , 0.493178 , 0.438567 , 0.474608 , 0.319782 , 0.36095 , 0.287034 , 0.458289 , 0.401309 , 0.49416 , 0.715865 , 0.440019 , 0.646485 , 2.44524 , 0.433756 , 0.273924 , 0.373026 , 0.326289 , 1.44059 , 0.833242 , 0.584364 , 0.39458 , 1.93865 , 0.493233 , 0.371135 , 0.238561 , 0.259635 , 0.247216 , 0.336875 , 0.408519 , 0.223809 , 0.60025 , 0.670271 , 0.142052 , 0.252628 , 0.338748 , 0.508073 , 0.392835 , 0.453456 , 0.211751 , 0.280046 , 0.290232 , 0.909504 , 0.20324 , 0.339296 , 0.32812 , 0.180236 , 0.278781 , 0.380198 , 0.229925 , 0.359972 , 0.284496 , 0.243749 , 0.575621 , 0.325867 , 0.664505 , 2.28169 , 0.3167 , 0.327633 , 0.506275 , 0.722845 , 0.323105 , 0.720156 , 0.380361 , 0.335388 , 1.0154 , 0.721022 , 0.235227 , 0.365691 , 1.16015 , 0.688787 , 1.332 , 0.320571 , 0.340623 , 0.227695 , 0.660014 , 0.65066 , 1.08097 , 0.181662 , 0.11974 , 0.214851 , 0.297807 , 0.414312 , 0.211568 , 0.0729437 , 0.139582 , 0.924412 , 0.759261 , 0.263055 , 0.296591 , 0.426208 , 0.337807 , 0.21365 , 1.54681 , 0.0983307 , 0.470429 , 0.825192 , 0.485203 , 0.217698 , 0.161126 , 0.105956 , 0.404445 , 0.251149 , 0.304546 , 0.57777 , 0.271359 , 0.227759 , 0.405262 , 0.82297 , 0.288987 , 0.147887 , 0.867268 , 0.229869 , 0.436591 , 0.158045 , 0.369876 , 0.948294 , 0.363025 , 0.477204 , 0.884283 , 0.590388 , 0.340695 , 0.593593 , 0.554716 , 0.474992 , 0.192489 , 0.499208 , 0.152311 , 0.473907 , 0.263558 , 0.763069 , 0.541582 , 0.989745 , 0.332698 , 0.455595 , 0.270754 , 0.3815 , 0.777719 , 1.0445 , 0.644145 , 0.788954 , 0.346481 , 0.361513 , 0.342295 , 1.0747 , 0.34055 , 1.65155 , 1.72887 , 1.35915 , 1.98571 , 0.266576 , 0.310954 , 0.11675 , 0.339522 , 0.491663 , 0.411634 , 0.549588 , 0.396415 , 1.94002 , 0.76498 , 0.653328 , 0.585289 , 0.153669 , 0.955734 , 0.262122 , 0.46968 , 0.645295 , 0.467971 , 0.246645 , 0.397582 , 0.305764 , 0.512698 , 0.479347 , 0.274655 , 0.317082 , 0.316653 , 0.299089 , 0.361555 , 0.237234 , 0.582731 , 0.179971 , 0.688124 , 0.429831 , 0.335331 , 0.431493 , 0.258247 , 0.529387 , 0.376297 , 0.605393 , 0.242223 , 0.215001 , 0.294329 , 0.540014 , 0.71397 , 0.309419 , 0.346373 , 0.394351 , 0.556046 , 0.17567 , 0.238772 , 1.22841 , 0.511496 , 0.46099 , 0.185276 , 0.280735 , 0.324368 , 0.654564 , 0.559617 , 0.482517 , 0.449584 , 0.367183 , 1.56589 , 0.573749 , 0.597261 , 0.521861 , 1.06496 , 0.216059 , 0.229221 , 0.245723 , 0.225001 , 0.509668 , 0.901361 , 0.439348 , 0.334763 , 0.372782 , 0.684023 , 0.400915 , 0.181412 , 0.260358 , 0.587421 , 0.322434 , 0.455133 , 0.35506 , 0.218145 , 0.568135 , 0.46095 , 1.03617 , 0.581748 , 0.380363 , 0.510606 , 0.746166 , 1.04567 , 0.185326 , 0.370599 , 0.683882 , 0.254039 , 0.372766 , 0.351132 , 0.321586 , 0.464421 , 0.6387 , 0.835348 , 0.218106 , 0.564849 , 0.296342 , 0.660105 , 0.33475 , 0.170861 , 0.172836 , 0.221568 , 0.380235 , 0.444451 , 1.35846 , 0.317994 , 1.3767 , 0.315508 , 0.395355 , 0.30282 , 0.698258 , 0.217888 , 0.223117 , 0.56332 , 0.301744 , 0.256554 , 0.854119 , 0.587903 , 0.298856 , 0.485408 , 0.282034 , 0.20406 , 0.409687 , 0.632059 , 0.319792 , 0.0583723 , 0.424258 , 0.446645 , 0.177731 , 0.951781 , 0.37265 , 0.256425 , 2.08892 , 0.506612 , 0.500471 , 2.59046 , 0.555348 , 0.167598 , 0.281119 , 0.329967 , 0.50081 , 0.30979 , 0.684637 , 0.241521 , 0.37392 , 0.20154 , 0.400165 , 0.27715 , 0.492954 , 0.292747 , 0.751926 , 0.64983 , 0.231147 , 0.338783 , 1.00601 , 0.931403 , 0.455017 , 0.51895 , 4.09654 , 0.35586 , 0.34576 , 0.144818 , 0.448527 , 0.462191 , 0.157385 , 0.39751 , 0.30155 , 0.0700394 , 0.638238 , 0.361665 , 0.553613 , 0.430136 , 0.49574 , 0.579875 , 0.213904 , 0.547798 , 0.343595 , 0.248502 , 0.436658 , 0.404394 , 0.315345 , 0.303663 , 0.306643 , 0.278012 , 0.517982 , 0.781937 , 0.351236 , 0.433116 , 1.17744 , 0.20959 , 0.236397 , 0.854204 , 0.361744 , 0.339936 , 0.524243 , 0.335924 , 0.715991 , 0.386536 , 1.79289 , 0.167566 , 0.271178 , 0.777833 , 0.281884 , 0.503768 , 0.878219 , 0.353291 , 1.11917 , 0.216223 , 0.533638 , 0.170351 , 0.290205 , 0.404601 , 0.322257 , 0.256106 , 0.359094 , 0.666239 , 0.405169 , 1.77586 , 3.05066 , 0.301476 , 0.457096 , 0.221887 , 0.449048 , 1.60349 , 0.381712 , 0.266283 , 0.147396 , 0.476224 , 0.052543 , 0.509639 , 0.511917 , 0.386302 , 0.0903025 , 0.270228 , 0.381459 , 0.261751 , 1.3482 , 0.240863 , 0.344393 , 0.377761 , 0.893969 , 0.749286 , 0.340788 , 0.646579 , 0.635839 , 0.303381 , 0.347144 , 0.32632 , 1.36931 , 0.207679 , 0.251359 , 3.30987 , 0.290022 , 0.0917347 , 