var1=[0.179369 , 0.0724551 , 0.153404 , 0.185416 , 0.167905 , 0.14561 , 0.106501 , 0.117079 , 0.149322 , 0.134442 , 0.180711 , 0.158822 , 0.163994 , 0.183301 , 0.299434 , 0.163807 , 0.186445 , 0.341086 , 0.249678 , 0.117745 , 0.305821 , 0.182682 , 0.362209 , 0.183089 , 0.353534 , 0.29959 , 0.203415 , 0.220533 , 0.156226 , 0.234625 , 0.45197 , 0.227585 , 0.316894 , 0.11056 , 0.173196 , 0.293497 , 0.167891 , 0.323058 , 0.15742 , 0.0975856 , 0.220036 , 0.113722 , 0.175324 , 0.201305 , 0.251597 , 0.106317 , 0.244361 , 0.181948 , 0.24427 , 0.202062 , 0.149084 , 0.223192 , 0.181455 , 0.205147 , 0.10839 , 0.132973 , 0.168768 , 0.399595 , 0.341607 , 0.201489 , 0.151373 , 0.19541 , 0.275733 , 0.150336 , 0.124795 , 0.39413 , 0.0800502 , 0.193083 , 0.527675 , 0.308136 , 0.224705 , 0.153637 , 0.274391 , 0.178489 , 0.168177 , 0.108102 , 0.216228 , 0.214426 , 0.281038 , 0.305885 , 0.214056 , 0.192377 , 0.163393 , 0.106789 , 0.209077 , 0.18342 , 0.142278 , 0.0826659 , 0.374262 , 0.160679 , 0.380436 , 0.216221 , 0.213883 , 0.133199 , 0.0902033 , 0.177596 , 0.123862 , 0.278446 , 0.125001 , 0.259093 , 0.215693 , 0.271606 , 0.219439 , 0.137452 , 0.0798283 , 0.160131 , 0.249745 , 0.283836 , 0.181211 , 0.309218 , 0.703027 , 0.252852 , 0.482171 , 0.198422 , 0.24732 , 0.640347 , 0.153908 , 0.188223 , 0.260841 , 0.393432 , 0.141746 , 0.212619 , 0.196965 , 0.0848494 , 0.0981857 , 0.288941 , 0.165914 , 0.230735 , 0.124443 , 0.18761 , 0.154282 , 0.147199 , 0.17545 , 0.28629 , 0.141596 , 0.285727 , 0.13526 , 0.204004 , 0.150668 , 0.15627 , 0.385754 , 0.194349 , 0.332539 , 0.182818 , 0.328073 , 0.251447 , 0.346287 , 0.155119 , 0.293848 , 0.177248 , 0.405201 , 0.246977 , 0.291205 , 0.13078 , 0.271384 , 0.115465 , 0.199086 , 0.211613 , 0.248255 , 0.76256 , 0.148809 , 0.133826 , 0.19894 , 0.200058 , 0.216491 , 0.133667 , 0.165031 , 0.219283 , 0.151415 , 0.152991 , 0.184427 , 0.132505 , 0.175922 , 0.334123 , 0.0948678 , 0.0987745 , 0.213968 , 0.0455378 , 0.106023 , 0.495303 , 0.333565 , 0.390527 , 0.0948897 , 0.166566 , 0.0988824 , 0.372325 , 0.20179 , 0.0979329 , 0.155626 , 0.216733 , 0.133698 , 0.171465 , 0.216376 , 0.209835 , 0.125071 , 0.226349 , 0.0846179 , 0.153201 , 0.499763 , 0.235288 , 0.13418 , 0.220885 , 0.148941 , 0.156625 , 0.133355 , 0.23122 , 0.147628 , 0.385363 , 0.279207 , 0.388763 , 0.295978 , 0.312761 , 0.087818 , 0.252277 , 0.140242 , 0.108232 , 0.173359 , 0.252002 , 0.245511 , 0.131853 , 0.389257 , 0.117849 , 0.211616 , 0.13998 , 0.107845 , 0.208245 , 0.0972292 , 0.315285 , 0.131789 , 0.129678 , 0.181033 , 0.0774987 , 0.192601 , 0.209747 , 0.157477 , 0.256088 , 0.237577 , 0.22475 , 0.259157 , 0.219913 , 0.193839 , 0.0809936 , 0.15942 , 0.51564 , 0.191824 , 0.284278 , 0.225576 , 0.172759 , 0.185004 , 0.169808 , 0.182051 , 0.147414 , 0.172863 , 0.167866 , 0.237553 , 0.273358 , 0.192453 , 0.430779 , 0.112444 , 0.294208 , 0.230111 , 0.195106 , 0.303511 , 0.480641 , 0.168553 , 0.212876 , 0.168264 , 0.147721 , 0.126958 , 0.191663 , 0.116995 , 0.186784 , 0.130806 , 0.304183 , 0.31973 , 0.29573 , 0.0989882 , 0.258839 , 0.132242 , 0.0893796 , 0.210535 , 0.118207 , 0.112792 , 0.226023 , 0.233939 , 0.0998451 , 0.107859 , 0.099829 , 0.298815 , 0.272839 , 0.178853 , 0.193783 , 0.130429 , 0.139574 , 0.132377 , 0.177993 , 0.120337 , 0.301973 , 0.0851178 , 0.346356 , 0.139996 , 0.324692 , 0.108198 , 0.103645 , 0.128266 , 0.126385 , 0.19636 , 0.170245 , 0.362661 , 0.289579 , 0.287883 , 0.155893 , 0.317478 , 0.141521 , 0.355449 , 0.220147 , 0.252809 , 0.0912744 , 0.14346 , 0.150791 , 0.096477 , 0.259672 , 0.22769 , 0.261244 , 0.258406 , 0.232411 , 0.254875 , 0.130191 , 0.19963 , 0.354944 , 0.185354 , 0.126883 , 0.244877 , 0.156136 , 0.167403 , 0.118285 , 0.377111 , 0.120183 , 0.232014 , 0.229915 , 0.249923 , 0.253565 , 0.597603 , 0.170639 , 0.319867 , 0.13315 , 0.383932 , 0.130995 , 0.332697 , 0.228379 , 0.256521 , 0.320933 , 0.173268 , 0.11526 , 0.268402 , 0.177538 , 0.277215 , 0.137425 , 0.0898869 , 0.22539 , 0.316767 , 0.228781 , 0.138599 , 0.269195 , 0.335762 , 0.134267 , 0.155614 , 0.253927 , 0.122998 , 0.904639 , 0.171907 , 0.135399 , 0.174044 , 0.12175 , 0.168161 , 0.0666955 , 0.201773 , 0.254351 , 0.174412 , 0.264207 , 0.266101 , 0.179596 , 0.183483 , 0.128365 , 0.209868 , 0.172626 , 0.156212 , 0.174054 , 0.156869 , 0.0750782 , 0.360112 , 0.300631 , 0.163057 , 0.13511 , 0.194033 , 0.102575 , 0.165256 , 0.385093 , 0.205519 , 0.194939 , 0.215555 , 0.212739 , 0.17907 , 0.123554 , 0.346811 , 0.246028 , 0.278451 , 0.117959 , 0.192859 , 0.130803 , 0.105093 , 0.135166 , 0.184694 , 0.494303 , 0.289648 , 0.248784 , 0.447056 , 0.124506 , 0.121284 , 0.117136 , 0.0957974 , 0.230105 , 0.263383 , 0.13769 , 0.223874 , 0.185266 , 0.16004 , 0.173473 , 0.415296 , 0.128482 , 0.23365 , 0.200019 , 0.332662 , 0.136132 , 0.218411 , 0.307381 , 0.288947 , 0.19972 , 0.146781 , 0.627045 , 0.220172 , 0.221573 , 0.167783 , 0.33178 , 0.254929 , 0.0666834 , 0.185872 , 0.313434 , 0.415975 , 0.357282 , 0.138272 , 0.22721 , 0.14201 , 0.128062 , 0.126974 , 0.334363 , 0.293083 , 0.317134 , 0.338421 , 0.175426 , 0.144341 , 0.146291 , 0.182564 , 0.329601 , 0.34779 , 0.22151 , 0.172168 , 0.183748 , 0.131453 , 0.176869 , 0.288084 , 0.131086 , 0.338742 , 0.220698 , 0.226433 , 0.235307 , 0.153088 , 0.122736 , 0.195985 , 0.208338 , 0.162543 , 0.0985731 , 0.278955 , 0.237325 , 0.310463 , 0.276382 , 0.158423 , 0.369903 , 0.33022 , 0.240459 , 0.205624 , 0.133817 , 0.233221 , 0.503979 , 0.146827 , 0.136237 , 0.193724 , 0.477108 , 0.232209 , 0.115134 , 0.144117 , 0.390626 , 0.168409 , 0.218737 , 0.0817703 , 0.138393 , 0.173059 , 0.271223 , 0.194764 , 0.312533 , 0.529777 , 0.276231 , 0.17476 , 0.131345 , 0.214142 , 0.146095 , 0.192598 , 0.280529 , 0.1768 , 0.195076 , 0.145656 , 0.127385 , 0.189636 , 0.311027 , 0.158975 , 0.423895 , 0.108078 , 0.097739 , 0.233519 , 0.120438 , 0.292425 , 0.282376 , 0.344462 , 0.252123 , 0.236468 , 0.220486 , 0.395082 , 0.224789 , 0.0970022 , 0.340259 , 0.169305 , 0.211066 , 0.182093 , 0.240128 , 0.139632 , 0.205869 , 0.0960851 , 0.205025 , 0.257242 , 0.131734 , 0.0798958 , 0.344498 , 0.137151 , 0.196712 , 0.210111 , 0.232727 , 0.20678 , 0.67665 , 0.32217 , 0.187903 , 0.209346 , 0.178558 , 0.211046 , 0.162585 , 0.132118 , 0.225431 , 0.151449 , 0.235542 , 0.145859 , 0.258659 , 0.0965468 , 0.19123 , 0.183906 , 0.274278 , 0.180153 , 0.225481 , 0.112143 , 0.163297 , 0.156577 , 0.1524 , 0.577825 , 0.0827939 , 0.383172 , 0.0802415 , 0.281068 , 0.135949 , 0.308053 , 0.241076 , 0.368108 , 0.151847 , 0.208096 , 0.117019 , 0.128666 , 0.305908 , 0.256032 , 0.158091 , 0.292346 , 0.0962873 , 0.23671 , 0.126468 , 0.260951 , 0.296848 , 0.234931 , 0.115604 , 0.54171 , 0.232389 , 0.195533 , 0.121409 , 0.236795 , 0.138941 , 0.286089 , 0.176309 , 0.103104 , 0.205211 , 0.12912 , 0.538867 , 0.465608 , 0.227337 , 0.155572 , 0.186264 , 0.148137 , 0.148484 , 0.237042 , 0.2167 , 0.203432 , 0.257517 , 0.406695 , 0.258041 , 0.225342 , 0.23545 , 0.23002 , 0.316381 , 0.61459 , 0.124685 , 0.244967 , 0.137054 , 0.120852 , 0.124381 , 0.201032 , 0.155084 , 0.157397 , 0.136331 , 0.332456 , 0.184605 , 0.135653 , 0.138186 , 0.188321 , 0.157852 , 0.431612 , 0.0909667 , 0.144432 , 0.131065 , 0.201652 , 0.169487 , 0.136276 , 0.108991 , 0.238251 , 0.329665 , 0.156956 , 0.111512 , 0.0944077 , 0.228006 , 0.191248 , 0.132279 , 0.300972 , 0.134102 , 0.306832 , 0.162144 , 0.24817 , 0.162042 , 0.198151 , 0.253463 , 0.173512 , 0.203994 , 0.167268 , 0.125236 , 0.183715 , 0.151986 , 0.271504 , 0.182448 , 0.308885 , 0.190407 , 0.186925 , 0.232393 , 0.215192 , 0.273219 , 0.215136 , 0.251021 , 0.252463 , 0.1349 , 0.246694 , 0.304331 , 0.107216 , 0.133536 , 0.111959 , 0.280242 , 0.544934 , 0.0961872 , 0.331019 , 0.161776 , 0.201641 , 0.142913 , 0.145223 , 0.157547 , 0.147489 , 0.209574 , 0.21132 , 0.193258 , 0.199587 , 0.116484 , 0.125215 , 0.133134 , 0.107063 , 0.432335 , 0.117883 , 0.162696 , 0.248756 , 0.450994 , 0.112483 , 0.253644 , 0.186105 , 0.552483 , 0.0709939 , 0.282265 , 0.106076 , 0.28343 , 0.205328 , 0.0856935 , 0.168751 , 