var1=[0.126323 , 0.261616 , 0.217368 , 0.419027 , 0.253227 , 0.33559 , 0.202619 , 0.520194 , 0.323035 , 0.247639 , 0.239627 , 0.0886636 , 0.194451 , 0.198638 , 0.300393 , 0.107836 , 0.223546 , 0.485272 , 0.288344 , 0.226373 , 0.142256 , 0.128827 , 0.210934 , 0.24975 , 0.51322 , 0.184836 , 0.270505 , 0.170787 , 0.115002 , 0.143528 , 0.329223 , 0.190826 , 0.396342 , 0.185684 , 0.311685 , 0.167942 , 0.165427 , 0.186267 , 0.182395 , 0.219006 , 0.200515 , 0.22666 , 0.188278 , 0.221863 , 0.474997 , 0.148604 , 0.400156 , 0.807772 , 0.272929 , 0.265381 , 0.179045 , 0.478308 , 0.135949 , 0.223148 , 0.247902 , 0.259081 , 0.347821 , 0.539531 , 0.175094 , 0.138718 , 0.306374 , 0.204331 , 0.16158 , 0.417821 , 0.256119 , 0.41178 , 0.326539 , 0.235229 , 0.299362 , 0.168102 , 0.224628 , 0.733944 , 0.436177 , 0.296773 , 0.0673405 , 0.239745 , 0.173022 , 0.407569 , 0.157592 , 0.311573 , 0.253672 , 0.361201 , 0.176379 , 0.438517 , 0.194262 , 0.0892434 , 0.175069 , 0.220038 , 0.354518 , 0.312384 , 0.310439 , 0.16202 , 0.0988987 , 0.247084 , 0.332715 , 0.57735 , 0.288069 , 0.202408 , 0.216529 , 0.152846 , 0.251026 , 0.294665 , 0.487697 , 0.467951 , 0.168132 , 0.246726 , 0.143553 , 0.194337 , 0.255069 , 0.108703 , 0.367028 , 0.286508 , 0.757966 , 0.258611 , 0.20202 , 0.517644 , 0.0988841 , 0.560636 , 0.213842 , 0.138123 , 0.185455 , 0.150009 , 0.166466 , 0.155748 , 0.21412 , 0.315384 , 0.258968 , 0.175302 , 0.0770517 , 0.267045 , 0.148923 , 0.115878 , 0.227971 , 0.462207 , 0.21339 , 0.258636 , 0.0735991 , 0.629041 , 0.199809 , 0.355689 , 0.202115 , 0.539333 , 0.171232 , 0.237489 , 0.283665 , 0.16818 , 0.337438 , 0.281356 , 0.268045 , 0.384397 , 0.395376 , 0.22575 , 0.324441 , 0.447023 , 0.177689 , 0.195355 , 0.291274 , 0.161717 , 0.24147 , 0.216354 , 0.146361 , 0.341323 , 0.229799 , 0.176742 , 0.885756 , 0.275768 , 0.196101 , 0.507513 , 0.199379 , 0.206774 , 0.0948112 , 0.110834 , 0.299525 , 0.362806 , 0.337735 , 0.295455 , 0.178338 , 0.197763 , 0.185413 , 0.371754 , 0.340789 , 0.293337 , 0.165553 , 0.383369 , 0.191538 , 0.275312 , 0.247691 , 0.20404 , 0.135752 , 0.120742 , 0.15167 , 0.153192 , 0.411548 , 0.318477 , 0.15432 , 0.275564 , 0.298579 , 0.156066 , 0.430955 , 0.273233 , 0.190655 , 0.229765 , 0.182328 , 0.214994 , 0.189402 , 0.207112 , 0.262413 , 0.126282 , 0.206429 , 0.40098 , 0.288392 , 0.254974 , 0.232478 , 0.276741 , 0.107059 , 0.319185 , 0.178407 , 0.287063 , 0.209259 , 0.34627 , 0.0876805 , 0.323652 , 0.28779 , 0.413453 , 0.153837 , 0.37912 , 0.375552 , 0.148733 , 0.170331 , 0.276194 , 0.301414 , 0.199074 , 0.167241 , 0.224008 , 0.446285 , 0.299433 , 0.320079 , 0.328002 , 0.256 , 0.128678 , 0.245396 , 0.21442 , 0.180008 , 0.219089 , 0.147457 , 0.206103 , 0.321215 , 0.121306 , 0.195949 , 0.491327 , 0.144161 , 0.141816 , 0.211594 , 0.17984 , 0.132276 , 0.768069 , 0.238827 , 0.199214 , 0.619905 , 0.187687 , 0.505241 , 0.240943 , 0.241057 , 0.0756367 , 0.458952 , 0.174594 , 0.285139 , 0.296412 , 0.415144 , 0.276775 , 0.234158 , 0.163848 , 0.28491 , 0.292798 , 0.223461 , 0.143461 , 0.298345 , 0.27244 , 0.211697 , 0.483109 , 0.165777 , 0.322032 , 0.115663 , 0.644705 , 0.394061 , 0.269879 , 0.202607 , 0.329609 , 0.375898 , 0.589615 , 0.24062 , 0.155184 , 0.24352 , 0.184967 , 0.212954 , 0.524872 , 0.406577 , 0.120198 , 0.380194 , 0.307422 , 0.222343 , 0.449368 , 0.311583 , 0.248374 , 0.164892 , 0.133193 , 0.57958 , 0.336268 , 0.45112 , 0.191929 , 0.244172 , 0.306044 , 0.269849 , 0.236737 , 0.289605 , 0.181419 , 0.405858 , 0.199464 , 0.148836 , 0.353244 , 0.145908 , 0.193777 , 0.257795 , 0.258697 , 0.178094 , 0.26878 , 0.453239 , 0.575148 , 0.200245 , 0.364726 , 0.192727 , 0.42351 , 0.230508 , 0.330504 , 0.897723 , 0.193917 , 0.254699 , 0.521506 , 0.168266 , 0.164224 , 0.167361 , 0.222282 , 0.239694 , 0.29728 , 0.205281 , 0.403823 , 0.235475 , 0.0988121 , 0.232923 , 0.200259 , 0.568757 , 0.409225 , 0.160594 , 0.164232 , 0.246914 , 0.386418 , 0.213473 , 0.105157 , 0.605808 , 0.27676 , 0.242138 , 0.284342 , 0.373576 , 0.243237 , 0.184063 , 0.153232 , 0.188502 , 0.221553 , 0.173632 , 0.208333 , 0.334509 , 0.17719 , 0.508724 , 0.264798 , 0.18457 , 0.13601 , 0.238263 , 0.115793 , 0.154936 , 0.267703 , 0.120765 , 0.29607 , 0.272369 , 0.295354 , 0.201297 , 0.134615 , 0.356941 , 0.189769 , 0.169138 , 0.315064 , 0.176879 , 0.116836 , 0.402 , 0.333863 , 0.272321 , 0.241433 , 0.417249 , 0.229322 , 0.288015 , 0.412773 , 0.311545 , 0.190475 , 0.191159 , 0.225861 , 0.248527 , 0.187569 , 0.169362 , 0.549774 , 0.241512 , 0.279895 , 0.0865672 , 0.179202 , 0.238779 , 0.129334 , 0.235298 , 0.190486 , 0.252165 , 0.182695 , 0.141393 , 0.382138 , 0.268237 , 0.195505 , 0.188525 , 0.223352 , 0.32931 , 0.114803 , 0.100476 , 0.187357 , 0.282543 , 0.499591 , 0.477451 , 0.181054 , 0.369829 , 0.345221 , 0.436709 , 0.334022 , 0.293424 , 0.168167 , 0.291524 , 0.434161 , 0.180608 , 0.125351 , 0.282631 , 0.159446 , 0.286009 , 0.319059 , 0.168806 , 0.286871 , 0.506132 , 0.337142 , 0.197686 , 0.255134 , 0.500298 , 0.17445 , 0.287683 , 0.149032 , 0.138872 , 0.117746 , 0.432131 , 0.426939 , 0.229771 , 0.209889 , 0.288669 , 0.248669 , 0.132335 , 0.208913 , 0.295512 , 0.239069 , 0.266286 , 0.196269 , 0.373563 , 0.256373 , 0.163401 , 0.32188 , 0.525797 , 0.17601 , 0.330678 , 0.14478 , 0.156962 , 0.206576 , 0.165762 , 0.172491 , 0.336778 , 0.232784 , 0.0860987 , 0.42564 , 0.218537 , 0.145789 , 0.582919 , 0.274175 , 0.342282 , 0.361244 , 0.168685 , 0.388799 , 0.348039 , 0.196961 , 0.229165 , 0.47263 , 0.321863 , 0.176882 , 0.318367 , 0.547438 , 0.282256 , 0.258603 , 0.15326 , 0.127842 , 0.431779 , 0.300575 , 0.132595 , 0.379528 , 0.228653 , 0.238165 , 0.287734 , 0.100281 , 0.251434 , 0.222029 , 0.483757 , 0.172849 , 0.363991 , 0.321039 , 0.159469 , 0.348834 , 0.192106 , 0.230769 , 0.239007 , 0.153391 , 0.23645 , 0.182461 , 0.423396 , 0.118151 , 0.171156 , 0.477813 , 0.222633 , 0.167743 , 0.32891 , 0.152332 , 0.285765 , 0.21617 , 0.513007 , 0.243296 , 0.242357 , 0.10474 , 0.321394 , 0.529009 , 0.268987 , 0.471007 , 0.0744446 , 0.175005 , 0.520575 , 0.541737 , 0.351694 , 0.145768 , 0.200705 , 0.177368 , 0.151567 , 0.349783 , 0.40845 , 0.241116 , 0.298511 , 0.259116 , 0.16101 , 0.127031 , 0.191272 , 0.116158 , 0.780618 , 0.16316 , 0.454211 , 0.208073 , 0.0337354 , 0.251488 , 0.225887 , 0.804598 , 0.246047 , 0.146469 , 0.159323 , 0.282997 , 0.142718 , 0.112006 , 0.218133 , 0.191923 , 0.202079 , 0.290854 , 0.17895 , 0.100861 , 0.239732 , 0.35469 , 0.291526 , 0.105471 , 0.200083 , 0.151312 , 0.190317 , 0.124918 , 0.171117 , 0.187237 , 0.195476 , 0.317098 , 0.233457 , 0.233676 , 0.525268 , 0.209721 , 0.204856 , 0.186912 , 0.451702 , 0.416983 , 0.205184 , 0.270994 , 0.266725 , 0.279024 , 0.334428 , 0.212259 , 0.559416 , 0.306637 , 0.206753 , 0.523621 , 0.195042 , 0.520723 , 0.283305 , 0.228112 , 0.27955 , 0.230122 , 0.474087 , 0.217231 , 0.289148 , 0.15975 , 0.484345 , 0.380901 , 0.202907 , 0.127511 , 0.314668 , 0.448268 , 0.100195 , 0.135578 , 0.35971 , 0.209809 , 0.322564 , 0.346383 , 0.178002 , 0.15636 , 0.363774 , 0.229047 , 0.43291 , 0.285057 , 0.199823 , 0.329787 , 0.592196 , 0.206252 , 0.19698 , 0.245182 , 0.305621 , 0.332225 , 0.32917 , 0.300885 , 0.209369 , 0.193615 , 0.374793 , 0.159382 , 0.663647 , 0.197088 , 0.0848518 , 0.168656 , 0.324446 , 0.173725 , 0.507577 , 0.255523 , 0.242055 , 0.33789 , 0.466173 , 0.275451 , 0.321802 , 0.186351 , 0.18953 , 0.450185 , 0.245276 , 0.453295 , 0.40802 , 0.19771 , 0.40932 , 0.116129 , 0.319039 , 0.214192 , 0.348292 , 0.205815 , 0.308909 , 0.315512 , 0.329965 , 0.80435 , 0.232228 , 0.202074 , 0.291968 , 0.249067 , 0.30665 , 0.53736 , 0.176135 , 0.267758 , 0.252137 , 0.284614 , 0.237149 , 0.172478 , 0.205967 , 0.279795 , 0.539912 , 0.406883 , 0.233291 , 0.255222 , 0.135885 , 0.192631 , 0.179279 , 0.430348 , 0.136113 , 0.201246 , 0.304174 , 0.261775 , 0.18622 , 0.213591 , 0.22396 , 0.425276 , 0.383804 , 0.466635 , 0.236217 , 0.135562 , 0.224216 , 0.330426 , 0.209445 , 0.161186 , 0.220159 , 0.305596 , 0.16696 , 0.100927 , 0.145511 , 0.412422 , 0.17176 , 0.386604 , 