var1=[0.0476626 , 0.115061 , 0.0813394 , 0.0960708 , 0.0524737 , 0.319878 , 0.14103 , 0.0922575 , 0.137183 , 0.0576292 , 0.113333 , 0.210707 , 0.207004 , 0.117857 , 0.132397 , 0.0781812 , 0.090707 , 0.0898457 , 0.259439 , 0.0779547 , 0.102568 , 0.124406 , 0.112699 , 0.150785 , 0.0927797 , 0.200325 , 0.18491 , 0.25793 , 0.106321 , 0.12115 , 0.0592669 , 0.317411 , 0.173431 , 0.0680025 , 0.150357 , 0.129404 , 0.0854743 , 0.269197 , 0.0577198 , 0.211405 , 0.0725421 , 0.0835181 , 0.24784 , 0.232503 , 0.0570325 , 0.167774 , 0.0954337 , 0.0554132 , 0.245021 , 0.304353 , 0.262622 , 0.172142 , 0.0988483 , 0.0531106 , 0.0811774 , 0.0892777 , 0.24105 , 0.171151 , 0.14096 , 0.0726361 , 0.0709269 , 0.10061 , 0.0688622 , 0.103879 , 0.0634446 , 0.260478 , 0.180151 , 0.0814399 , 0.0958058 , 0.107388 , 0.202412 , 0.120816 , 0.127193 , 0.381885 , 0.0951077 , 0.150613 , 0.266386 , 0.097061 , 0.187015 , 0.10139 , 0.201758 , 0.098718 , 0.144268 , 0.202387 , 0.158095 , 0.11123 , 0.105258 , 0.0895588 , 0.166223 , 0.136627 , 0.0875937 , 0.0689898 , 0.106907 , 0.0601937 , 0.0679081 , 0.162678 , 0.0826368 , 0.323179 , 0.0920018 , 0.119282 , 0.151331 , 0.123788 , 0.141756 , 0.187651 , 0.241762 , 0.143635 , 0.0839961 , 0.139465 , 0.195207 , 0.259663 , 0.165581 , 0.157828 , 0.136058 , 0.195124 , 0.0692496 , 0.0807124 , 0.0812208 , 0.11853 , 0.111414 , 0.125251 , 0.202538 , 0.08107 , 0.125638 , 0.0873786 , 0.0671993 , 0.0937192 , 0.0694118 , 0.143292 , 0.0446924 , 0.141192 , 0.123326 , 0.236567 , 0.116934 , 0.0851822 , 0.0716292 , 0.162885 , 0.0793912 , 0.164349 , 0.292663 , 0.285485 , 0.169966 , 0.0831781 , 0.073286 , 0.327154 , 0.147768 , 0.0922747 , 0.196237 , 0.0729709 , 0.224887 , 0.0822867 , 0.246906 , 0.212233 , 0.329338 , 0.343588 , 0.239231 , 0.122425 , 0.109227 , 0.262514 , 0.128843 , 0.197095 , 0.104652 , 0.100358 , 0.0920095 , 0.155668 , 0.149153 , 0.14618 , 0.134443 , 0.139377 , 0.0974894 , 0.0852427 , 0.187085 , 0.130025 , 0.271258 , 0.0936124 , 0.108765 , 0.172256 , 0.132199 , 0.0682168 , 0.0755976 , 0.201733 , 0.335449 , 0.175649 , 0.105828 , 0.169561 , 0.109329 , 0.128479 , 0.048862 , 0.422388 , 0.120166 , 0.215087 , 0.11013 , 0.109481 , 0.100471 , 0.165395 , 0.100794 , 0.141259 , 0.0808924 , 0.219292 , 0.118752 , 0.530523 , 0.0701781 , 0.135097 , 0.147369 , 0.132644 , 0.105741 , 0.0845446 , 0.0782569 , 0.0810548 , 0.2455 , 0.10607 , 0.108768 , 0.139194 , 0.130359 , 0.143553 , 0.0682693 , 0.0925958 , 0.179591 , 0.176399 , 0.133738 , 0.0751968 , 0.102881 , 0.0851867 , 0.0673376 , 0.0862258 , 0.103981 , 0.0777594 , 0.245716 , 0.0884599 , 0.0888653 , 0.056648 , 0.0550751 , 0.111545 , 0.106935 , 0.0717516 , 0.0603839 , 0.0870278 , 0.181359 , 0.202332 , 0.0708394 , 0.0533348 , 0.163075 , 0.0402703 , 0.094513 , 0.0910795 , 0.048993 , 0.0678923 , 0.185573 , 0.123422 , 0.089902 , 0.0723697 , 0.169885 , 0.189075 , 0.058643 , 0.0972524 , 0.133956 , 0.338098 , 0.0505436 , 0.0596141 , 0.0760743 , 0.218607 , 0.0927597 , 0.0796665 , 0.2151 , 0.0851506 , 0.138087 , 0.166528 , 0.132029 , 0.0526174 , 0.117718 , 0.0693258 , 0.113532 , 0.115256 , 0.0455022 , 0.0568526 , 0.0707972 , 0.159865 , 0.103178 , 0.0802493 , 0.208199 , 0.189677 , 0.112442 , 0.132624 , 0.0746669 , 0.182463 , 0.250331 , 0.068884 , 0.190523 , 0.119399 , 0.101502 , 0.115077 , 0.136086 , 0.106284 , 0.0630518 , 0.0922029 , 0.12142 , 0.0789149 , 0.0521874 , 0.1592 , 0.0892715 , 0.07071 , 0.0929112 , 0.177009 , 0.0730056 , 0.0485723 , 0.0721802 , 0.0818608 , 0.130454 , 0.0605061 , 0.254018 , 0.0984401 , 0.142624 , 0.0723538 , 0.0844258 , 0.0894252 , 0.122111 , 0.15403 , 0.148129 , 0.0961793 , 0.0750931 , 0.0483586 , 0.105773 , 0.13069 , 0.274287 , 0.124124 , 0.253471 , 0.12931 , 0.112361 , 0.0400219 , 0.0844732 , 0.0477471 , 0.179186 , 0.158801 , 0.122937 , 0.0784223 , 0.102346 , 0.0836318 , 0.186851 , 0.235127 , 0.0880704 , 0.127656 , 0.0476983 , 0.0710701 , 0.100489 , 0.121546 , 0.0752043 , 0.0966559 , 0.0759788 , 0.105572 , 0.190009 , 0.163039 , 0.133242 , 0.0996728 , 0.0687746 , 0.253536 , 0.0943137 , 0.222534 , 0.0848608 , 0.158167 , 0.126135 , 0.100145 , 0.112294 , 0.126536 , 0.113534 , 0.115362 , 0.11301 , 0.0574123 , 0.1161 , 0.162138 , 0.102343 , 0.298776 , 0.100669 , 0.0627779 , 0.0772866 , 0.174679 , 0.134454 , 0.107719 , 0.0715082 , 0.0669703 , 0.064756 , 0.0905194 , 0.2277 , 0.0876324 , 0.126992 , 0.15186 , 0.164348 , 0.0474548 , 0.11073 , 0.174717 , 0.144853 , 0.100236 , 0.124957 , 0.0729725 , 0.15499 , 0.139213 , 0.188922 , 0.0827774 , 0.135086 , 0.115915 , 0.149468 , 0.0982376 , 0.213513 , 0.16926 , 0.09903 , 0.184644 , 0.250906 , 0.104585 , 0.175316 , 0.0906911 , 0.0970929 , 0.42203 , 0.162387 , 0.107784 , 0.153208 , 0.195436 , 0.199893 , 0.135882 , 0.170379 , 0.25897 , 0.108031 , 0.0770657 , 0.0697354 , 0.120904 , 0.224316 , 0.0687859 , 0.209339 , 0.0483878 , 0.135423 , 0.0780365 , 0.0415437 , 0.112807 , 0.190798 , 0.144056 , 0.112214 , 0.136804 , 0.0625014 , 0.127578 , 0.0848607 , 0.0726688 , 0.151514 , 0.185289 , 0.0641408 , 0.169402 , 0.104369 , 0.114071 , 0.152711 , 0.103262 , 0.1329 , 0.0846297 , 0.102713 , 0.100164 , 0.0642084 , 0.0832689 , 0.158534 , 0.174937 , 0.0606292 , 0.0863874 , 0.113411 , 0.142796 , 0.12156 , 0.0910102 , 0.101479 , 0.0676728 , 0.0870085 , 0.0760174 , 0.192676 , 0.108631 , 0.21064 , 0.0468891 , 0.175145 , 0.136741 , 0.117383 , 0.0993464 , 0.236324 , 0.141412 , 0.179502 , 0.150635 , 0.0690359 , 0.118316 , 0.170708 , 0.0913449 , 0.0551372 , 0.204177 , 0.129324 , 0.310016 , 0.163968 , 0.280963 , 0.13985 , 0.172361 , 0.167765 , 0.134101 , 0.111151 , 0.131973 , 0.21611 , 0.238775 , 0.132408 , 0.161162 , 0.0648925 , 0.135953 , 0.0693088 , 0.0957074 , 0.127014 , 0.1148 , 0.0998481 , 0.0920533 , 0.132748 , 0.0835208 , 0.0580974 , 0.180248 , 0.119926 , 0.276997 , 0.209303 , 0.124253 , 0.191314 , 0.0554718 , 0.154458 , 0.198926 , 0.070951 , 0.164865 , 0.0812321 , 0.225283 , 0.0720865 , 0.253251 , 0.20096 , 0.175813 , 0.0750519 , 0.0690048 , 0.105274 , 0.105947 , 0.149661 , 0.0720874 , 0.0514002 , 0.0652921 , 0.209928 , 0.151104 , 0.193894 , 0.116159 , 0.0763768 , 0.0797513 , 0.286738 , 0.0914422 , 0.190996 , 0.0788511 , 0.126462 , 0.110803 , 0.10943 , 0.180847 , 0.094757 , 0.14392 , 0.0944475 , 0.127825 , 0.134553 , 0.20504 , 0.0737919 , 0.0856912 , 0.0815091 , 0.162298 , 0.053557 , 0.160837 , 0.0883587 , 0.0522698 , 0.0909809 , 0.0973155 , 0.185488 , 0.0880545 , 0.0780776 , 0.0547909 , 0.0909742 , 0.182527 , 0.0612671 , 0.0611615 , 0.187723 , 0.0439418 , 0.100727 , 0.172158 , 0.0931567 , 0.0563441 , 0.0955056 , 0.152251 , 0.0965994 , 0.215003 , 0.296337 , 0.0593557 , 0.116958 , 0.0943549 , 0.119331 , 0.0626568 , 0.129275 , 0.23674 , 0.109066 , 0.162322 , 0.283891 , 0.132001 , 0.0562191 , 0.113113 , 0.0721609 , 0.082581 , 0.164094 , 0.0925712 , 0.109784 , 0.0540226 , 0.0555789 , 0.221342 , 0.119909 , 0.123818 , 0.221353 , 0.309782 , 0.0684985 , 0.190508 , 0.0640128 , 0.204205 , 0.14697 , 0.116718 , 0.0738066 , 0.130579 , 0.127052 , 0.136414 , 0.115397 , 0.0896002 , 0.129903 , 0.113457 , 0.410382 , 0.110925 , 0.125371 , 0.142581 , 0.141649 , 0.120242 , 0.0948919 , 0.0733337 , 0.282019 , 0.0891896 , 0.0724547 , 0.0708622 , 0.298259 , 0.064706 , 0.126062 , 0.118857 , 0.0912849 , 0.1071 , 0.178211 , 0.0959495 , 0.0963861 , 0.132736 , 0.0740823 , 0.200473 , 0.0745324 , 0.170421 , 0.299795 , 0.401606 , 0.0982212 , 0.104428 , 0.0754921 , 0.0823024 , 0.0711234 , 0.157823 , 0.196665 , 0.159135 , 0.1554 , 0.108977 , 0.0594424 , 0.119287 , 0.325089 , 0.0603723 , 0.0993643 , 0.107832 , 0.12337 , 0.0571253 , 0.102314 , 0.176433 , 0.137518 , 0.125317 , 0.143163 , 0.124597 , 0.0720545 , 0.104558 , 0.0656797 , 0.0943827 , 0.0677096 , 0.16525 , 0.22039 , 0.152732 , 0.13709 , 0.0589922 , 0.110457 , 0.0614446 , 0.0774516 , 0.0956041 , 0.189614 , 0.133143 , 0.0766885 , 0.104855 , 0.208204 , 0.165248 , 0.103726 , 0.0806721 , 0.0732199 , 0.196135 , 0.149172 , 0.0733169 , 0.157292 , 0.152615 , 0.212472 , 0.110619 , 0.139555 , 0.105069 , 0.209674 , 0.0959205 , 0.316932 , 0.0960867 , 0.0618943 , 