var1=[0.110494 , 0.264033 , 0.15385 , 0.0852196 , 0.0861776 , 0.168877 , 0.160589 , 0.14409 , 0.203283 , 0.144392 , 0.145196 , 0.160956 , 0.176198 , 0.173797 , 0.0941912 , 0.133643 , 0.144429 , 0.236979 , 0.197191 , 0.137382 , 0.509513 , 0.192834 , 0.318802 , 0.251584 , 0.236455 , 0.17555 , 0.149596 , 0.133323 , 0.161524 , 0.215605 , 0.149076 , 0.180771 , 0.26848 , 0.174612 , 0.120868 , 0.176378 , 0.0903087 , 0.274043 , 0.238141 , 0.487127 , 0.205726 , 0.152006 , 0.177585 , 0.192841 , 0.252451 , 0.158503 , 0.106407 , 0.118326 , 0.12811 , 0.230457 , 0.171718 , 0.209397 , 0.121888 , 0.12081 , 0.149037 , 0.314057 , 0.396709 , 0.204215 , 0.346859 , 0.215633 , 0.16796 , 0.144467 , 0.14137 , 0.159943 , 0.171998 , 0.315634 , 0.159552 , 0.312799 , 0.243607 , 0.114501 , 0.132351 , 0.109926 , 0.177411 , 0.279332 , 0.188112 , 0.145234 , 0.301695 , 0.221056 , 0.166082 , 0.160054 , 0.17605 , 0.227207 , 0.0979085 , 0.141615 , 0.100371 , 0.118656 , 0.265842 , 0.0768348 , 0.137818 , 0.432842 , 0.0866973 , 0.241388 , 0.101039 , 0.219487 , 0.137028 , 0.224539 , 0.150357 , 0.252079 , 0.113134 , 0.181855 , 0.246646 , 0.148563 , 0.224292 , 0.220586 , 0.62551 , 0.160752 , 0.222577 , 0.157919 , 0.13009 , 0.296715 , 0.167104 , 0.307771 , 0.124429 , 0.191541 , 0.119401 , 0.211218 , 0.103972 , 0.153218 , 0.145319 , 0.141959 , 0.144415 , 0.138247 , 0.119659 , 0.174692 , 0.0934123 , 0.203825 , 0.125148 , 0.107447 , 0.128883 , 0.183638 , 0.249779 , 0.123931 , 0.146372 , 0.236127 , 0.119283 , 0.110508 , 0.126417 , 0.190583 , 0.120619 , 0.136259 , 0.170393 , 0.140622 , 0.164874 , 0.32686 , 0.156903 , 0.227855 , 0.220679 , 0.160638 , 0.172045 , 0.0899546 , 0.161844 , 0.20268 , 0.187963 , 0.153846 , 0.235414 , 0.180216 , 0.225351 , 0.121133 , 0.247493 , 0.142322 , 0.313172 , 0.208249 , 0.256894 , 0.155791 , 0.133396 , 0.204896 , 0.147605 , 0.205049 , 0.164403 , 0.280443 , 0.132552 , 0.224907 , 0.0881034 , 0.118297 , 0.217682 , 0.246444 , 0.215753 , 0.0896994 , 0.238469 , 0.226671 , 0.332823 , 0.180505 , 0.145044 , 0.132287 , 0.12312 , 0.1948 , 0.122098 , 0.271727 , 0.199504 , 0.146662 , 0.222494 , 0.132676 , 0.165035 , 0.186777 , 0.170771 , 0.133811 , 0.0629778 , 0.202079 , 0.152234 , 0.257182 , 0.195162 , 0.161561 , 0.223418 , 0.185842 , 0.187608 , 0.181377 , 0.252092 , 0.170102 , 0.22971 , 0.315409 , 0.154947 , 0.22693 , 0.270534 , 0.151445 , 0.175803 , 0.1485 , 0.184155 , 0.107615 , 0.146308 , 0.180856 , 0.145954 , 0.0975103 , 0.165739 , 0.273342 , 0.242882 , 0.213231 , 0.174945 , 0.158215 , 0.107603 , 0.252812 , 0.350677 , 0.09869 , 0.162851 , 0.225688 , 0.108304 , 0.123547 , 0.100497 , 0.147747 , 0.290532 , 0.20285 , 0.128266 , 0.279656 , 0.11174 , 0.179791 , 0.312447 , 0.143852 , 0.140033 , 0.143558 , 0.144535 , 0.561543 , 0.108727 , 0.10933 , 0.348306 , 0.281188 , 0.126348 , 0.11402 , 0.195549 , 0.0747495 , 0.127842 , 0.380197 , 0.333323 , 0.22302 , 0.124643 , 0.094897 , 0.110265 , 0.166133 , 0.509236 , 0.171214 , 0.487546 , 0.149519 , 0.180185 , 0.27836 , 0.107904 , 0.130396 , 0.244735 , 0.149858 , 0.139811 , 0.115545 , 0.101572 , 0.0999751 , 0.186677 , 0.189665 , 0.177375 , 0.322238 , 0.148052 , 0.115839 , 0.147894 , 0.162317 , 0.103362 , 0.109427 , 0.136792 , 0.194342 , 0.130349 , 0.29684 , 0.0926382 , 0.164382 , 0.177554 , 0.197283 , 0.114141 , 0.12756 , 0.114857 , 0.102216 , 0.199726 , 0.197715 , 0.277475 , 0.133778 , 0.225794 , 0.133655 , 0.140367 , 0.124004 , 0.232029 , 0.134196 , 0.355098 , 0.157763 , 0.211683 , 0.150204 , 0.370216 , 0.154199 , 0.118515 , 0.316673 , 0.156843 , 0.333944 , 0.182256 , 0.101499 , 0.5982 , 0.11391 , 0.130709 , 0.105989 , 0.0746477 , 0.0844095 , 0.169088 , 0.321046 , 0.447298 , 0.140071 , 0.156827 , 0.122928 , 0.171438 , 0.136002 , 0.127482 , 0.161172 , 0.159066 , 0.126897 , 0.130463 , 0.149463 , 0.148282 , 0.18368 , 0.203244 , 0.0872878 , 0.351679 , 0.150343 , 0.329286 , 0.245361 , 0.192971 , 0.196719 , 0.199785 , 0.183797 , 0.147023 , 0.0732096 , 0.187783 , 0.447576 , 0.244043 , 0.41097 , 0.25921 , 0.146908 , 0.235338 , 0.243813 , 0.110872 , 0.135808 , 0.145917 , 0.173497 , 0.225615 , 0.11007 , 0.138327 , 0.129982 , 0.152832 , 0.10731 , 0.0897904 , 0.232339 , 0.320872 , 0.213335 , 0.26772 , 0.189998 , 0.131583 , 0.174446 , 0.14227 , 0.0806547 , 0.161367 , 0.132485 , 0.125217 , 0.162464 , 0.123217 , 0.181956 , 0.132494 , 0.202853 , 0.194639 , 0.211494 , 0.431141 , 0.0779603 , 0.101032 , 0.189884 , 0.506528 , 0.327521 , 0.431635 , 0.299489 , 0.283972 , 0.292575 , 0.372673 , 0.162006 , 0.281507 , 0.442994 , 0.111349 , 0.0837885 , 0.22045 , 0.130053 , 0.108136 , 0.222612 , 0.138013 , 0.106517 , 0.232573 , 0.162091 , 0.18272 , 0.155655 , 0.228773 , 0.172519 , 0.693226 , 0.237914 , 0.203425 , 0.169718 , 0.0908667 , 0.0583081 , 0.278422 , 0.151468 , 0.29135 , 0.124627 , 0.201852 , 0.325586 , 0.249872 , 0.0871978 , 0.183494 , 0.226269 , 0.161177 , 0.235928 , 0.254215 , 0.124325 , 0.505014 , 0.135465 , 0.516814 , 0.219491 , 0.164414 , 0.139053 , 0.107605 , 0.165263 , 0.135143 , 0.161196 , 0.198426 , 0.330202 , 0.587957 , 0.248941 , 0.197023 , 0.268409 , 0.159368 , 0.116569 , 0.234802 , 0.244434 , 0.149319 , 0.194168 , 0.300891 , 0.096687 , 0.169073 , 0.442423 , 0.298886 , 0.340283 , 0.2182 , 0.15079 , 0.129474 , 0.203029 , 0.15661 , 0.124865 , 0.190586 , 0.119358 , 0.167401 , 0.0981683 , 0.183712 , 0.250513 , 0.184423 , 0.131065 , 0.0697783 , 0.383372 , 0.32114 , 0.16199 , 0.136292 , 0.168277 , 0.281694 , 0.301967 , 0.191136 , 0.153296 , 0.0597549 , 0.176968 , 0.10074 , 0.0978045 , 0.171851 , 0.267918 , 0.161981 , 0.12909 , 0.405142 , 0.183477 , 0.106322 , 0.178135 , 0.293241 , 0.509181 , 0.126107 , 0.119253 , 0.214932 , 0.174087 , 0.259901 , 0.133686 , 0.174694 , 0.152366 , 0.153833 , 0.207151 , 0.294784 , 0.193202 , 0.277004 , 0.367737 , 0.109258 , 0.22015 , 0.170868 , 0.170735 , 0.209371 , 0.131254 , 0.156119 , 0.250615 , 0.231455 , 0.145872 , 0.142018 , 0.17019 , 0.222397 , 0.161112 , 0.299411 , 0.308087 , 0.254023 , 0.219932 , 0.197045 , 0.180176 , 0.163252 , 0.207648 , 0.111527 , 0.121925 , 0.125561 , 0.227576 , 0.117593 , 0.223025 , 0.259247 , 0.187384 , 0.213953 , 0.428331 , 0.231837 , 0.388567 , 0.151933 , 0.10294 , 0.263937 , 0.197338 , 0.118667 , 0.095063 , 0.139957 , 0.204126 , 0.20478 , 0.254818 , 0.100998 , 0.177178 , 0.15701 , 0.355272 , 0.161125 , 0.125653 , 0.129323 , 0.182399 , 0.146135 , 0.0924758 , 0.108938 , 0.167527 , 0.323739 , 0.117821 , 0.230234 , 0.0995621 , 0.0982727 , 0.168278 , 0.19149 , 0.195943 , 0.21278 , 0.130153 , 0.243134 , 0.280435 , 0.278938 , 0.13743 , 0.322587 , 0.177144 , 0.352656 , 0.173826 , 0.165402 , 0.156586 , 0.0948363 , 0.16857 , 0.387121 , 0.307799 , 0.113163 , 0.248983 , 0.120928 , 0.0786992 , 0.135658 , 0.193066 , 0.0957019 , 0.172392 , 0.240782 , 0.221145 , 0.194029 , 0.16013 , 0.182443 , 0.126712 , 0.193891 , 0.18736 , 0.526948 , 0.272631 , 0.238518 , 0.202027 , 0.299353 , 0.0838826 , 0.194103 , 0.373617 , 0.303154 , 0.340589 , 0.107239 , 0.200741 , 0.28143 , 0.175325 , 0.182162 , 0.194423 , 0.175997 , 0.271038 , 0.122938 , 0.164408 , 0.0981038 , 0.0568389 , 0.121411 , 0.186027 , 0.169341 , 0.284826 , 0.190793 , 0.167776 , 0.109081 , 0.0843091 , 0.218431 , 0.372583 , 0.21625 , 0.144829 , 0.167349 , 0.205422 , 0.548129 , 0.179494 , 0.132131 , 0.208859 , 0.0932409 , 0.128753 , 0.169659 , 0.0766628 , 0.156993 , 0.107799 , 0.377579 , 0.101032 , 0.160711 , 0.135125 , 0.141013 , 0.225291 , 0.141693 , 0.116486 , 0.122616 , 0.142403 , 0.225743 , 0.179087 , 0.215742 , 0.163575 , 0.198654 , 0.363774 , 0.212331 , 0.10981 , 0.223098 , 0.224693 , 0.372341 , 0.253961 , 0.204646 , 0.245267 , 0.166085 , 0.12623 , 0.136 , 0.0891784 , 0.151254 , 0.251401 , 0.133559 , 0.102025 , 0.293868 , 0.227014 , 0.310583 , 0.118394 , 0.234611 , 0.150629 , 0.1085 , 0.138739 , 0.220521 , 0.327266 , 0.186373 , 0.140437 , 0.179219 , 0.138046 , 0.192644 , 0.264746 , 0.0819756 , 0.167062 , 0.250399 , 0.328637 , 0.158509 , 0.168748 , 0.13437 , 0.178724 , 0.174586 , 0.0941448 , 0.118665 , 0.0909402 , 0.326289 , 0.152502 , 0.166737 ,