var1=[0.358221 , 1.23523 , 0.300943 , 1.7448 , 0.298975 , 1.38647 , 0.344326 , 0.188536 , 1.11577 , 0.735875 , 0.550917 , 0.571519 , 3.1281 , 0.681593 , 0.581228 , 0.474092 , 0.507328 , 0.312096 , 0.400371 , 0.351962 , 0.370182 , 0.229069 , 0.265721 , 1.81604 , 0.808267 , 0.609287 , 0.35632 , 0.585591 , 0.588543 , 0.182193 , 0.315059 , 0.215551 , 0.368347 , 0.295966 , 0.369604 , 0.583339 , 0.129108 , 0.195668 , 0.68741 , 0.48215 , 0.252221 , 0.149514 , 0.496587 , 0.554246 , 0.633385 , 0.214511 , 0.3085 , 0.0952727 , 0.464976 , 0.352513 , 0.694265 , 0.220167 , 0.514054 , 0.481955 , 0.27423 , 0.225845 , 0.34408 , 0.722132 , 1.29954 , 0.41082 , 0.550224 , 0.275005 , 0.654223 , 1.21587 , 1.1129 , 0.420491 , 0.590574 , 0.137344 , 0.323521 , 0.29399 , 0.243774 , 2.20387 , 1.96327 , 0.607768 , 0.379495 , 0.608355 , 0.440984 , 0.360543 , 0.361441 , 1.32331 , 0.645395 , 0.5093 , 0.350073 , 0.680025 , 0.39209 , 0.876074 , 0.455691 , 0.297211 , 1.12123 , 0.203386 , 0.332693 , 0.507969 , 0.694869 , 0.154979 , 0.276159 , 1.67741 , 0.243701 , 0.456713 , 0.510883 , 0.227795 , 0.33898 , 0.911309 , 0.324164 , 0.5521 , 0.620388 , 0.89672 , 0.112795 , 0.748484 , 0.286316 , 0.117091 , 0.436649 , 2.81733 , 2.55847 , 0.270036 , 0.150492 , 0.365164 , 1.18572 , 0.865748 , 0.239587 , 0.584356 , 0.296078 , 1.84307 , 0.331457 , 0.252014 , 0.409827 , 1.00255 , 0.472001 , 0.212885 , 0.117812 , 0.627679 , 0.23444 , 1.87551 , 0.27156 , 0.217287 , 0.889511 , 0.651265 , 0.444992 , 0.12697 , 0.559973 , 0.603591 , 0.200493 , 0.514096 , 0.482411 , 0.4023 , 0.556955 , 0.43478 , 0.544368 , 0.243882 , 0.291983 , 0.511889 , 0.324155 , 0.407887 , 0.288732 , 1.36751 , 0.308134 , 0.387103 , 6.20213 , 0.688947 , 0.0160318 , 0.222554 , 0.332667 , 1.19559 , 0.826578 , 0.0925853 , 1.23653 , 0.316623 , 0.80056 , 0.350617 , 0.589029 , 1.46879 , 0.549486 , 0.439376 , 0.331312 , 2.06324 , 0.770285 , 0.859139 , 0.697446 , 0.358567 , 0.812896 , 0.931151 , 0.321104 , 0.22905 , 0.708694 , 0.76569 , 0.40293 , 0.510527 , 0.662682 , 0.478432 , 0.657444 , 0.292015 , 0.767422 , 2.40179 , 0.479235 , 0.135702 , 0.362647 , 0.292849 , 0.496786 , 0.352973 , 0.154745 , 0.141388 , 0.403228 , 0.661513 , 0.226048 , 0.309453 , 0.192703 , 0.549873 , 0.270608 , 0.490233 , 0.279532 , 0.674508 , 0.343609 , 0.609751 , 0.345179 , 0.461848 , 1.9929 , 0.293714 , 0.264201 , 0.512072 , 0.196205 , 0.514613 , 0.123637 , 0.587314 , 0.572951 , 0.804076 , 0.670209 , 1.14592 , 0.222486 , 0.82925 , 0.711821 , 1.113 , 0.343706 , 0.910676 , 0.250695 , 0.63436 , 0.35125 , 0.835062 , 0.944928 , 1.76846 , 1.19624 , 0.206853 , 0.342501 , 0.694929 , 0.493646 , 0.213048 , 0.333513 , 0.546893 , 0.316414 , 0.524074 , 0.260358 , 0.43124 , 0.668646 , 0.4556 , 0.264203 , 0.152384 , 0.570934 , 0.899062 , 0.371297 , 0.274149 , 0.348143 , 0.318773 , 0.390457 , 0.64203 , 0.989975 , 0.469891 , 0.49643 , 0.601806 , 0.779679 , 1.46964 , 0.125371 , 0.0951615 , 0.506064 , 0.308932 , 0.957891 , 0.335062 , 0.568555 , 0.22098 , 0.352256 , 0.567132 , 0.527527 , 0.475607 , 0.354707 , 1.18191 , 0.326194 , 1.18668 , 0.635851 , 0.422351 , 0.388329 , 0.497792 , 0.586494 , 0.326193 , 0.724026 , 0.497748 , 0.183876 , 0.123275 , 0.540549 , 2.43273 , 0.64727 , 0.68647 , 0.247731 , 0.232611 , 0.367108 , 0.582303 , 3.39632 , 0.513592 , 0.137918 , 0.589372 , 0.823412 , 0.556805 , 0.558307 , 0.60808 , 0.189475 , 0.392953 , 0.218668 , 0.462585 , 1.96381 , 0.486215 , 0.139739 , 0.305012 , 0.319638 , 0.487697 , 0.370591 , 0.321292 , 0.725085 , 1.01437 , 0.636286 , 0.221413 , 1.0297 , 0.403534 , 0.642381 , 1.86664 , 0.366618 , 1.01257 , 0.680158 , 0.318947 , 0.640672 , 0.301039 , 0.551828 , 0.607893 , 0.246787 , 0.460178 , 1.26741 , 0.411225 , 0.764484 , 0.20215 , 0.410594 , 1.07094 , 0.952061 , 0.550652 , 0.480941 , 1.12137 , 0.153702 , 0.233948 , 0.550762 , 0.498877 , 0.264741 , 0.356987 , 0.528654 , 0.343347 , 1.67985 , 0.278895 , 0.45519 , 0.599637 , 0.531732 , 0.461935 , 0.407992 , 0.296713 , 1.56334 , 1.34244 , 0.569145 , 0.340101 , 0.630711 , 0.281804 , 0.193992 , 0.270638 , 0.505208 , 0.877304 , 0.348957 , 0.279181 , 0.208531 , 0.266063 , 0.1698 , 0.831479 , 0.898333 , 0.36949 , 0.475117 , 0.353071 , 0.833679 , 0.731511 , 0.210122 , 0.801128 , 0.230907 , 0.528143 , 0.498276 , 0.404642 , 0.308365 , 0.320075 , 1.76666 , 0.27384 , 0.41473 , 0.117042 , 0.510769 , 0.697063 , 0.0825175 , 1.15712 , 0.412879 , 0.316707 , 0.648925 , 1.30193 , 0.911592 , 0.524887 , 3.02601 , 0.146813 , 0.350468 , 1.42114 , 0.393951 , 0.463174 , 0.719157 , 0.310481 , 0.373623 , 0.45816 , 0.558485 , 0.119662 , 1.29721 , 0.935595 , 0.270633 , 0.215025 , 0.478924 , 0.442601 , 0.329958 , 0.438173 , 0.367958 , 0.742719 , 0.907177 , 0.703221 , 0.399662 , 0.441909 , 1.04784 , 0.892371 , 0.356579 , 0.607455 , 0.244139 , 0.324304 , 0.627598 , 0.466579 , 0.467637 , 0.529986 , 0.109703 , 2.15922 , 0.347768 , 0.450761 , 1.08775 , 0.407986 , 0.539033 , 0.270379 , 0.663098 , 0.491687 , 0.42681 , 0.410681 , 1.66509 , 0.328024 , 3.6136 , 0.438821 , 0.536124 , 0.571564 , 0.912473 , 0.742432 , 0.81387 , 0.399953 , 0.511988 , 0.381925 , 0.502747 , 0.292133 , 1.50036 , 1.45994 , 0.0654564 , 0.347966 , 0.79965 , 0.360216 , 0.468594 , 0.0484469 , 0.276893 , 0.715772 , 0.39739 , 1.51135 , 0.581362 , 0.283421 , 0.447241 , 0.582027 , 0.257094 , 0.257096 , 1.95032 , 0.198685 , 0.431379 , 0.476034 , 0.733071 , 0.354225 , 0.39568 , 0.162565 , 0.375398 , 1.05162 , 0.264011 , 0.453382 , 0.466835 , 0.606802 , 0.562824 , 0.467447 , 1.10998 , 0.379847 , 0.715078 , 0.494847 , 0.169039 , 0.436242 , 0.881665 , 0.201462 , 0.829576 , 0.644775 , 0.188177 , 0.180373 , 0.504391 , 0.154077 , 0.289855 , 0.348305 , 1.40143 , 0.579716 , 0.321535 , 0.191237 , 0.524693 , 0.644055 , 0.361709 , 0.634505 , 0.884447 , 0.197994 , 0.249407 , 1.45796 , 0.27656 , 0.362827 , 0.20155 , 0.339553 , 0.640358 , 2.21968 , 0.31542 , 0.365864 , 0.578283 , 0.198939 , 0.264662 , 0.72904 , 0.318988 , 1.11796 , 1.41103 , 0.31294 , 0.531332 , 0.961946 , 0.549974 , 0.175453 , 0.828136 , 1.18392 , 0.739922 , 0.138551 , 0.778161 , 0.389907 , 0.175127 , 0.866253 , 0.521243 , 0.958294 , 0.381115 , 0.489896 , 0.807729 , 1.07787 , 0.319875 , 1.55557 , 0.6354 , 0.262164 , 0.185869 , 0.529136 , 0.373384 , 0.382687 , 0.746918 , 0.159287 , 0.445683 , 0.76761 , 0.26855 , 0.560236 , 3.22443 , 0.916296 , 0.274927 , 0.415265 , 0.386869 , 1.00214 , 0.459581 , 0.338626 , 0.434424 , 0.47738 , 0.380013 , 0.139468 , 0.866351 , 0.701305 , 0.073177 , 0.27693 , 0.893208 , 0.440921 , 0.647986 , 0.645302 , 0.700851 , 0.643953 , 0.484458 , 0.81277 , 3.75017 , 0.159797 , 0.411663 , 0.157455 , 0.840413 , 0.307549 , 0.316232 , 0.22339 , 0.365497 , 0.464723 , 0.46174 , 0.381424 , 0.382578 , 0.294844 , 0.704213 , 0.403429 , 0.279046 , 0.570855 , 0.545705 , 0.243868 , 0.335059 , 0.501455 , 0.609398 , 0.256592 , 0.440775 , 0.53388 , 0.392269 , 0.401508 , 0.473512 , 0.279671 , 0.480578 , 0.159421 , 0.370287 , 1.31433 , 1.39543 , 0.553293 , 0.290911 , 0.167503 , 0.70562 , 0.213358 , 0.599714 , 1.16519 , 0.407307 , 1.01392 , 0.512999 , 2.58062 , 0.420245 , 1.90038 , 0.248561 , 0.895309 , 0.412348 , 0.628569 , 0.609865 , 0.452909 , 0.66771 , 0.375646 , 0.603499 , 0.269814 , 0.446032 , 1.72329 , 0.653099 , 0.279194 , 0.315051 , 0.224916 , 0.395751 , 1.05908 , 0.1439 , 0.338363 , 0.621095 , 0.73834 , 0.432421 , 0.62326 , 0.522709 , 0.370605 , 0.253192 , 0.584524 , 0.48474 , 0.60562 , 0.851181 , 0.39497 , 1.404 , 2.15803 , 3.06612 , 0.29108 , 0.710458 , 0.259692 , 0.190397 , 0.234153 , 0.213424 , 0.569075 , 0.331308 , 0.263187 , 0.315212 , 1.25527 , 0.341727 , 2.41456 , 0.648111 , 0.299822 , 0.252957 , 0.627062 , 0.338476 , 0.735339 , 0.841763 , 0.799365 , 0.448133 , 0.645943 , 0.167747 , 0.294816 , 0.764348 , 0.457658 , 3.8711 , 0.12514 , 1.07872 , 0.210411 , 0.710555 , 2.06119 , 0.380575 , 0.347211 , 0.222104 , 0.378053 , 0.879855 , 0.346475 , 0.339496 , 0.338018 , 0.328008 , 0.388554 , 0.410145 , 0.204306 , 0.442487 , 0.416861 , 0.134447 , 0.259982 , 0.418385 , 1.74009 , 0.270264 , 0.615045 , 