var1=[0.246057 , 0.143442 , 0.395103 , 0.985354 , 0.685976 , 0.375446 , 0.402151 , 0.371813 , 0.490835 , 0.433581 , 0.370546 , 0.632633 , 0.431657 , 0.518843 , 0.256977 , 0.446948 , 0.726062 , 1.61209 , 1.02811 , 0.376774 , 0.489756 , 0.396399 , 0.401036 , 0.368306 , 0.390231 , 0.379925 , 0.234086 , 0.383127 , 0.482278 , 0.445478 , 0.290167 , 0.46313 , 0.515257 , 0.561847 , 1.00289 , 0.543166 , 0.649404 , 0.293433 , 0.199859 , 0.456171 , 0.980993 , 0.521792 , 0.538483 , 0.464508 , 0.186258 , 0.213159 , 0.206226 , 1.55003 , 0.215141 , 0.279194 , 1.13243 , 0.10792 , 0.308323 , 0.367622 , 0.361905 , 1.74308 , 0.337811 , 2.54283 , 0.216402 , 0.140206 , 0.511209 , 0.449721 , 0.544915 , 0.60481 , 0.287212 , 0.164094 , 0.424178 , 1.82333 , 0.209923 , 0.461112 , 0.0655284 , 1.02986 , 0.4099 , 0.37681 , 0.280914 , 0.483614 , 0.408873 , 0.501513 , 0.208917 , 1.00308 , 0.54156 , 0.536647 , 0.284682 , 0.208213 , 1.73444 , 0.555457 , 0.35053 , 0.491564 , 0.707111 , 0.741109 , 0.360989 , 1.34653 , 0.654586 , 1.23278 , 0.320819 , 0.588978 , 0.500772 , 0.297245 , 0.272745 , 0.380483 , 0.415546 , 0.350534 , 0.552977 , 0.502001 , 0.784202 , 0.431909 , 0.369417 , 0.3318 , 0.365222 , 0.616002 , 0.51379 , 0.659598 , 0.6695 , 0.451157 , 0.298045 , 0.242974 , 0.259373 , 1.0177 , 0.146321 , 0.415814 , 0.315991 , 0.315599 , 0.197566 , 0.276408 , 0.149919 , 0.729092 , 0.532916 , 0.41648 , 0.268724 , 0.160284 , 0.340457 , 0.232018 , 0.607681 , 0.32709 , 1.14599 , 1.03595 , 0.239383 , 0.365211 , 0.706248 , 0.531637 , 0.181068 , 0.311956 , 0.212712 , 0.245158 , 1.18427 , 0.701772 , 0.700733 , 0.241309 , 0.396809 , 0.302037 , 0.219311 , 1.13391 , 0.435842 , 0.330093 , 0.370367 , 0.586169 , 0.255912 , 0.362454 , 0.329625 , 0.77683 , 0.636995 , 0.3131 , 0.276374 , 0.440147 , 0.0898252 , 0.124384 , 0.317453 , 0.704292 , 0.457568 , 0.258096 , 0.157676 , 1.24786 , 0.394032 , 0.398253 , 0.164361 , 0.417937 , 0.434376 , 0.440646 , 0.103129 , 0.932022 , 0.458982 , 0.529775 , 0.321348 , 0.734252 , 0.326031 , 1.57011 , 0.171084 , 0.393767 , 0.301901 , 0.456402 , 0.230995 , 0.210429 , 0.60377 , 0.36777 , 0.51702 , 0.514889 , 2.4629 , 0.3639 , 0.399666 , 0.318933 , 0.378196 , 0.337282 , 0.407996 , 0.407204 , 0.895228 , 0.593338 , 0.270053 , 0.345183 , 0.293538 , 0.358324 , 0.373138 , 0.318935 , 0.278397 , 0.683406 , 0.709766 , 0.276078 , 0.35001 , 0.509539 , 0.687456 , 0.345345 , 0.835779 , 0.364095 , 0.368681 , 1.55221 , 0.805377 , 2.40605 , 0.441953 , 0.3514 , 0.378589 , 0.162109 , 0.585256 , 0.475628 , 0.25268 , 0.435856 , 0.302764 , 0.48335 , 1.31167 , 0.445946 , 0.214605 , 0.212758 , 1.34073 , 0.73695 , 0.666397 , 0.571526 , 0.281792 , 1.05953 , 0.568741 , 0.381281 , 0.229896 , 0.304511 , 0.573536 , 0.324737 , 0.273537 , 0.343757 , 0.279502 , 2.77926 , 0.676563 , 0.438317 , 0.477655 , 0.9293 , 0.424227 , 3.36689 , 0.573963 , 0.141519 , 0.371301 , 0.369772 , 0.636755 , 0.903305 , 0.815832 , 0.628474 , 0.412885 , 0.617882 , 0.254954 , 0.246071 , 0.441178 , 0.680012 , 0.280052 , 0.285135 , 0.449952 , 0.702867 , 0.964548 , 0.38136 , 0.286003 , 0.505181 , 0.775074 , 0.230848 , 0.232888 , 0.431467 , 1.45113 , 0.267634 , 0.447076 , 0.357264 , 0.509543 , 0.484864 , 0.136972 , 0.586135 , 0.658372 , 0.0196396 , 0.414965 , 0.183856 , 0.191066 , 0.0581608 , 1.62268 , 0.453439 , 0.61809 , 0.679852 , 1.04825 , 0.470163 , 0.400367 , 0.528057 , 0.360676 , 0.678182 , 0.152391 , 0.307842 , 0.374513 , 0.637442 , 0.909555 , 0.516337 , 0.30085 , 0.285436 , 0.4208 , 0.56839 , 0.375425 , 0.0959533 , 0.211873 , 0.253869 , 0.20076 , 0.506045 , 0.572263 , 0.362277 , 0.434636 , 0.550258 , 0.459065 , 0.30051 , 0.392643 , 0.5463 , 0.675992 , 0.640008 , 0.402731 , 0.742736 , 0.357448 , 0.438113 , 0.430642 , 0.388467 , 0.858778 , 0.434443 , 0.237325 , 0.414864 , 0.361385 , 0.26832 , 2.0043 , 0.186836 , 0.858615 , 0.358351 , 0.407405 , 0.394744 , 0.51497 , 0.197494 , 0.422165 , 0.548915 , 0.562374 , 0.468165 , 0.33546 , 0.684734 , 0.442504 , 0.413844 , 0.298179 , 0.863451 , 0.826925 , 0.401123 , 0.42647 , 0.215585 , 0.704881 , 0.285395 , 0.201327 , 0.311234 , 0.163757 , 0.427827 , 2.56485 , 0.260873 , 0.940405 , 0.170766 , 0.113756 , 0.469444 , 0.224877 , 0.818949 , 0.808896 , 1.47087 , 0.572165 , 0.52995 , 0.30512 , 0.594596 , 1.08604 , 0.447411 , 0.434052 , 0.229873 , 0.150425 , 0.255002 , 0.922938 , 0.125937 , 0.533464 , 0.416323 , 0.839538 , 1.00925 , 0.700839 , 0.375412 , 0.692024 , 0.53477 , 0.520303 , 0.282946 , 0.276053 , 0.297307 , 0.532392 , 0.76456 , 0.454972 , 0.534761 , 0.289486 , 0.424872 , 0.575496 , 0.398422 , 1.23072 , 0.252077 , 0.754615 , 0.421656 , 0.386348 , 0.188613 , 0.993257 , 0.260724 , 0.165147 , 0.52767 , 0.546142 , 0.101988 , 0.842345 , 0.282055 , 0.406285 , 0.322381 , 0.218411 , 0.333983 , 0.548977 , 0.735927 , 0.300778 , 0.301486 , 0.374652 , 0.690766 , 0.442036 , 0.269856 , 2.46411 , 0.540222 , 1.61739 , 0.980173 , 0.312755 , 0.616423 , 0.526989 , 0.401065 , 0.430989 , 0.600722 , 0.697903 , 0.490185 , 0.412941 , 0.767179 , 1.18702 , 0.150335 , 0.374153 , 1.9655 , 0.170153 , 0.457894 , 0.628511 , 0.589667 , 0.774459 , 0.956934 , 0.52248 , 1.05162 , 0.150661 , 0.563379 , 0.515675 , 0.556854 , 0.413923 , 0.0513014 , 0.663125 , 0.187844 , 0.599173 , 0.283582 , 0.394457 , 0.39943 , 0.616843 , 0.366648 , 0.435456 , 0.285827 , 0.320573 , 0.262185 , 0.1978 , 0.276259 , 0.223904 , 0.556964 , 0.567572 , 2.01745 , 0.35702 , 0.489069 , 0.717818 , 0.165361 , 0.184346 , 0.239164 , 0.333718 , 0.211359 , 0.572071 , 0.185602 , 0.732152 , 0.677221 , 0.0365485 , 1.47905 , 0.216165 , 0.286137 , 0.419949 , 0.455449 , 0.339136 , 1.12987 , 1.70731 , 0.432931 , 0.345221 , 0.239435 , 0.391279 , 0.312311 , 0.5852 , 0.265512 , 0.539933 , 0.415084 , 0.693021 , 0.328131 , 0.504334 , 0.259806 , 1.04557 , 0.541189 , 0.251052 , 0.582055 , 3.08606 , 0.366063 , 0.285933 , 0.215678 , 0.396467 , 1.54277 , 0.494094 , 0.444953 , 0.124495 , 0.565342 , 0.82788 , 2.67223 , 0.190169 , 0.352194 , 0.854211 , 0.272506 , 0.437318 , 0.569372 , 0.305454 , 0.234817 , 0.251063 , 0.44628 , 0.285399 , 0.236106 , 0.783798 , 0.366177 , 0.124185 , 0.646308 , 0.341232 , 0.352209 , 0.345459 , 0.105114 , 0.280527 , 0.458491 , 0.216976 , 0.639256 , 0.746085 , 0.370966 , 0.434898 , 0.685515 , 0.359623 , 0.249548 , 0.427771 , 0.303433 , 0.117978 , 0.393984 , 0.115112 , 0.273147 , 0.185545 , 0.440303 , 2.43454 , 0.559504 , 0.814544 , 0.193987 , 0.316267 , 0.451972 , 1.03069 , 0.432633 , 0.398867 , 0.560916 , 0.247972 , 1.17375 , 1.02841 , 0.345447 , 0.556401 , 0.55822 , 0.258482 , 1.60864 , 0.254823 , 0.337013 , 0.583609 , 0.160266 , 0.175797 , 0.31049 , 0.33167 , 0.340456 , 0.500566 , 0.308414 , 0.276531 , 0.186062 , 0.460208 , 2.70658 , 0.199472 , 0.707417 , 0.568584 , 0.361595 , 0.971813 , 1.21107 , 0.530119 , 0.298374 , 0.246706 , 0.609122 , 0.711102 , 0.262873 , 0.292281 , 0.309538 , 0.343121 , 0.27769 , 0.298827 , 0.327531 , 0.587049 , 0.529752 , 0.410334 , 0.325485 , 0.408903 , 0.284314 , 0.385947 , 0.381056 , 0.524243 , 0.239636 , 0.556308 , 0.172314 , 0.445513 , 1.728 , 0.270721 , 0.664199 , 0.700738 , 0.236279 , 0.172822 , 0.207616 , 0.276931 , 1.37966 , 0.406835 , 0.540512 , 0.33214 , 0.0849155 , 0.137991 , 1.04666 , 0.488885 , 0.271502 , 0.254436 , 0.380808 , 1.24126 , 0.245534 , 2.48948 , 0.223254 , 0.19923 , 0.377279 , 0.268934 , 0.254371 , 0.406257 , 0.357536 , 0.630527 , 0.24188 , 0.750876 , 0.256797 , 0.449777 , 0.339514 , 0.281298 , 0.703556 , 0.387319 , 0.471008 , 0.28787 , 1.21969 , 0.53627 , 0.464023 , 0.472061 , 0.104951 , 0.552959 , 0.35358 , 0.516167 , 0.430415 , 0.403634 , 0.719722 , 0.614647 , 0.257959 , 0.0760177 , 0.669454 , 0.673658 , 0.835829 , 0.28775 , 0.592453 , 1.33578 , 0.500524 , 0.709036 , 1.16153 , 0.511669 , 0.366069 , 0.0533824 , 0.555414 , 0.247396 , 0.301935 , 1.31631 , 0.918785 , 0.618885 , 0.82741 , 0.588165 , 0.405776 , 0.351877 , 0.317766 , 0.186114 , 0.143616 , 0.195282 , 0.604749 , 0.431554 , 0.46602 , 0.54238 , 0.872388 , 0.526325 , 0.207759 , 0.41433 , 2.71601 , 2.10196 , 0.27328 , 3.16129 , 