var1=[0.149361 , 0.199198 , 0.173603 , 0.115218 , 0.342286 , 0.317228 , 0.299855 , 0.122112 , 0.173985 , 0.339317 , 0.299617 , 0.253185 , 0.222568 , 0.299898 , 0.209402 , 0.343481 , 0.149513 , 0.358073 , 0.920014 , 0.180776 , 0.440519 , 0.170725 , 0.166959 , 0.413141 , 0.626553 , 0.245454 , 0.343633 , 0.162943 , 0.3713 , 0.190686 , 0.297929 , 0.405301 , 0.81036 , 0.176052 , 0.197826 , 0.314776 , 0.0885556 , 0.185805 , 0.0917871 , 0.427532 , 0.280856 , 0.293079 , 0.232242 , 0.197988 , 0.344861 , 0.141539 , 0.207199 , 0.280304 , 0.40368 , 0.207411 , 0.195296 , 0.125899 , 0.134655 , 0.242937 , 0.140751 , 0.345594 , 0.406162 , 0.353294 , 0.270298 , 0.129984 , 0.200444 , 0.426802 , 0.322552 , 0.212468 , 0.345511 , 0.169499 , 0.283049 , 0.265475 , 0.299372 , 0.218852 , 0.184817 , 0.265219 , 0.350211 , 0.230377 , 0.101472 , 0.173895 , 0.135495 , 0.116439 , 0.205653 , 0.288037 , 0.358354 , 0.319874 , 0.251802 , 0.338519 , 0.137814 , 0.155702 , 0.29118 , 0.521012 , 0.305542 , 0.206621 , 0.12404 , 0.298452 , 0.20857 , 0.12456 , 0.173334 , 0.555275 , 0.162343 , 0.35351 , 0.41865 , 0.266748 , 0.121865 , 0.300418 , 0.333412 , 0.505281 , 0.414976 , 0.319731 , 0.183587 , 0.202932 , 0.108249 , 0.287484 , 0.393045 , 0.301384 , 0.347686 , 0.27819 , 0.265262 , 0.293912 , 0.117155 , 0.390482 , 0.159797 , 0.14457 , 0.234829 , 0.21105 , 0.394554 , 0.311195 , 0.18527 , 0.24761 , 0.223765 , 0.176183 , 0.155705 , 0.117533 , 0.149361 , 0.211419 , 0.203671 , 0.343926 , 0.519226 , 0.258109 , 0.307249 , 0.192413 , 0.148608 , 0.155913 , 0.531364 , 0.370901 , 0.303452 , 0.141487 , 0.185016 , 0.226716 , 0.494913 , 0.325422 , 0.22515 , 0.260285 , 0.364652 , 0.239797 , 0.291959 , 0.244818 , 0.158928 , 0.123175 , 0.257172 , 0.168994 , 0.305805 , 0.17187 , 0.124811 , 0.317276 , 0.201927 , 0.154461 , 0.128771 , 0.195036 , 0.31165 , 0.215789 , 0.289913 , 0.120292 , 0.147812 , 0.31486 , 0.317961 , 0.411114 , 0.168798 , 0.189116 , 0.19574 , 0.425333 , 0.294847 , 0.311783 , 0.610031 , 0.312443 , 0.21334 , 0.455553 , 0.126572 , 0.298705 , 0.295487 , 0.424627 , 0.131986 , 0.163559 , 0.24114 , 0.181641 , 0.147436 , 0.257701 , 0.114108 , 0.186437 , 0.292003 , 0.260014 , 0.181238 , 0.263691 , 0.0642159 , 0.166952 , 0.214867 , 0.0921511 , 0.153856 , 0.188908 , 0.194909 , 0.480885 , 0.217491 , 0.998222 , 0.164568 , 0.206891 , 0.277524 , 0.222536 , 0.162116 , 0.336527 , 0.148066 , 0.248201 , 0.265079 , 0.240887 , 0.297973 , 0.212593 , 0.329617 , 0.196768 , 0.333061 , 0.359035 , 0.0654969 , 0.261945 , 0.179429 , 0.244065 , 0.231956 , 0.225867 , 0.156389 , 0.356559 , 0.212621 , 0.125306 , 0.169688 , 0.229689 , 0.185014 , 0.224875 , 0.349857 , 0.304615 , 0.114811 , 0.432889 , 0.170748 , 0.204495 , 0.140806 , 0.179921 , 0.378909 , 0.231655 , 0.243682 , 0.600343 , 0.173708 , 0.174957 , 0.395066 , 0.303337 , 0.270226 , 0.119285 , 0.36958 , 0.153605 , 0.260998 , 0.339859 , 0.418278 , 0.0881835 , 0.279823 , 0.402989 , 0.501309 , 0.570003 , 0.32927 , 0.317621 , 0.120077 , 0.228985 , 0.277569 , 0.269503 , 0.310099 , 0.300025 , 0.317298 , 0.304527 , 0.362831 , 0.190643 , 0.18066 , 0.140949 , 0.175675 , 0.0953059 , 0.739235 , 0.261811 , 0.184493 , 0.225528 , 0.102866 , 0.271847 , 0.244351 , 0.229337 , 0.211282 , 0.160337 , 0.198695 , 0.21242 , 0.107772 , 0.18725 , 0.104443 , 0.305291 , 0.235471 , 0.206067 , 0.461103 , 0.196639 , 0.169459 , 0.095933 , 0.513079 , 0.22056 , 0.372014 , 0.168627 , 0.56432 , 0.201639 , 0.268332 , 0.367171 , 0.512811 , 0.192514 , 0.122977 , 0.207882 , 0.191082 , 0.263264 , 0.279588 , 0.298456 , 0.251073 , 0.140562 , 0.252873 , 0.245274 , 0.316157 , 0.251834 , 0.126558 , 0.385479 , 0.2154 , 0.251857 , 0.194247 , 0.155387 , 0.188774 , 0.104653 , 0.249209 , 0.416994 , 0.276671 , 0.23835 , 0.138589 , 0.385089 , 0.264257 , 0.134952 , 0.258355 , 0.198314 , 0.277794 , 0.140774 , 0.159623 , 0.232591 , 0.173187 , 0.189322 , 0.0814072 , 0.232317 , 0.139947 , 0.113587 , 0.101178 , 0.251718 , 0.255873 , 0.622378 , 0.115746 , 0.147303 , 0.119056 , 0.153604 , 0.267379 , 0.237007 , 0.472577 , 0.155102 , 0.239124 , 0.242456 , 0.190087 , 0.192147 , 0.232639 , 0.276939 , 0.158982 , 0.343186 , 0.122512 , 0.221351 , 0.165237 , 0.352722 , 0.277834 , 0.274581 , 0.199721 , 0.176694 , 0.304096 , 0.177565 , 0.283985 , 0.239522 , 0.239777 , 0.206299 , 0.219243 , 0.351601 , 0.206738 , 0.157661 , 0.233914 , 0.0724358 , 0.217613 , 0.176374 , 0.400326 , 0.138267 , 0.159782 , 0.358461 , 0.114294 , 0.235028 , 0.155639 , 0.216618 , 0.425918 , 0.322476 , 0.243039 , 0.340033 , 0.309045 , 0.0963105 , 0.136078 , 0.195135 , 0.228504 , 0.137636 , 0.225159 , 0.201094 , 0.317682 , 0.236418 , 0.189762 , 0.404049 , 0.227841 , 0.122208 , 0.312775 , 0.147711 , 0.117338 , 0.159737 , 0.198502 , 0.104031 , 0.242509 , 0.200943 , 0.206008 , 0.531815 , 0.311874 , 0.167251 , 0.280002 , 0.278607 , 0.311735 , 0.423691 , 0.19888 , 0.200651 , 0.204704 , 0.286127 , 0.112203 , 0.160417 , 0.189132 , 0.215298 , 0.0613529 , 0.309271 , 0.224326 , 0.249183 , 0.392947 , 0.116941 , 0.388311 , 0.241501 , 0.359741 , 0.173003 , 0.318705 , 0.191543 , 0.129543 , 0.195871 , 0.413524 , 0.271359 , 0.115394 , 0.163579 , 0.494258 , 0.281356 , 0.27803 , 0.318234 , 0.253209 , 0.183003 , 0.131563 , 0.389058 , 0.261249 , 0.128798 , 0.328843 , 0.0970314 , 0.359453 , 0.245699 , 0.293827 , 0.270651 , 0.176107 , 0.46495 , 0.225711 , 0.165893 , 0.158345 , 0.279587 , 0.340461 , 0.245234 , 0.252729 , 0.372314 , 0.314149 , 0.343432 , 0.163191 , 0.25691 , 0.11482 , 0.204168 , 0.179165 , 0.131597 , 0.299509 , 0.303545 , 0.204731 , 0.138724 , 0.181393 , 0.106607 , 0.0946326 , 0.202734 , 0.156599 , 0.205604 , 0.200781 , 0.187466 , 0.201423 , 0.233814 , 0.307221 , 0.284311 , 0.363464 , 0.525772 , 0.238359 , 0.188073 , 0.223362 , 0.117655 , 0.20338 , 0.370754 , 0.300858 , 0.271128 , 0.239818 , 0.0978582 , 0.179471 , 0.10815 , 0.158608 , 0.586353 , 0.360967 , 0.240226 , 0.159273 , 0.42933 , 0.350163 , 0.188981 , 0.703473 , 0.218941 , 0.146972 , 0.153433 , 0.559797 , 0.142276 , 0.167589 , 0.172792 , 0.259866 , 0.392757 , 0.196065 , 0.147031 , 0.208641 , 0.321646 , 0.154063 , 0.273315 , 0.265133 , 0.410459 , 0.301122 , 0.734642 , 0.504567 , 0.0860448 , 0.282516 , 0.628795 , 0.486027 , 0.117628 , 0.331441 , 0.162517 , 0.222079 , 0.117282 , 0.109519 , 0.222212 , 0.179362 , 0.341561 , 0.294509 , 0.149122 , 0.640627 , 0.231259 , 0.29334 , 0.371888 , 0.188708 , 0.33803 , 0.119517 , 0.222871 , 0.165327 , 0.230642 , 0.19871 , 0.389156 , 0.156205 , 0.212478 , 0.13631 , 0.132507 , 0.21316 , 0.281538 , 0.121297 , 0.446438 , 0.226684 , 0.332107 , 0.205708 , 0.173768 , 0.11273 , 0.206362 , 0.167785 , 0.279516 , 0.248936 , 0.130701 , 0.827193 , 0.206612 , 0.174859 , 0.128779 , 0.517329 , 0.201383 , 0.284401 , 0.043198 , 0.227862 , 0.256028 , 0.132786 , 0.210147 , 0.179286 , 0.16463 , 0.22668 , 0.140717 , 0.663168 , 0.232496 , 0.297671 , 0.217667 , 0.17596 , 0.575844 , 0.459257 , 0.254855 , 0.226742 , 0.508466 , 0.105604 , 0.153289 , 0.222943 , 0.413564 , 0.45445 , 0.200148 , 0.322564 , 0.323532 , 0.239956 , 0.386575 , 0.686801 , 0.138202 , 0.0669477 , 0.270568 , 0.7486 , 0.110403 , 0.274046 , 0.291318 , 0.507533 , 0.198423 , 0.313172 , 0.16471 , 0.0800785 , 0.311354 , 0.214261 , 0.271838 , 0.264677 , 0.216335 , 0.156729 , 0.154085 , 0.160919 , 0.272727 , 0.364984 , 0.33601 , 0.257176 , 0.219882 , 0.637011 , 0.135241 , 0.326891 , 0.20555 , 0.165221 , 0.174116 , 0.268569 , 0.18464 , 0.43502 , 0.397489 , 0.239212 , 0.126525 , 0.220223 , 0.280161 , 0.1654 , 0.346961 , 0.280627 , 0.224681 , 0.208596 , 0.188775 , 0.288879 , 0.248672 , 0.209514 , 0.171369 , 0.240755 , 0.286961 , 0.289046 , 0.351751 , 0.3067 , 0.179991 , 0.207811 , 0.24272 , 0.222828 , 0.655952 , 0.205399 , 0.225136 , 0.255677 , 0.278823 , 0.267372 , 0.44112 , 0.41287 , 0.139881 , 0.127528 , 0.217883 , 0.310952 , 0.192487 , 0.148748 , 0.268867 , 0.207579 , 0.39227 , 0.277385 , 0.160993 , 0.235837 , 0.394388 , 0.23877 , 0.295243 , 0.185462 , 0.0760526 , 0.0956212 , 0.14067 , 0.610388 , 0.113257 , 0.405012 , 0.228799 , 0.159036 , 