var1=[0.0917541 , 0.112019 , 0.137336 , 0.120382 , 0.173432 , 0.0605676 , 0.0604011 , 0.0954413 , 0.073979 , 0.14267 , 0.142453 , 0.144452 , 0.131842 , 0.0905575 , 0.116389 , 0.06459 , 0.229194 , 0.272641 , 0.159219 , 0.087057 , 0.101468 , 0.0757219 , 0.118884 , 0.115556 , 0.212378 , 0.383741 , 0.110539 , 0.0857103 , 0.0913674 , 0.104416 , 0.104463 , 0.220434 , 0.111143 , 0.0690107 , 0.0867615 , 0.165783 , 0.168296 , 0.291992 , 0.10102 , 0.13715 , 0.145809 , 0.115855 , 0.129284 , 0.154915 , 0.0702173 , 0.257251 , 0.142649 , 0.108427 , 0.0533805 , 0.106372 , 0.310764 , 0.163824 , 0.100302 , 0.0956158 , 0.0835913 , 0.188895 , 0.214912 , 0.223964 , 0.203688 , 0.121037 , 0.160622 , 0.125551 , 0.0792128 , 0.166899 , 0.196875 , 0.0955067 , 0.102216 , 0.0854441 , 0.234656 , 0.112649 , 0.0881686 , 0.0834518 , 0.0778346 , 0.196964 , 0.145119 , 0.107154 , 0.173976 , 0.139475 , 0.194086 , 0.100221 , 0.138233 , 0.10538 , 0.319984 , 0.369862 , 0.104879 , 0.0516702 , 0.121549 , 0.115192 , 0.114394 , 0.135549 , 0.109948 , 0.145569 , 0.0891882 , 0.0597611 , 0.144892 , 0.125027 , 0.233879 , 0.102885 , 0.158218 , 0.0913285 , 0.115201 , 0.172921 , 0.269312 , 0.0739285 , 0.155715 , 0.169164 , 0.131593 , 0.175538 , 0.214676 , 0.155658 , 0.139843 , 0.120844 , 0.283233 , 0.233676 , 0.072917 , 0.0656544 , 0.0761671 , 0.0639428 , 0.0745947 , 0.257205 , 0.234409 , 0.0638913 , 0.127806 , 0.115344 , 0.0866716 , 0.077854 , 0.103312 , 0.163765 , 0.0844126 , 0.0534018 , 0.12566 , 0.118803 , 0.17841 , 0.34425 , 0.0979659 , 0.240339 , 0.0981301 , 0.153842 , 0.101396 , 0.150389 , 0.196434 , 0.0713996 , 0.0656037 , 0.13727 , 0.227994 , 0.15783 , 0.14263 , 0.0499268 , 0.0817773 , 0.232599 , 0.218082 , 0.0998068 , 0.252942 , 0.28411 , 0.192795 , 0.155206 , 0.349278 , 0.284105 , 0.285826 , 0.10131 , 0.138338 , 0.153695 , 0.190507 , 0.115074 , 0.31535 , 0.100337 , 0.133149 , 0.231624 , 0.0849173 , 0.105647 , 0.132725 , 0.0644378 , 0.16332 , 0.124341 , 0.0967145 , 0.212792 , 0.102581 , 0.225616 , 0.143688 , 0.165934 , 0.226104 , 0.122498 , 0.293057 , 0.127777 , 0.131864 , 0.170621 , 0.124466 , 0.172961 , 0.17847 , 0.0618814 , 0.191335 , 0.144309 , 0.0704842 , 0.182312 , 0.12194 , 0.248429 , 0.120243 , 0.0906425 , 0.116836 , 0.305039 , 0.233001 , 0.0707451 , 0.0959466 , 0.127757 , 0.186363 , 0.0690337 , 0.328597 , 0.0873201 , 0.14444 , 0.175947 , 0.163736 , 0.0992245 , 0.15694 , 0.238713 , 0.148366 , 0.0605759 , 0.0693127 , 0.26211 , 0.215942 , 0.077972 , 0.183925 , 0.093271 , 0.084921 , 0.0739947 , 0.242957 , 0.101449 , 0.115251 , 0.085943 , 0.0580308 , 0.184272 , 0.168879 , 0.131266 , 0.165341 , 0.268523 , 0.113376 , 0.0696345 , 0.371871 , 0.0561653 , 0.0805032 , 0.12885 , 0.132709 , 0.13526 , 0.121635 , 0.101047 , 0.10163 , 0.123769 , 0.0831478 , 0.16971 , 0.203579 , 0.465066 , 0.239311 , 0.196584 , 0.0732867 , 0.0829494 , 0.104357 , 0.220806 , 0.120614 , 0.116647 , 0.0928121 , 0.255452 , 0.060536 , 0.116863 , 0.137561 , 0.0650754 , 0.230576 , 0.182217 , 0.259223 , 0.104217 , 0.159008 , 0.0985069 , 0.20719 , 0.0701586 , 0.115292 , 0.0796233 , 0.242378 , 0.142244 , 0.118358 , 0.101613 , 0.241107 , 0.187502 , 0.0793593 , 0.143664 , 0.110878 , 0.0668872 , 0.324822 , 0.0986981 , 0.180189 , 0.0762523 , 0.176506 , 0.056672 , 0.193393 , 0.177722 , 0.136223 , 0.121879 , 0.0643803 , 0.157545 , 0.137081 , 0.148706 , 0.17511 , 0.0647916 , 0.184418 , 0.147855 , 0.15876 , 0.103249 , 0.143799 , 0.124036 , 0.323934 , 0.179467 , 0.19655 , 0.101383 , 0.104467 , 0.0983223 , 0.169326 , 0.106315 , 0.235481 , 0.1172 , 0.139062 , 0.153282 , 0.142358 , 0.113763 , 0.135849 , 0.130769 , 0.194604 , 0.0869377 , 0.128154 , 0.0890803 , 0.0911542 , 0.0585393 , 0.110145 , 0.120764 , 0.0689113 , 0.121055 , 0.128749 , 0.118323 , 0.193668 , 0.0440805 , 0.318027 , 0.0753363 , 0.102509 , 0.20828 , 0.286949 , 0.112325 , 0.0856252 , 0.126595 , 0.0951761 , 0.323878 , 0.0982144 , 0.0909351 , 0.0977522 , 0.121619 , 0.144632 , 0.10827 , 0.135293 , 0.186806 , 0.132032 , 0.239738 , 0.138363 , 0.118954 , 0.149399 , 0.102465 , 0.116933 , 0.133004 , 0.138314 , 0.316544 , 0.0628912 , 0.192329 , 0.107316 , 0.144909 , 0.119503 , 0.185836 , 0.0939371 , 0.0740886 , 0.0814102 , 0.0910061 , 0.0643698 , 0.083762 , 0.10333 , 0.135429 , 0.264473 , 0.195603 , 0.159798 , 0.214906 , 0.182768 , 0.227519 , 0.226059 , 0.122194 , 0.1192 , 0.136359 , 0.0674865 , 0.100906 , 0.189178 , 0.235326 , 0.087781 , 0.0982524 , 0.0959736 , 0.13498 , 0.0713939 , 0.197489 , 0.218687 , 0.115538 , 0.218106 , 0.0871189 , 0.175295 , 0.123204 , 0.182463 , 0.0836393 , 0.0944404 , 0.0788679 , 0.0973002 , 0.0741993 , 0.153635 , 0.0987238 , 0.108398 , 0.097499 , 0.154864 , 0.108471 , 0.136647 , 0.179665 , 0.101448 , 0.159134 , 0.0790017 , 0.216341 , 0.106969 , 0.0995464 , 0.223103 , 0.199241 , 0.0767492 , 0.105607 , 0.0931662 , 0.08192 , 0.239592 , 0.207132 , 0.171739 , 0.439572 , 0.0923527 , 0.180076 , 0.278943 , 0.0774792 , 0.272724 , 0.223607 , 0.144002 , 0.238544 , 0.111197 , 0.0917372 , 0.184364 , 0.1124 , 0.352737 , 0.0916448 , 0.125069 , 0.197686 , 0.0460658 , 0.208629 , 0.179954 , 0.187889 , 0.0916897 , 0.118731 , 0.0850067 , 0.169444 , 0.066123 , 0.142917 , 0.103679 , 0.105734 , 0.113908 , 0.148984 , 0.0807499 , 0.212658 , 0.146231 , 0.178229 , 0.142611 , 0.132345 , 0.10215 , 0.266575 , 0.205645 , 0.127262 , 0.178283 , 0.156754 , 0.161885 , 0.199551 , 0.148195 , 0.0919711 , 0.127579 , 0.121311 , 0.0892495 , 0.157424 , 0.137339 , 0.225089 , 0.330906 , 0.177156 , 0.167782 , 0.145281 , 0.0738772 , 0.104755 , 0.0814289 , 0.137694 , 0.145107 , 0.124561 , 0.0614257 , 0.0704192 , 0.111855 , 0.12292 , 0.163173 , 0.16252 , 0.0566519 , 0.243885 , 0.209568 , 0.174757 , 0.0827818 , 0.123674 , 0.111895 , 0.150583 , 0.172688 , 0.233473 , 0.0519416 , 0.118716 , 0.144047 , 0.0872825 , 0.12239 , 0.1603 , 0.140933 , 0.123313 , 0.238145 , 0.248318 , 0.167605 , 0.130868 , 0.0653898 , 0.152774 , 0.0973221 , 0.101912 , 0.0909277 , 0.0695715 , 0.125377 , 0.313779 , 0.0941958 , 0.158464 , 0.136973 , 0.0853448 , 0.149803 , 0.165051 , 0.132064 , 0.163102 , 0.0869048 , 0.153822 , 0.133193 , 0.11659 , 0.0879456 , 0.13285 , 0.0665817 , 0.0923548 , 0.111646 , 0.218819 , 0.0876632 , 0.16087 , 0.0744124 , 0.110579 , 0.20308 , 0.163947 , 0.257564 , 0.135202 , 0.145425 , 0.093032 , 0.090896 , 0.113698 , 0.121006 , 0.089085 , 0.233604 , 0.0921596 , 0.107757 , 0.0891014 , 0.0969574 , 0.0838164 , 0.133675 , 0.11086 , 0.159532 , 0.0694952 , 0.172672 , 0.0943328 , 0.170549 , 0.114358 , 0.16446 , 0.162446 , 0.247025 , 0.197903 , 0.0744431 , 0.13378 , 0.192702 , 0.126395 , 0.115363 , 0.197333 , 0.344575 , 0.259758 , 0.0857752 , 0.126467 , 0.0928219 , 0.127653 , 0.0843191 , 0.107979 , 0.128619 , 0.157776 , 0.238944 , 0.0848798 , 0.0970872 , 0.117359 , 0.194177 , 0.115564 , 0.19779 , 0.152994 , 0.100103 , 0.109554 , 0.0918118 , 0.0861736 , 0.143371 , 0.12854 , 0.0862606 , 0.108204 , 0.130283 , 0.205631 , 0.123163 , 0.0856677 , 0.337333 , 0.110232 , 0.260222 , 0.209617 , 0.171974 , 0.19826 , 0.216921 , 0.090172 , 0.120969 , 0.17428 , 0.0819432 , 0.210918 , 0.0864525 , 0.100618 , 0.578608 , 0.125779 , 0.0775604 , 0.0880685 , 0.293313 , 0.188426 , 0.113917 , 0.0755657 , 0.0625489 , 0.116341 , 0.258364 , 0.132208 , 0.159588 , 0.154124 , 0.176981 , 0.0862589 , 0.15073 , 0.155883 , 0.104726 , 0.110512 , 0.0867288 , 0.0846756 , 0.115533 , 0.119661 , 0.17664 , 0.187504 , 0.111211 , 0.130349 , 0.0827737 , 0.0791588 , 0.112216 , 0.088903 , 0.10955 , 0.095868 , 0.365662 , 0.137435 , 0.110341 , 0.0839759 , 0.122853 , 0.133925 , 0.236287 , 0.0725393 , 0.089578 , 0.0966854 , 0.119975 , 0.0857988 , 0.109278 , 0.158392 , 0.119003 , 0.154278 , 0.218603 , 0.0765818 , 0.105421 , 0.131937 , 0.127742 , 0.234575 , 0.164689 , 0.116049 , 0.111811 , 0.126104 , 0.0878876 , 0.166065 , 0.0702808 , 0.117533 , 0.164465 , 0.161481 , 0.0776865 , 0.191495 , 0.144305 , 0.170287 , 0.0859392 , 0.114789 , 0.143188 , 0.175644 , 0.189485 , 0.124016 , 0.210953 , 0.168886 , 0.108562 , 0.191659 , 0.177023 , 0.12781 , 0.210347 , 0.0679416 , 