var1=[0.281778 , 0.288976 , 0.886715 , 0.234414 , 1.61541 , 0.486353 , 0.496469 , 0.483952 , 0.424639 , 1.54241 , 0.379984 , 0.7914 , 0.584848 , 0.398704 , 0.266082 , 0.266633 , 0.267906 , 0.333755 , 0.699628 , 0.569439 , 0.256852 , 4.53335 , 0.558188 , 0.176189 , 2.41882 , 0.637105 , 0.267787 , 1.2503 , 0.294178 , 0.500838 , 0.428358 , 0.262385 , 0.461783 , 0.271138 , 0.296792 , 0.779711 , 0.886416 , 0.301171 , 0.543703 , 0.507822 , 0.268657 , 0.226007 , 0.468974 , 0.317702 , 0.251247 , 0.410313 , 0.457401 , 0.645981 , 0.910942 , 0.278775 , 0.735485 , 0.225379 , 2.46498 , 0.0690467 , 0.559071 , 0.347299 , 0.373277 , 0.866421 , 0.345425 , 0.599564 , 0.291814 , 0.329513 , 0.855956 , 2.14322 , 0.700033 , 0.459852 , 3.84968 , 0.853201 , 0.301642 , 0.41279 , 0.538349 , 0.812073 , 1.04378 , 0.384166 , 0.219816 , 0.966677 , 0.579857 , 0.75137 , 0.520981 , 1.23043 , 0.276147 , 3.38446 , 0.327998 , 0.468379 , 0.162427 , 0.757284 , 0.499685 , 0.397143 , 0.580569 , 1.00896 , 0.426495 , 0.613847 , 0.849567 , 0.278794 , 1.52524 , 0.550789 , 0.155856 , 0.392729 , 1.24949 , 0.37116 , 0.765893 , 0.576387 , 0.525807 , 0.546644 , 0.242438 , 0.437662 , 0.760155 , 0.316384 , 0.451486 , 1.03179 , 0.487512 , 1.29921 , 1.44969 , 0.25764 , 0.252073 , 0.260444 , 0.249468 , 0.4651 , 0.453713 , 2.21622 , 0.647622 , 0.377032 , 0.354218 , 0.821066 , 0.275574 , 0.265757 , 0.366686 , 0.159846 , 0.212336 , 2.75482 , 0.65103 , 1.40625 , 0.364974 , 0.276462 , 0.328744 , 0.325741 , 1.59214 , 0.486474 , 0.510102 , 0.224577 , 0.262819 , 0.505699 , 0.3625 , 1.0938 , 0.473724 , 0.242359 , 0.599357 , 0.158595 , 0.82207 , 0.192 , 0.265603 , 0.776618 , 0.376268 , 1.53016 , 0.429889 , 0.467891 , 0.490562 , 0.82605 , 0.457622 , 0.267618 , 0.80731 , 0.193768 , 0.339062 , 0.197601 , 0.391644 , 1.09579 , 0.409978 , 0.487343 , 0.223874 , 0.989946 , 0.507332 , 0.809733 , 0.224504 , 0.796513 , 0.716952 , 0.284851 , 0.335749 , 2.74298 , 0.30029 , 1.43762 , 1.09847 , 0.625149 , 0.826932 , 0.207587 , 1.34093 , 1.19664 , 0.343809 , 0.52472 , 0.346215 , 0.479643 , 0.397461 , 0.419588 , 0.543973 , 0.12807 , 0.376948 , 0.49375 , 1.21785 , 0.314571 , 0.308364 , 0.450145 , 0.30214 , 0.210314 , 0.576265 , 0.442932 , 0.783175 , 0.461836 , 0.447179 , 0.311549 , 6.4518 , 0.294014 , 0.214685 , 0.250367 , 0.276669 , 0.495002 , 0.298551 , 0.447806 , 0.512555 , 0.174623 , 1.28189 , 0.350955 , 0.297478 , 0.287622 , 0.31481 , 0.59457 , 0.418236 , 0.458504 , 0.585225 , 0.435588 , 0.389118 , 0.705619 , 0.581565 , 0.28387 , 0.271031 , 0.416473 , 0.531252 , 0.453197 , 0.640482 , 0.433684 , 0.585636 , 0.295911 , 0.897841 , 0.197371 , 1.69939 , 0.451365 , 0.811869 , 0.370125 , 0.452643 , 0.408754 , 0.223562 , 0.850688 , 0.826272 , 0.355936 , 0.417964 , 0.497321 , 0.546678 , 0.890925 , 0.408084 , 0.816509 , 0.256691 , 0.991069 , 0.513837 , 0.410503 , 5.97416 , 0.365508 , 0.267892 , 0.651212 , 0.264666 , 1.19993 , 0.458646 , 0.15533 , 0.326559 , 0.412235 , 0.265905 , 0.788976 , 0.416118 , 0.67899 , 0.659491 , 0.849092 , 0.529329 , 0.351412 , 0.957484 , 0.233542 , 1.9256 , 0.1596 , 1.19054 , 0.62491 , 0.470163 , 0.464421 , 1.09395 , 0.467645 , 0.31944 , 0.161655 , 0.146452 , 0.335643 , 0.50162 , 0.842117 , 0.945907 , 0.145713 , 0.209837 , 0.297766 , 0.281901 , 1.16649 , 1.02374 , 0.520279 , 0.296729 , 1.40741 , 0.62359 , 0.226397 , 0.622839 , 0.380401 , 0.449239 , 0.304689 , 0.490878 , 0.264757 , 0.345319 , 0.551489 , 0.82912 , 1.72469 , 0.262732 , 0.225726 , 0.497974 , 0.407008 , 1.10883 , 2.05377 , 0.431805 , 0.512751 , 1.9344 , 0.806236 , 0.406927 , 1.00169 , 1.0334 , 1.08906 , 0.650024 , 0.16966 , 0.634142 , 1.22805 , 0.505613 , 1.47556 , 0.328951 , 0.68283 , 0.325803 , 0.389334 , 0.289809 , 0.175649 , 0.262711 , 0.230665 , 0.424078 , 0.281693 , 0.668481 , 0.417391 , 0.398949 , 0.21008 , 1.11967 , 0.685841 , 2.10609 , 1.99597 , 0.424691 , 0.661126 , 0.404081 , 0.486747 , 7.21506 , 0.515914 , 0.575602 , 0.407192 , 0.243381 , 0.426653 , 0.900328 , 0.447402 , 0.362909 , 0.309273 , 0.89964 , 0.289276 , 0.320658 , 3.17892 , 0.366957 , 0.91863 , 0.166465 , 0.610304 , 0.579472 , 0.445258 , 1.32004 , 0.0969057 , 0.227238 , 0.551592 , 1.28962 , 0.95383 , 0.453854 , 0.459487 , 0.377416 , 0.600497 , 0.580127 , 0.991622 , 0.622527 , 0.291111 , 0.405124 , 0.346721 , 0.323056 , 0.215788 , 0.407793 , 0.393245 , 0.529157 , 0.378214 , 0.379031 , 0.672634 , 0.323832 , 0.701107 , 0.194309 , 0.208638 , 0.669586 , 0.513225 , 0.588813 , 0.593812 , 0.24927 , 0.576612 , 0.379128 , 0.346888 , 0.382385 , 0.429731 , 0.321483 , 1.05503 , 1.08189 , 0.555479 , 0.68241 , 0.418694 , 0.454914 , 0.471583 , 0.90246 , 0.232702 , 0.283008 , 1.20489 , 1.59891 , 0.567018 , 0.826445 , 0.261794 , 0.449187 , 0.820428 , 1.3091 , 0.280071 , 0.51032 , 0.317666 , 0.42157 , 0.545411 , 0.751753 , 0.617724 , 0.334161 , 0.876826 , 0.37636 , 0.345958 , 0.209097 , 0.623509 , 0.696617 , 0.398293 , 0.546259 , 0.389476 , 1.16087 , 0.291598 , 0.39098 , 1.33291 , 0.390909 , 0.467498 , 1.18451 , 0.16297 , 0.454012 , 0.372565 , 0.583428 , 1.05989 , 0.253517 , 1.35111 , 0.386479 , 1.46624 , 0.859276 , 0.338861 , 0.477371 , 0.378767 , 0.280831 , 0.808134 , 0.442932 , 0.146235 , 0.275962 , 0.260192 , 0.28914 , 0.652174 , 0.378035 , 0.683988 , 0.699966 , 1.23069 , 0.446389 , 0.539472 , 0.428032 , 0.541722 , 0.42978 , 0.13833 , 0.678575 , 1.80461 , 1.65745 , 0.334654 , 0.447434 , 0.431147 , 1.11097 , 1.49713 , 0.221684 , 1.96683 , 0.357378 , 0.685209 , 0.597729 , 0.433811 , 0.219886 , 0.776571 , 0.399753 , 0.249756 , 0.477387 , 0.506286 , 0.539784 , 0.579837 , 0.371258 , 0.539085 , 0.485579 , 0.478808 , 0.742866 , 0.560665 , 0.423072 , 0.558158 , 0.164336 , 0.211518 , 0.326786 , 0.607225 , 0.567477 , 0.633802 , 0.551294 , 0.356734 , 0.533596 , 0.532347 , 3.64875 , 0.456828 , 0.644608 , 0.229735 , 0.490078 , 0.395246 , 0.478979 , 0.402272 , 0.277267 , 0.347762 , 0.432363 , 0.806936 , 0.295113 , 0.857722 , 0.449758 , 0.584498 , 0.648649 , 0.465151 , 0.360625 , 0.563756 , 0.382032 , 0.330234 , 0.790216 , 0.485631 , 0.333771 , 0.200977 , 0.486 , 5.11197 , 0.887786 , 2.53653 , 0.223918 , 0.441421 , 0.360844 , 0.260396 , 0.743502 , 0.539701 , 0.291481 , 0.568898 , 0.404953 , 0.616163 , 0.340275 , 0.485143 , 0.409664 , 0.422565 , 0.6509 , 0.606693 , 0.397056 , 0.675332 , 0.46483 , 0.562273 , 0.593829 , 0.300707 , 0.70106 , 0.40871 , 0.85057 , 0.880464 , 0.628277 , 0.282823 , 0.394746 , 0.529476 , 0.182314 , 0.578487 , 0.314011 , 0.186875 , 0.301754 , 0.395211 , 4.83587 , 0.382356 , 0.232993 , 0.459539 , 0.326002 , 0.340937 , 0.75598 , 0.864648 , 0.336296 , 0.547068 , 0.491362 , 0.414993 , 2.17602 , 3.45746 , 1.19967 , 0.486107 , 0.982642 , 1.06175 , 0.345801 , 0.164667 , 0.280135 , 0.23929 , 0.471105 , 0.309134 , 0.296364 , 0.404773 , 0.864109 , 0.362655 , 0.47 , 0.64251 , 0.523016 , 0.320124 , 0.170282 , 0.314557 , 0.806592 , 0.644471 , 2.08382 , 0.246158 , 0.394852 , 0.217243 , 0.390678 , 0.358555 , 0.450061 , 0.249722 , 0.673445 , 0.46762 , 0.831834 , 0.374776 , 0.251132 , 0.37291 , 2.28753 , 0.23472 , 0.508632 , 0.71346 , 0.334581 , 0.579166 , 0.476037 , 0.551489 , 0.537038 , 0.101265 , 0.308949 , 0.180761 , 1.33099 , 0.372506 , 0.524525 , 0.303533 , 0.347103 , 0.78764 , 2.48991 , 1.11542 , 0.439608 , 0.442352 , 0.363159 , 0.423129 , 0.170361 , 0.214103 , 0.351362 , 0.606498 , 1.30241 , 0.193486 , 0.239859 , 0.651439 , 0.479899 , 0.525603 , 0.323292 , 0.321077 , 0.334846 , 7.23089 , 0.266025 , 0.610142 , 0.352784 , 0.299913 , 1.18417 , 0.728531 , 0.534981 , 0.226647 , 0.45941 , 0.44384 , 0.86821 , 0.395843 , 0.292214 , 0.141937 , 0.360682 , 0.928146 , 0.26155 , 0.572758 , 0.368196 , 0.943688 , 0.289551 , 3.66079 , 0.306203 , 0.413118 , 0.565561 , 2.52899 , 0.366042 , 0.699838 , 0.348661 , 0.22214 , 0.545533 , 0.596917 , 1.28126 , 0.808896 , 1.54913 , 0.539216 , 0.817276 , 0.378068 , 0.509731 , 0.984571 , 0.683737 , 0.450212 , 0.90589 , 0.509507 , 0.288539 , 0.953536 , 1.29211 , 0.113163 , 0.206499 , 0.467398 , 0.606263 , 0.233098 , 0.539694 , 0.888123 , 0.556649 , 0.293864 , 0.357033 ,