var1=[0.150267 , 0.18691 , 0.287446 , 0.113922 , 0.269951 , 0.23484 , 0.0594766 , 0.150519 , 0.200585 , 0.188248 , 0.276168 , 0.445318 , 0.112882 , 0.244385 , 0.178937 , 0.216252 , 0.14465 , 0.247946 , 0.204155 , 0.2362 , 0.0738874 , 0.0982101 , 0.239338 , 0.301 , 0.426519 , 0.285825 , 0.331171 , 0.191786 , 0.211877 , 0.158716 , 0.297383 , 0.254618 , 0.231842 , 0.189906 , 0.249447 , 0.216635 , 0.0884767 , 0.139708 , 0.223905 , 0.259929 , 0.30341 , 0.173605 , 0.172036 , 0.227087 , 0.435817 , 0.262089 , 0.150192 , 0.145297 , 0.374413 , 0.190884 , 0.237145 , 0.305672 , 0.158185 , 0.118609 , 0.142415 , 0.205455 , 0.2466 , 0.240068 , 0.158386 , 0.13528 , 0.348319 , 0.125838 , 0.27643 , 0.192577 , 0.240545 , 0.100747 , 0.193437 , 0.152303 , 0.100666 , 0.173763 , 0.188437 , 0.170437 , 0.128813 , 0.749195 , 0.185668 , 0.283036 , 0.243234 , 0.117455 , 0.25232 , 0.17461 , 0.187379 , 0.251794 , 0.103357 , 0.118895 , 0.157459 , 0.136175 , 0.341707 , 0.101377 , 0.205177 , 0.151712 , 0.198527 , 0.196886 , 0.231904 , 0.117423 , 0.148907 , 0.211274 , 0.190418 , 0.359443 , 0.222778 , 0.297587 , 0.13216 , 0.136776 , 0.143676 , 0.280161 , 0.283278 , 0.266996 , 0.259088 , 0.254619 , 0.279882 , 0.188451 , 0.449933 , 0.588819 , 0.212625 , 0.502783 , 0.239562 , 0.190552 , 0.125777 , 0.227566 , 0.135574 , 0.121443 , 0.299481 , 0.147896 , 0.48739 , 0.333343 , 0.159797 , 0.167776 , 0.161671 , 0.394253 , 0.109045 , 0.278601 , 0.148607 , 0.137729 , 0.209405 , 0.17507 , 0.514421 , 0.309044 , 0.198865 , 0.160021 , 0.287018 , 0.225829 , 0.156134 , 0.134239 , 0.112374 , 0.196153 , 0.152922 , 0.328252 , 0.480957 , 0.51188 , 0.177026 , 0.213373 , 0.307316 , 0.233662 , 0.267195 , 0.36393 , 0.394592 , 0.34596 , 0.0959982 , 0.158494 , 0.19017 , 0.185197 , 0.251229 , 0.169386 , 0.0996586 , 0.180371 , 0.120764 , 0.196003 , 0.165523 , 0.791627 , 0.128252 , 0.201139 , 0.245368 , 0.455962 , 0.2202 , 0.122772 , 0.394637 , 0.292206 , 0.12503 , 0.169618 , 0.0999367 , 0.326994 , 0.418509 , 0.226419 , 0.219312 , 0.288964 , 0.122286 , 0.16882 , 0.171285 , 0.350352 , 0.191488 , 0.138676 , 0.153549 , 0.106381 , 0.176585 , 0.229916 , 0.165399 , 0.141979 , 0.16231 , 0.546917 , 0.138264 , 0.137544 , 0.177636 , 0.189589 , 0.135962 , 0.176975 , 0.176905 , 0.142682 , 0.11192 , 0.213219 , 0.232603 , 0.287545 , 0.153461 , 0.313946 , 0.302837 , 0.348425 , 0.246509 , 0.134043 , 0.19125 , 0.234266 , 0.330053 , 0.208411 , 0.131318 , 0.140074 , 0.141111 , 0.113646 , 0.157959 , 0.176555 , 0.294569 , 0.108518 , 0.126697 , 0.199218 , 0.221661 , 0.108179 , 0.297015 , 0.145739 , 0.157607 , 0.176087 , 0.413408 , 0.0978156 , 0.156151 , 0.279138 , 0.283271 , 0.164961 , 0.187563 , 0.134467 , 0.117646 , 0.290355 , 0.37906 , 0.220133 , 0.273372 , 0.341655 , 0.278298 , 0.199678 , 0.19884 , 0.207775 , 0.161999 , 0.269701 , 0.149231 , 0.235138 , 0.1314 , 0.146646 , 0.180603 , 0.109134 , 0.18758 , 0.15126 , 0.168552 , 0.232429 , 0.316477 , 0.147566 , 0.17896 , 0.140998 , 0.192077 , 0.218122 , 0.130268 , 0.1892 , 0.702261 , 0.246882 , 0.08422 , 0.144774 , 0.1417 , 0.192507 , 0.116666 , 0.105418 , 0.132903 , 0.23897 , 0.203441 , 0.108488 , 0.128731 , 0.18818 , 0.299982 , 0.218097 , 0.167092 , 0.268278 , 0.250407 , 0.18073 , 0.134078 , 0.0996321 , 0.137652 , 0.126629 , 0.141586 , 0.266618 , 0.146452 , 0.296814 , 0.107945 , 0.0816098 , 0.251933 , 0.212426 , 0.201346 , 0.244702 , 0.13247 , 0.184648 , 0.187641 , 0.156024 , 0.17619 , 0.184059 , 0.433634 , 0.222165 , 0.235301 , 0.252899 , 0.2558 , 0.24028 , 0.157496 , 0.188876 , 0.230343 , 0.181248 , 0.336975 , 0.164009 , 0.199869 , 0.13677 , 0.154625 , 0.188501 , 0.253254 , 0.116873 , 0.38024 , 0.134752 , 0.134753 , 0.0974351 , 0.224823 , 0.186925 , 0.124985 , 0.315323 , 0.120508 , 0.386303 , 0.203656 , 0.219556 , 0.232543 , 0.234386 , 0.190753 , 0.113147 , 0.500451 , 0.212672 , 0.30529 , 0.195473 , 0.190062 , 0.278139 , 0.395856 , 0.417556 , 0.171759 , 0.250718 , 0.123034 , 0.19912 , 0.315327 , 0.266808 , 0.371785 , 0.159239 , 0.139061 , 0.0739371 , 0.234503 , 0.280087 , 0.582739 , 0.125547 , 0.198968 , 0.131487 , 0.109834 , 0.133432 , 0.15553 , 0.159861 , 0.340685 , 0.178995 , 0.150169 , 0.337116 , 0.189106 , 0.160361 , 0.088175 , 0.507529 , 0.150941 , 0.203218 , 0.262137 , 0.261229 , 0.140807 , 0.362193 , 0.263305 , 0.105133 , 0.213146 , 0.139026 , 0.195308 , 0.2227 , 0.184167 , 0.247771 , 0.320276 , 0.120592 , 0.255487 , 0.110412 , 0.217161 , 0.346956 , 0.203214 , 0.261405 , 0.118531 , 0.187055 , 0.126747 , 0.304641 , 0.112942 , 0.103523 , 0.199001 , 0.270421 , 0.392295 , 0.163982 , 0.394782 , 0.356369 , 0.117392 , 0.308981 , 0.123343 , 0.163176 , 0.19833 , 0.199552 , 0.31651 , 0.170708 , 0.144539 , 0.110976 , 0.147868 , 0.14828 , 0.0463764 , 0.1721 , 0.229572 , 0.204678 , 0.258575 , 0.204886 , 0.11502 , 0.131812 , 0.246639 , 0.332801 , 0.144544 , 0.20547 , 0.157846 , 0.136568 , 0.348878 , 0.245899 , 0.185134 , 0.175208 , 0.116609 , 0.141774 , 0.134048 , 0.20461 , 0.365298 , 0.093577 , 0.199496 , 0.330794 , 0.378124 , 0.165099 , 0.163459 , 0.271147 , 0.216231 , 0.231389 , 0.14582 , 0.325965 , 0.132442 , 0.201006 , 0.421048 , 0.153667 , 0.189395 , 0.263424 , 0.510781 , 0.202626 , 0.138344 , 0.10375 , 0.309597 , 0.282704 , 0.13545 , 0.302119 , 0.190056 , 0.141728 , 0.218077 , 0.138109 , 0.204399 , 0.106831 , 0.392378 , 0.153977 , 0.111925 , 0.0755685 , 0.126556 , 0.112967 , 0.16455 , 0.221982 , 0.267775 , 0.112554 , 0.511284 , 0.17914 , 0.241981 , 0.159905 , 0.219353 , 0.139989 , 0.101569 , 0.147661 , 0.120895 , 0.131475 , 0.162832 , 0.15115 , 0.255121 , 0.196178 , 0.325323 , 0.45789 , 0.256766 , 0.111457 , 0.171287 , 0.143218 , 0.143164 , 0.135008 , 0.156101 , 0.323774 , 0.145399 , 0.237655 , 0.129913 , 0.191983 , 0.0969697 , 0.476815 , 0.132283 , 0.346191 , 0.343118 , 0.12396 , 0.192596 , 0.186637 , 0.153418 , 0.0782634 , 0.114791 , 0.424051 , 0.190854 , 0.0891781 , 0.102548 , 0.180972 , 0.139828 , 0.282397 , 0.151397 , 0.18426 , 0.3151 , 0.223906 , 0.184527 , 0.159492 , 0.191004 , 0.221827 , 0.204885 , 0.22624 , 0.164714 , 0.17205 , 0.142883 , 0.108592 , 0.202841 , 0.262192 , 0.156066 , 0.155858 , 0.205926 , 0.0756179 , 0.221569 , 0.169023 , 0.18733 , 0.0996095 , 0.131185 , 0.101648 , 0.0519186 , 0.150855 , 0.330272 , 0.130033 , 0.192169 , 0.179361 , 0.211099 , 0.166168 , 0.14932 , 0.124579 , 0.209078 , 0.151183 , 0.123341 , 0.394988 , 0.194083 , 0.132209 , 0.178109 , 0.116221 , 0.275956 , 0.200024 , 0.387504 , 0.167433 , 0.377739 , 0.245153 , 0.17081 , 0.165743 , 0.168705 , 0.213436 , 0.138586 , 0.287646 , 0.220173 , 0.20467 , 0.13253 , 0.136083 , 0.194206 , 0.454362 , 0.323616 , 0.399744 , 0.296485 , 0.227362 , 0.271062 , 0.224726 , 0.135751 , 0.126532 , 0.24614 , 0.149723 , 0.23666 , 0.105703 , 0.125159 , 0.489758 , 0.246991 , 0.27756 , 0.202906 , 0.174567 , 0.135927 , 0.192691 , 0.220119 , 0.194889 , 0.284031 , 0.174388 , 0.112648 , 0.225836 , 0.40566 , 0.351975 , 0.170351 , 0.352918 , 0.321642 , 0.169716 , 0.175212 , 0.192134 , 0.296873 , 0.154163 , 0.23217 , 0.255301 , 0.115801 , 0.204294 , 0.191976 , 0.366131 , 0.274813 , 0.398357 , 0.108362 , 0.195312 , 0.182679 , 0.223738 , 0.243075 , 0.206455 , 0.0788344 , 0.157098 , 0.170514 , 0.130569 , 0.190327 , 0.482648 , 0.14156 , 0.114194 , 0.18388 , 0.246422 , 0.195409 , 0.155923 , 0.295089 , 0.126561 , 0.239795 , 0.272291 , 0.348643 , 0.139874 , 0.109183 , 0.22716 , 0.0894214 , 0.21693 , 0.186234 , 0.228761 , 0.35579 , 0.176742 , 0.407307 , 0.216247 , 0.143368 , 0.593608 , 0.213484 , 0.255321 , 0.151382 , 0.20767 , 0.302008 , 0.144974 , 0.161317 , 0.24021 , 0.292088 , 0.28833 , 0.128431 , 0.133236 , 0.0799486 , 0.271583 , 0.145375 , 0.13157 , 0.270622 , 0.133282 , 0.259296 , 0.203178 , 0.195199 , 0.18997 , 0.107007 , 0.189886 , 0.554273 , 0.0885284 , 0.34172 , 0.12809 , 0.177039 , 0.119106 , 0.210817 , 0.15145 , 0.213443 , 0.332285 , 0.160387 , 0.165017 , 0.161711 , 0.178011 , 0.178023 , 0.369009 , 0.0552573 , 0.0763395 , 0.480212 , 0.135828 , 0.299825 , 0.140711 , 0.16939 , 0.412622 , 0.123757 , 0.1896 , 0.160876 , 