var1=[0.0489454 , 0.139769 , 0.156651 , 0.137734 , 0.0385087 , 0.0665901 , 0.100529 , 0.0519537 , 0.133837 , 0.087132 , 0.0742399 , 0.124275 , 0.0573392 , 0.0597673 , 0.0820087 , 0.114923 , 0.0636703 , 0.1015 , 0.159914 , 0.107381 , 0.153821 , 0.103321 , 0.113955 , 0.155364 , 0.196829 , 0.186252 , 0.151881 , 0.114347 , 0.101916 , 0.122011 , 0.137466 , 0.114254 , 0.279258 , 0.149612 , 0.0904135 , 0.123701 , 0.0628229 , 0.155746 , 0.140609 , 0.262601 , 0.0629465 , 0.0951187 , 0.242534 , 0.207622 , 0.0790898 , 0.161823 , 0.127671 , 0.168206 , 0.101285 , 0.162895 , 0.222589 , 0.201459 , 0.102245 , 0.0632272 , 0.0670171 , 0.217576 , 0.217512 , 0.114031 , 0.0637573 , 0.071243 , 0.110584 , 0.081405 , 0.0838266 , 0.0896082 , 0.0925721 , 0.181311 , 0.113092 , 0.0750628 , 0.177866 , 0.100504 , 0.209767 , 0.14149 , 0.311843 , 0.149866 , 0.0882946 , 0.265288 , 0.247972 , 0.131779 , 0.0784834 , 0.120907 , 0.179254 , 0.251864 , 0.0641544 , 0.234672 , 0.433933 , 0.161428 , 0.171181 , 0.307261 , 0.112099 , 0.0886898 , 0.131319 , 0.234674 , 0.0681642 , 0.204233 , 0.115347 , 0.18005 , 0.10765 , 0.156634 , 0.108969 , 0.0609717 , 0.102248 , 0.253357 , 0.197956 , 0.195425 , 0.070722 , 0.174754 , 0.102855 , 0.0788549 , 0.0900025 , 0.169131 , 0.122156 , 0.261367 , 0.0751251 , 0.320308 , 0.0851465 , 0.141815 , 0.069333 , 0.138238 , 0.104217 , 0.10455 , 0.139509 , 0.154807 , 0.11569 , 0.0969265 , 0.0595665 , 0.105283 , 0.198707 , 0.101406 , 0.0317331 , 0.143011 , 0.10851 , 0.0436709 , 0.0939115 , 0.158484 , 0.112326 , 0.143481 , 0.181522 , 0.187564 , 0.131877 , 0.196798 , 0.0928326 , 0.0548686 , 0.0512227 , 0.353845 , 0.164219 , 0.153372 , 0.103435 , 0.101316 , 0.0906316 , 0.105758 , 0.170315 , 0.0878572 , 0.217336 , 0.178255 , 0.391067 , 0.0830479 , 0.18762 , 0.172357 , 0.144457 , 0.250843 , 0.11931 , 0.0485914 , 0.157158 , 0.149448 , 0.0900758 , 0.0713422 , 0.112098 , 0.132224 , 0.103179 , 0.17874 , 0.117484 , 0.0976061 , 0.0334808 , 0.0812941 , 0.116398 , 0.11544 , 0.0498778 , 0.0797833 , 0.0679124 , 0.163834 , 0.250734 , 0.180938 , 0.164103 , 0.0662665 , 0.239417 , 0.117743 , 0.0902049 , 0.068709 , 0.343725 , 0.0421002 , 0.0850711 , 0.124432 , 0.111115 , 0.116635 , 0.0926923 , 0.126839 , 0.131415 , 0.127261 , 0.181615 , 0.289734 , 0.147836 , 0.0640374 , 0.0793911 , 0.244319 , 0.143429 , 0.130702 , 0.150518 , 0.300369 , 0.301434 , 0.0624418 , 0.131795 , 0.249551 , 0.0889407 , 0.106334 , 0.131058 , 0.109109 , 0.18036 , 0.0687225 , 0.132129 , 0.0864162 , 0.11129 , 0.179021 , 0.142954 , 0.0802839 , 0.0971214 , 0.142252 , 0.144607 , 0.113461 , 0.0940846 , 0.0803462 , 0.185349 , 0.0788437 , 0.124286 , 0.10731 , 0.142702 , 0.157623 , 0.186862 , 0.176118 , 0.324344 , 0.0469738 , 0.218109 , 0.128957 , 0.235437 , 0.177914 , 0.0959234 , 0.125526 , 0.145581 , 0.266585 , 0.107393 , 0.124571 , 0.0537433 , 0.249873 , 0.0813778 , 0.0746609 , 0.064368 , 0.0824012 , 0.0809443 , 0.0547889 , 0.0801922 , 0.162789 , 0.0949384 , 0.08766 , 0.0927039 , 0.0664221 , 0.129244 , 0.140614 , 0.17446 , 0.0680137 , 0.0443397 , 0.0908661 , 0.0728772 , 0.0953272 , 0.153721 , 0.174564 , 0.217885 , 0.111469 , 0.116519 , 0.158672 , 0.232928 , 0.162429 , 0.0735793 , 0.150674 , 0.0699298 , 0.0911736 , 0.501185 , 0.0665375 , 0.131543 , 0.0697114 , 0.215857 , 0.056365 , 0.202615 , 0.0567448 , 0.0683885 , 0.071518 , 0.219559 , 0.0505229 , 0.104781 , 0.061844 , 0.129859 , 0.119619 , 0.27536 , 0.282338 , 0.097437 , 0.158463 , 0.0720288 , 0.182909 , 0.16346 , 0.071053 , 0.0952443 , 0.0657767 , 0.0839279 , 0.0484991 , 0.0575838 , 0.0461592 , 0.201231 , 0.0400883 , 0.199636 , 0.193403 , 0.194995 , 0.109664 , 0.0753654 , 0.135017 , 0.104331 , 0.167286 , 0.0693792 , 0.193707 , 0.0703602 , 0.151526 , 0.0744769 , 0.0957626 , 0.0873582 , 0.146021 , 0.134149 , 0.082999 , 0.151407 , 0.0934994 , 0.164584 , 0.0977135 , 0.111015 , 0.232582 , 0.0948145 , 0.0893384 , 0.283072 , 0.108141 , 0.138566 , 0.135888 , 0.196929 , 0.209736 , 0.170575 , 0.0828391 , 0.0648351 , 0.100221 , 0.0603871 , 0.252473 , 0.0782347 , 0.305271 , 0.279408 , 0.115305 , 0.239311 , 0.0899855 , 0.153427 , 0.083848 , 0.130341 , 0.0803017 , 0.104348 , 0.0810525 , 0.125397 , 0.0595557 , 0.0969849 , 0.148207 , 0.122235 , 0.0722231 , 0.165565 , 0.259417 , 0.156062 , 0.184403 , 0.0729347 , 0.0826918 , 0.0636608 , 0.111883 , 0.137758 , 0.0896463 , 0.165048 , 0.365303 , 0.126982 , 0.234916 , 0.0804869 , 0.0772281 , 0.102242 , 0.078869 , 0.0732701 , 0.0683335 , 0.246135 , 0.121268 , 0.194626 , 0.281433 , 0.121004 , 0.0848493 , 0.0853877 , 0.109839 , 0.0580948 , 0.162639 , 0.20832 , 0.328161 , 0.131008 , 0.0778048 , 0.0608178 , 0.121716 , 0.0896299 , 0.161445 , 0.0573818 , 0.0505331 , 0.280391 , 0.149854 , 0.0550704 , 0.133569 , 0.0720387 , 0.150302 , 0.176091 , 0.121463 , 0.0983727 , 0.0815227 , 0.1322 , 0.0895685 , 0.0954673 , 0.137741 , 0.107299 , 0.0499598 , 0.108375 , 0.098304 , 0.114104 , 0.0728699 , 0.0681905 , 0.140289 , 0.0961213 , 0.105064 , 0.174689 , 0.0814272 , 0.272977 , 0.349697 , 0.0753709 , 0.196163 , 0.106755 , 0.0926629 , 0.0918684 , 0.181308 , 0.166248 , 0.109908 , 0.0938391 , 0.143995 , 0.0797609 , 0.127489 , 0.138076 , 0.169606 , 0.0879647 , 0.0931982 , 0.0747392 , 0.126031 , 0.207496 , 0.342945 , 0.161089 , 0.0731856 , 0.0879622 , 0.181105 , 0.111065 , 0.253738 , 0.116331 , 0.0804369 , 0.0634323 , 0.165473 , 0.141732 , 0.252499 , 0.108741 , 0.0815635 , 0.379265 , 0.078048 , 0.156402 , 0.0834134 , 0.0923209 , 0.0495976 , 0.108897 , 0.153282 , 0.0806536 , 0.0638465 , 0.140623 , 0.0863861 , 0.0791128 , 0.148586 , 0.0794658 , 0.0757691 , 0.186382 , 0.0911673 , 0.045907 , 0.206858 , 0.104199 , 0.125775 , 0.0667967 , 0.18085 , 0.0985168 , 0.134034 , 0.0905306 , 0.131903 , 0.0601056 , 0.109612 , 0.15166 , 0.0709067 , 0.152824 , 0.0963221 , 0.16047 , 0.362062 , 0.207914 , 0.0634688 , 0.050336 , 0.0873472 , 0.10382 , 0.197002 , 0.0909989 , 0.128913 , 0.0833518 , 0.147781 , 0.0690964 , 0.0932864 , 0.0746878 , 0.0973976 , 0.0737937 , 0.191949 , 0.0674882 , 0.114979 , 0.0862735 , 0.112167 , 0.0720552 , 0.165981 , 0.120806 , 0.133279 , 0.202232 , 0.105227 , 0.229157 , 0.0622558 , 0.167974 , 0.0565984 , 0.188668 , 0.0671496 , 0.236829 , 0.0884513 , 0.0721067 , 0.308062 , 0.104804 , 0.134589 , 0.146405 , 0.132995 , 0.0853491 , 0.148958 , 0.0722369 , 0.190159 , 0.284823 , 0.157509 , 0.135357 , 0.0551139 , 0.112024 , 0.0819434 , 0.0946331 , 0.0832519 , 0.120911 , 0.238913 , 0.174823 , 0.0653105 , 0.0650918 , 0.0797711 , 0.0918915 , 0.0802833 , 0.0924267 , 0.202524 , 0.0919772 , 0.228409 , 0.0996231 , 0.101873 , 0.0857411 , 0.217352 , 0.0761636 , 0.115477 , 0.179775 , 0.105547 , 0.121235 , 0.0765839 , 0.194839 , 0.0898273 , 0.120392 , 0.0571875 , 0.200532 , 0.080292 , 0.109806 , 0.0621587 , 0.096121 , 0.0451947 , 0.109336 , 0.109266 , 0.11971 , 0.0527482 , 0.130237 , 0.0735071 , 0.0743466 , 0.144057 , 0.0935112 , 0.140976 , 0.0916165 , 0.182422 , 0.0944853 , 0.137327 , 0.0747695 , 0.0783728 , 0.142945 , 0.139098 , 0.135336 , 0.139976 , 0.111357 , 0.156634 , 0.0709392 , 0.0720082 , 0.119073 , 0.0701404 , 0.273619 , 0.150545 , 0.20742 , 0.0777973 , 0.123739 , 0.0780412 , 0.0560098 , 0.121442 , 0.313401 , 0.0921124 , 0.114889 , 0.203445 , 0.303456 , 0.0541823 , 0.157089 , 0.18484 , 0.193134 , 0.105962 , 0.0635167 , 0.11712 , 0.171429 , 0.099058 , 0.0645548 , 0.0914896 , 0.0768728 , 0.14436 , 0.33143 , 0.251683 , 0.0668257 , 0.0787711 , 0.0827029 , 0.117676 , 0.085687 , 0.146472 , 0.157937 , 0.0504645 , 0.116884 , 0.168494 , 0.177571 , 0.0897216 , 0.271539 , 0.182207 , 0.0891513 , 0.162955 , 0.0793155 , 0.0555617 , 0.112814 , 0.133304 , 0.206548 , 0.122956 , 0.200347 , 0.083977 , 0.0653899 , 0.0720692 , 0.065587 , 0.0524749 , 0.204226 , 0.0871829 , 0.0911334 , 0.179575 , 0.133522 , 0.0891645 , 0.140418 , 0.0710976 , 0.252392 , 0.108234 , 0.0978999 , 0.300105 , 0.0828462 , 0.0810879 , 0.150721 , 0.100545 , 0.121727 , 0.0740625 , 0.0497282 , 0.150982 , 0.108103 , 0.0645438 , 0.167352 , 0.0624538 , 0.22874 , 0.116969 , 0.144217 , 0.0983988 , 0.209274 , 0.149687 , 