var1=[0.0677297 , 0.0705046 , 0.269558 , 0.166972 , 0.214643 , 0.0580276 , 0.0697362 , 0.0833781 , 0.15242 , 0.24262 , 0.137153 , 0.163076 , 0.104035 , 0.13707 , 0.0840691 , 0.298506 , 0.052116 , 0.337934 , 0.0881608 , 0.165944 , 0.0900877 , 0.104947 , 0.0956472 , 0.100073 , 0.229091 , 0.101594 , 0.191739 , 0.129632 , 0.158668 , 0.112107 , 0.0892478 , 0.0773681 , 0.161202 , 0.0744269 , 0.0999326 , 0.154868 , 0.0717655 , 0.191261 , 0.100853 , 0.218048 , 0.104279 , 0.0815051 , 0.28807 , 0.225037 , 0.11926 , 0.114048 , 0.133378 , 0.101459 , 0.0743721 , 0.218514 , 0.0947424 , 0.0965837 , 0.0893112 , 0.0644716 , 0.0818241 , 0.105404 , 0.21608 , 0.207578 , 0.14593 , 0.0737482 , 0.112365 , 0.1128 , 0.115565 , 0.152682 , 0.292546 , 0.140182 , 0.122461 , 0.102688 , 0.103578 , 0.0741321 , 0.274207 , 0.0599231 , 0.103038 , 0.143413 , 0.111991 , 0.0654174 , 0.115779 , 0.170905 , 0.102832 , 0.119818 , 0.0765235 , 0.0651715 , 0.0608359 , 0.237615 , 0.184771 , 0.276069 , 0.308974 , 0.312774 , 0.120724 , 0.151915 , 0.128274 , 0.170053 , 0.0795407 , 0.187661 , 0.144944 , 0.316691 , 0.0865778 , 0.353504 , 0.208465 , 0.116392 , 0.157687 , 0.0926003 , 0.151649 , 0.185707 , 0.216642 , 0.25966 , 0.19404 , 0.148745 , 0.114621 , 0.130102 , 0.108621 , 0.200935 , 0.112677 , 0.315503 , 0.0767232 , 0.154916 , 0.0949912 , 0.132194 , 0.0748306 , 0.0807504 , 0.0902954 , 0.157657 , 0.120263 , 0.289106 , 0.129184 , 0.0656355 , 0.0865953 , 0.294689 , 0.0995198 , 0.0701501 , 0.128674 , 0.0778095 , 0.321332 , 0.108413 , 0.183202 , 0.109919 , 0.142535 , 0.166493 , 0.0898139 , 0.146181 , 0.0997211 , 0.0924567 , 0.0610835 , 0.135627 , 0.0911129 , 0.0990238 , 0.222294 , 0.200751 , 0.140405 , 0.164683 , 0.194256 , 0.404238 , 0.164402 , 0.189338 , 0.15356 , 0.0635683 , 0.12073 , 0.0671145 , 0.0779092 , 0.30832 , 0.247248 , 0.0913439 , 0.128592 , 0.0982468 , 0.074298 , 0.15345 , 0.069356 , 0.231366 , 0.0646192 , 0.175714 , 0.144659 , 0.131003 , 0.148757 , 0.0875486 , 0.166236 , 0.161455 , 0.0766057 , 0.119258 , 0.122754 , 0.419601 , 0.240801 , 0.10425 , 0.0703493 , 0.0949435 , 0.07362 , 0.139629 , 0.0985644 , 0.153224 , 0.174765 , 0.115714 , 0.255813 , 0.128251 , 0.148007 , 0.220545 , 0.173334 , 0.26285 , 0.149672 , 0.128343 , 0.0909615 , 0.167384 , 0.183504 , 0.0913554 , 0.125013 , 0.11624 , 0.0937739 , 0.121248 , 0.0915384 , 0.186453 , 0.134469 , 0.110649 , 0.203368 , 0.184533 , 0.218231 , 0.0953108 , 0.202483 , 0.219894 , 0.145334 , 0.168051 , 0.124706 , 0.0970345 , 0.179103 , 0.195256 , 0.0806867 , 0.0597606 , 0.0702721 , 0.122057 , 0.197503 , 0.312286 , 0.104007 , 0.103041 , 0.28902 , 0.096748 , 0.0799668 , 0.176664 , 0.11503 , 0.0743332 , 0.196005 , 0.0988916 , 0.150706 , 0.105904 , 0.248 , 0.0913486 , 0.223066 , 0.182745 , 0.0761587 , 0.430686 , 0.14833 , 0.409964 , 0.125632 , 0.253213 , 0.0881146 , 0.207183 , 0.145276 , 0.0906263 , 0.113662 , 0.164547 , 0.163816 , 0.106649 , 0.0988951 , 0.15093 , 0.142242 , 0.125555 , 0.235844 , 0.0580909 , 0.0633665 , 0.100201 , 0.143283 , 0.061854 , 0.100969 , 0.144019 , 0.0618707 , 0.117872 , 0.15447 , 0.0834756 , 0.145678 , 0.0768123 , 0.121854 , 0.226752 , 0.162294 , 0.170319 , 0.0806738 , 0.12902 , 0.139193 , 0.126723 , 0.0669746 , 0.14097 , 0.09141 , 0.156871 , 0.11711 , 0.237448 , 0.267344 , 0.13194 , 0.102036 , 0.0905511 , 0.186283 , 0.140627 , 0.0705076 , 0.13538 , 0.11358 , 0.0688068 , 0.0921157 , 0.192465 , 0.0735923 , 0.179941 , 0.137357 , 0.197596 , 0.137291 , 0.0769095 , 0.273543 , 0.0933796 , 0.116314 , 0.0766178 , 0.0658005 , 0.0839244 , 0.141265 , 0.139832 , 0.199012 , 0.131805 , 0.118072 , 0.0975408 , 0.113087 , 0.383791 , 0.0875495 , 0.129454 , 0.101217 , 0.111467 , 0.402943 , 0.0973618 , 0.15211 , 0.173332 , 0.0775452 , 0.119891 , 0.0876686 , 0.0587267 , 0.185192 , 0.0769682 , 0.302315 , 0.0574018 , 0.0840048 , 0.168512 , 0.0789619 , 0.0882978 , 0.132851 , 0.12134 , 0.107274 , 0.179293 , 0.0724616 , 0.133067 , 0.0903053 , 0.103707 , 0.107772 , 0.0933504 , 0.0907687 , 0.198442 , 0.114676 , 0.368209 , 0.0833985 , 0.177256 , 0.0923753 , 0.159932 , 0.101687 , 0.152292 , 0.16704 , 0.101055 , 0.149592 , 0.0641164 , 0.344929 , 0.0790757 , 0.0627367 , 0.118265 , 0.214521 , 0.0603887 , 0.0909215 , 0.101652 , 0.224678 , 0.0636167 , 0.124959 , 0.0672356 , 0.117314 , 0.0951337 , 0.0887189 , 0.221338 , 0.0847664 , 0.406693 , 0.133961 , 0.114331 , 0.0744449 , 0.207735 , 0.111629 , 0.0962588 , 0.104405 , 0.135585 , 0.178501 , 0.1142 , 0.137958 , 0.334136 , 0.0909118 , 0.0682165 , 0.0825589 , 0.112232 , 0.0451886 , 0.11215 , 0.112954 , 0.282817 , 0.141674 , 0.103677 , 0.0945825 , 0.162188 , 0.0964678 , 0.0631821 , 0.0667639 , 0.0636679 , 0.198595 , 0.172489 , 0.146523 , 0.0918162 , 0.0955295 , 0.148266 , 0.162201 , 0.185467 , 0.141421 , 0.110342 , 0.169403 , 0.0854774 , 0.281043 , 0.0670172 , 0.0946192 , 0.13046 , 0.0612083 , 0.132019 , 0.150977 , 0.133866 , 0.260109 , 0.122189 , 0.0557236 , 0.17312 , 0.16822 , 0.0824129 , 0.106217 , 0.408662 , 0.0786252 , 0.0743965 , 0.208648 , 0.0945195 , 0.0722641 , 0.106683 , 0.111324 , 0.100516 , 0.129438 , 0.0878448 , 0.090442 , 0.261694 , 0.113354 , 0.0768674 , 0.106626 , 0.17226 , 0.074315 , 0.180627 , 0.0633231 , 0.068099 , 0.0630615 , 0.0648656 , 0.0993154 , 0.0836719 , 0.15467 , 0.149264 , 0.105113 , 0.0672694 , 0.105436 , 0.100439 , 0.113111 , 0.119029 , 0.102127 , 0.12324 , 0.11313 , 0.266837 , 0.0830971 , 0.108992 , 0.146974 , 0.106604 , 0.297768 , 0.103729 , 0.103545 , 0.330023 , 0.123432 , 0.107525 , 0.100481 , 0.248304 , 0.128701 , 0.244042 , 0.173813 , 0.0502156 , 0.142164 , 0.141915 , 0.132309 , 0.124223 , 0.0583355 , 0.156605 , 0.241397 , 0.155746 , 0.14086 , 0.0946409 , 0.121955 , 0.100106 , 0.127333 , 0.130647 , 0.118367 , 0.136715 , 0.111156 , 0.249619 , 0.0893537 , 0.152172 , 0.167729 , 0.120188 , 0.150962 , 0.337066 , 0.123066 , 0.120394 , 0.142049 , 0.261139 , 0.230229 , 0.114801 , 0.21376 , 0.136626 , 0.126766 , 0.115055 , 0.178216 , 0.0851883 , 0.0775129 , 0.0580397 , 0.075597 , 0.0792372 , 0.0812381 , 0.196936 , 0.114972 , 0.0650699 , 0.159469 , 0.100828 , 0.208938 , 0.183647 , 0.0852576 , 0.0802421 , 0.218852 , 0.0929409 , 0.0715529 , 0.152755 , 0.108552 , 0.0874774 , 0.14165 , 0.191357 , 0.109649 , 0.240898 , 0.091546 , 0.0529156 , 0.134372 , 0.0988056 , 0.144656 , 0.197226 , 0.0788911 , 0.0906372 , 0.059954 , 0.220913 , 0.181822 , 0.18703 , 0.082932 , 0.053856 , 0.0542965 , 0.0765069 , 0.162901 , 0.0757551 , 0.0956917 , 0.13448 , 0.124241 , 0.225563 , 0.12312 , 0.102173 , 0.121175 , 0.076253 , 0.118137 , 0.057783 , 0.073759 , 0.0752988 , 0.294396 , 0.0917642 , 0.127021 , 0.0756406 , 0.116934 , 0.169342 , 0.120833 , 0.111403 , 0.0707861 , 0.17347 , 0.0745442 , 0.0826609 , 0.124392 , 0.157656 , 0.253825 , 0.0640522 , 0.0947826 , 0.184191 , 0.0616674 , 0.233295 , 0.203693 , 0.0547178 , 0.231433 , 0.304966 , 0.0849719 , 0.0532511 , 0.0706533 , 0.225709 , 0.126269 , 0.094388 , 0.0977065 , 0.129681 , 0.170548 , 0.144553 , 0.153114 , 0.272067 , 0.159684 , 0.0712432 , 0.405431 , 0.0861227 , 0.135032 , 0.102192 , 0.0779898 , 0.20036 , 0.0900146 , 0.199389 , 0.570729 , 0.0747927 , 0.148718 , 0.0901446 , 0.301458 , 0.117296 , 0.0986982 , 0.113254 , 0.105196 , 0.168675 , 0.0823338 , 0.142331 , 0.0827706 , 0.0863385 , 0.137213 , 0.0712054 , 0.150426 , 0.121915 , 0.0969443 , 0.28079 , 0.129698 , 0.0887621 , 0.101897 , 0.0861667 , 0.07178 , 0.10516 , 0.0545018 , 0.231456 , 0.17029 , 0.122382 , 0.0897691 , 0.150303 , 0.268808 , 0.397105 , 0.0769113 , 0.133353 , 0.0528318 , 0.0835755 , 0.140173 , 0.224047 , 0.256946 , 0.178929 , 0.0846665 , 0.107599 , 0.133856 , 0.117823 , 0.100923 , 0.068053 , 0.116437 , 0.154264 , 0.191015 , 0.160397 , 0.188799 , 0.11955 , 0.0889812 , 0.0934096 , 0.122332 , 0.0804611 , 0.0792785 , 0.373457 , 0.31596 , 0.0999525 , 0.0794947 , 0.0887715 , 0.124655 , 0.197645 , 0.0932119 , 0.105742 , 0.128507 , 0.0637185 , 0.108898 , 0.219548 , 0.0633717 , 0.0902253 , 0.0841942 , 0.0500909 , 0.120199 , 0.107059 , 0.230414 , 0.062909 , 0.0784569 , 0.10811 , 0.156313 , 0.227405 , 