var1=[0.11248 , 0.259775 , 0.778085 , 0.688369 , 0.143238 , 1.60117 , 0.545603 , 0.387025 , 0.479372 , 0.432601 , 0.572207 , 0.184522 , 0.543678 , 0.414517 , 0.42893 , 2.32305 , 0.506897 , 1.06745 , 0.668302 , 0.684917 , 0.232152 , 4.21474 , 0.198389 , 0.401291 , 0.312612 , 0.18852 , 0.292265 , 0.350865 , 0.570543 , 0.339114 , 0.336354 , 0.342727 , 0.327472 , 0.305396 , 0.316597 , 1.36345 , 0.208059 , 0.129697 , 0.902196 , 0.853167 , 0.339402 , 0.384725 , 0.310553 , 0.500632 , 0.41589 , 0.344737 , 0.425431 , 0.353522 , 0.353353 , 0.588709 , 0.676874 , 0.591603 , 0.419196 , 1.01944 , 0.290164 , 0.306333 , 0.345132 , 0.373437 , 0.226534 , 0.347797 , 0.447873 , 0.895625 , 0.689568 , 0.532866 , 0.655679 , 0.165149 , 0.551128 , 0.324229 , 3.24865 , 0.33023 , 0.466922 , 0.845077 , 0.267717 , 0.465808 , 0.349891 , 0.306005 , 0.193144 , 0.404896 , 0.292868 , 0.214681 , 0.660069 , 0.401055 , 0.872703 , 0.262097 , 0.502609 , 0.513692 , 0.307099 , 0.235896 , 0.143531 , 0.449842 , 0.184054 , 0.250415 , 0.62467 , 0.273006 , 0.262197 , 0.45836 , 0.244708 , 0.486772 , 1.7193 , 0.13822 , 0.413658 , 0.147067 , 0.124969 , 0.325991 , 0.437157 , 0.312738 , 0.527339 , 0.802652 , 0.224612 , 1.1885 , 0.412474 , 1.69364 , 0.264101 , 0.348708 , 0.725178 , 1.77086 , 0.693952 , 0.768307 , 0.32261 , 0.398484 , 0.288549 , 0.271864 , 0.295804 , 0.808116 , 0.960641 , 0.306856 , 0.424319 , 0.310792 , 0.336174 , 1.54333 , 0.163469 , 0.332612 , 1.4106 , 0.220314 , 0.217583 , 0.484281 , 0.47594 , 0.445115 , 0.397081 , 0.259277 , 0.279453 , 0.2103 , 0.716752 , 0.343338 , 0.395387 , 0.234773 , 0.647199 , 0.563492 , 0.454015 , 0.36185 , 0.334513 , 0.405867 , 0.641572 , 0.42905 , 0.315719 , 0.190341 , 0.891696 , 0.596046 , 0.357011 , 0.14811 , 0.677961 , 0.320292 , 0.355507 , 0.127158 , 0.458986 , 0.811493 , 0.482866 , 0.446843 , 0.293956 , 0.528631 , 0.33712 , 0.104931 , 0.536677 , 0.314761 , 0.60666 , 0.0401735 , 0.417361 , 0.171252 , 0.516266 , 0.433393 , 0.15649 , 0.354536 , 0.585013 , 0.30603 , 0.408689 , 1.63952 , 0.771029 , 0.242826 , 0.346271 , 0.541247 , 0.749061 , 0.458005 , 0.480876 , 0.720239 , 0.332456 , 0.191066 , 0.597397 , 0.830427 , 0.214394 , 0.141277 , 0.864582 , 0.677395 , 0.282858 , 0.676334 , 1.73315 , 0.580867 , 0.447911 , 0.723682 , 0.287793 , 0.506938 , 0.3461 , 0.51615 , 0.672642 , 0.469876 , 0.630475 , 0.610923 , 0.493162 , 0.308784 , 0.262247 , 0.466871 , 0.211097 , 0.487203 , 0.337173 , 0.883217 , 0.266438 , 0.364323 , 0.703134 , 0.971935 , 0.677152 , 0.302528 , 0.711895 , 0.391763 , 0.739104 , 0.480103 , 0.420963 , 0.266925 , 0.591826 , 0.382241 , 1.14363 , 0.408666 , 0.570492 , 0.165777 , 0.369536 , 0.258029 , 2.61223 , 0.74565 , 0.315906 , 0.317925 , 0.36248 , 0.788389 , 0.365116 , 0.604698 , 0.512387 , 0.329191 , 0.333993 , 0.451981 , 0.178774 , 0.57321 , 0.665009 , 0.427584 , 0.403973 , 0.678252 , 1.06802 , 0.120556 , 0.332087 , 0.191797 , 0.609076 , 1.26684 , 0.314497 , 0.320231 , 0.541077 , 1.74876 , 0.456295 , 0.657494 , 0.355061 , 0.14864 , 0.086297 , 0.304934 , 0.162223 , 0.768965 , 0.45441 , 0.231726 , 0.22476 , 0.306233 , 0.362897 , 0.400263 , 0.414243 , 0.330403 , 0.284283 , 0.232253 , 0.353619 , 0.450921 , 0.164668 , 0.563751 , 0.569906 , 0.442493 , 0.674834 , 0.135212 , 0.435254 , 1.56553 , 0.337667 , 0.503422 , 0.728589 , 0.431096 , 0.446728 , 0.62981 , 0.963584 , 0.340664 , 0.173832 , 0.312884 , 0.32324 , 0.215486 , 0.565295 , 0.375606 , 0.327588 , 0.308404 , 0.269528 , 0.817127 , 0.30065 , 0.19548 , 0.744575 , 0.217388 , 0.649637 , 0.510672 , 0.485186 , 0.381404 , 0.996482 , 0.367449 , 0.386032 , 1.24343 , 0.372626 , 0.981076 , 0.696187 , 0.706879 , 0.233141 , 0.374434 , 0.860581 , 0.312444 , 0.928009 , 0.233025 , 0.973912 , 0.390639 , 0.0749872 , 0.187232 , 0.427487 , 0.204174 , 0.852727 , 0.877693 , 0.333688 , 0.869975 , 0.428737 , 0.227013 , 0.148014 , 0.520557 , 1.11968 , 0.273361 , 0.316848 , 0.180067 , 1.03894 , 0.32519 , 1.56973 , 0.899398 , 0.367913 , 0.256381 , 0.361127 , 0.165643 , 1.46306 , 0.307333 , 0.215788 , 0.603996 , 0.530889 , 0.147969 , 0.829426 , 0.313196 , 0.224223 , 0.797625 , 0.30902 , 0.825811 , 1.16487 , 0.379929 , 0.766952 , 0.484754 , 0.597141 , 0.50613 , 0.755271 , 0.211645 , 0.460969 , 0.900961 , 0.363296 , 0.891234 , 0.410836 , 0.749939 , 0.353331 , 0.932932 , 0.319613 , 0.173207 , 1.52087 , 0.140184 , 0.456587 , 0.287755 , 0.911286 , 0.274111 , 0.255052 , 0.815674 , 0.241687 , 0.373972 , 0.326189 , 0.658145 , 0.490144 , 0.522529 , 0.301054 , 0.388559 , 0.421841 , 0.285159 , 0.439247 , 0.437125 , 0.43155 , 0.307031 , 0.344563 , 0.266781 , 0.30827 , 1.85491 , 0.180059 , 0.584874 , 0.617524 , 1.02395 , 0.587228 , 0.262135 , 0.389829 , 0.44423 , 0.255364 , 0.349199 , 0.146275 , 0.7026 , 0.273863 , 0.333206 , 0.641556 , 0.653811 , 0.736335 , 0.280509 , 0.82203 , 0.394941 , 0.848465 , 0.511787 , 0.452208 , 0.202081 , 0.606829 , 0.757254 , 0.311584 , 0.269246 , 0.277143 , 0.241756 , 0.924499 , 0.499728 , 0.552732 , 0.565912 , 0.664443 , 0.59592 , 0.72146 , 0.383024 , 0.410808 , 0.513653 , 0.284437 , 0.163386 , 0.535878 , 0.433116 , 0.246671 , 0.147302 , 0.49753 , 0.457999 , 0.98875 , 0.584764 , 0.189201 , 0.390491 , 0.240892 , 0.285699 , 0.468921 , 1.16547 , 0.478763 , 0.250102 , 0.598977 , 0.241886 , 0.51351 , 0.266594 , 0.475922 , 0.5164 , 0.835267 , 0.377339 , 1.38468 , 0.15419 , 0.2326 , 0.139706 , 0.232405 , 0.547474 , 0.388231 , 0.915532 , 0.202166 , 0.802601 , 0.438085 , 0.273867 , 0.538195 , 0.589966 , 0.448482 , 0.35616 , 0.257844 , 0.370856 , 0.260857 , 0.393221 , 0.258501 , 0.192297 , 0.51117 , 0.34489 , 0.304395 , 0.209157 , 1.08192 , 0.419461 , 0.660865 , 0.736598 , 0.323362 , 0.321373 , 0.255856 , 0.391793 , 0.327216 , 0.544798 , 0.971369 , 0.560848 , 0.443456 , 0.66046 , 0.142556 , 0.276931 , 0.276819 , 0.359776 , 0.32615 , 0.444913 , 0.39211 , 0.359379 , 0.601581 , 0.507331 , 0.305893 , 1.40624 , 0.374779 , 0.265877 , 0.370996 , 0.563078 , 0.395058 , 0.305851 , 0.19305 , 0.378393 , 0.33932 , 1.00543 , 0.279894 , 0.36476 , 1.08034 , 0.988998 , 0.851578 , 0.807177 , 1.0091 , 0.464425 , 0.390212 , 1.0008 , 0.185677 , 0.539767 , 0.410123 , 0.518736 , 0.645634 , 0.386639 , 0.53411 , 0.380589 , 0.27329 , 0.203024 , 0.168912 , 0.235108 , 0.438786 , 0.337645 , 0.759383 , 0.895174 , 0.499224 , 0.53258 , 0.662542 , 0.180346 , 0.69207 , 0.340911 , 0.451906 , 0.446824 , 0.295602 , 0.292783 , 0.331804 , 0.566246 , 0.441816 , 1.09541 , 0.436925 , 1.22973 , 0.358832 , 0.251918 , 1.42822 , 0.0573371 , 0.1813 , 0.206017 , 0.206855 , 0.24698 , 0.424441 , 0.431813 , 0.6149 , 0.392887 , 0.813877 , 0.20156 , 0.480548 , 0.211313 , 0.368744 , 0.177952 , 0.236006 , 0.94003 , 0.196774 , 0.861639 , 0.561751 , 0.292626 , 0.350992 , 0.339307 , 0.811092 , 0.3314 , 0.644884 , 0.505831 , 0.306442 , 0.366385 , 0.392019 , 1.09265 , 0.368722 , 0.39064 , 0.570914 , 0.41181 , 0.503528 , 0.2205 , 1.02151 , 0.640086 , 0.298314 , 0.563648 , 0.116982 , 0.39233 , 0.461975 , 1.42462 , 1.09666 , 0.252158 , 0.371349 , 0.598749 , 0.184464 , 0.91325 , 0.158593 , 0.791771 , 0.462805 , 0.560606 , 1.10545 , 1.46983 , 0.177081 , 0.77422 , 0.508686 , 1.16394 , 0.600371 , 0.560536 , 1.04182 , 0.254095 , 0.361191 , 0.462349 , 0.627023 , 0.535809 , 0.4133 , 0.420327 , 0.362089 , 0.443925 , 0.396159 , 0.326375 , 0.456315 , 0.436199 , 0.577456 , 0.286945 , 0.13696 , 0.48329 , 0.462702 , 0.234916 , 0.342427 , 0.423018 , 0.480329 , 0.241345 , 0.247762 , 1.06392 , 0.318382 , 0.418271 , 0.468186 , 0.32607 , 0.7179 , 0.410919 , 0.13643 , 0.517088 , 0.300351 , 0.746255 , 0.466224 , 0.24839 , 0.324413 , 0.383099 , 0.273059 , 0.275074 , 0.707758 , 0.346212 , 0.146229 , 0.808392 , 0.333061 , 0.434481 , 0.380371 , 0.328008 , 0.595937 , 0.335189 , 0.244333 , 0.962134 , 0.359025 , 0.551952 , 0.402599 , 0.439639 , 0.273184 , 0.410209 , 0.828539 , 0.644959 , 0.478835 , 0.0919183 , 0.243078 , 0.796516 , 0.383242 , 0.256097 , 0.32132 , 0.541419 , 0.372285 , 0.666804 , 0.355592 , 0.64411 , 0.465164 , 0.192039 , 0.331599 , 0.184188 , 0.401789 , 0.55432 , 0.339797 , 