var1=[0.197337 , 0.491324 , 0.281986 , 0.432155 , 0.341935 , 0.312484 , 0.324876 , 0.166934 , 0.387587 , 0.49802 , 0.288776 , 0.447071 , 0.735983 , 0.285524 , 0.772229 , 0.309969 , 0.510086 , 0.53156 , 0.162102 , 0.264873 , 0.235648 , 0.305869 , 0.243273 , 0.342997 , 0.730082 , 0.363322 , 0.326713 , 0.76587 , 0.759963 , 0.213528 , 0.607102 , 0.223805 , 0.587023 , 0.507993 , 0.500246 , 0.362023 , 0.613776 , 0.879222 , 0.247533 , 0.354667 , 0.285295 , 0.151603 , 0.344213 , 0.378108 , 0.314391 , 0.629966 , 0.401493 , 0.21056 , 0.397413 , 0.295323 , 0.317039 , 0.458449 , 0.134308 , 0.279944 , 0.190004 , 0.237041 , 0.142246 , 0.143959 , 0.379569 , 0.152766 , 0.212678 , 0.0594445 , 0.355417 , 0.270212 , 0.763207 , 0.194228 , 0.504251 , 0.0947689 , 0.239274 , 0.307321 , 0.272653 , 0.696113 , 0.328588 , 0.363991 , 0.115801 , 0.262174 , 0.797822 , 0.345347 , 0.297666 , 0.773182 , 0.597454 , 0.748476 , 0.242705 , 0.282589 , 0.352292 , 0.399035 , 0.274919 , 0.170144 , 0.329504 , 0.322233 , 0.148292 , 1.04225 , 0.157088 , 0.188862 , 0.581687 , 0.217357 , 0.480778 , 0.279647 , 0.182153 , 0.206646 , 0.310016 , 0.324254 , 0.625276 , 0.221838 , 0.289154 , 1.20479 , 0.257488 , 0.357663 , 0.365686 , 0.300131 , 0.391212 , 0.545384 , 0.311266 , 0.410803 , 0.320424 , 0.478298 , 0.271652 , 0.230788 , 0.228975 , 0.579112 , 0.205919 , 0.36822 , 0.170145 , 0.170575 , 0.225908 , 0.381358 , 0.134971 , 0.338893 , 0.210909 , 0.283144 , 0.270477 , 0.724929 , 0.261147 , 0.301836 , 0.302553 , 0.4974 , 0.714147 , 0.452338 , 0.0978705 , 0.343362 , 0.484596 , 0.115007 , 0.416898 , 0.275944 , 0.61494 , 0.260383 , 0.326902 , 0.193742 , 0.222073 , 0.467766 , 0.308943 , 0.609948 , 0.172134 , 0.559863 , 0.750455 , 0.438366 , 0.188188 , 0.275224 , 0.228877 , 0.718262 , 0.265281 , 0.204848 , 0.417447 , 0.441067 , 0.197246 , 0.286604 , 0.14478 , 0.412602 , 0.214594 , 0.17766 , 0.163905 , 0.433769 , 0.308781 , 0.998822 , 0.241478 , 0.34731 , 0.304525 , 0.282511 , 0.774061 , 0.408401 , 0.347114 , 0.291467 , 0.483423 , 0.391625 , 0.166103 , 0.528354 , 0.293712 , 0.354075 , 0.246241 , 0.326442 , 0.418062 , 0.397681 , 0.15079 , 0.648831 , 0.340526 , 0.371428 , 0.817352 , 0.683129 , 0.34571 , 0.460025 , 0.356211 , 0.829275 , 0.349628 , 0.283293 , 0.168372 , 0.238513 , 0.656516 , 0.346263 , 0.351814 , 0.33463 , 0.0817929 , 0.125402 , 0.32743 , 0.487386 , 0.481197 , 0.0999888 , 0.111614 , 0.165309 , 0.177605 , 0.185906 , 0.207419 , 0.207959 , 0.279543 , 0.49246 , 0.290527 , 0.144762 , 0.522422 , 0.365416 , 0.228892 , 0.193962 , 0.387612 , 0.31772 , 0.485264 , 0.531982 , 0.236919 , 0.452885 , 0.269216 , 0.295087 , 0.268038 , 0.198386 , 0.343153 , 0.765358 , 0.151435 , 0.115358 , 0.0782602 , 0.246254 , 0.357649 , 0.299988 , 0.191851 , 0.462036 , 0.366755 , 0.156422 , 0.304266 , 0.328458 , 0.35495 , 0.350668 , 0.310953 , 0.313586 , 0.22754 , 0.438856 , 0.300884 , 1.07333 , 0.492403 , 0.301503 , 0.240842 , 0.240917 , 0.452298 , 0.355721 , 0.431693 , 0.226151 , 0.556188 , 0.149527 , 0.632799 , 0.332261 , 0.236134 , 0.591562 , 0.336482 , 0.262409 , 0.0901344 , 0.46797 , 0.303784 , 0.256282 , 0.182653 , 0.303258 , 0.176819 , 0.130544 , 0.0892576 , 0.306623 , 0.224487 , 0.216445 , 0.153419 , 0.576267 , 0.171353 , 0.234769 , 0.167279 , 0.212172 , 0.266927 , 0.37151 , 0.348094 , 0.268059 , 0.123576 , 0.281769 , 0.358231 , 0.371818 , 0.473795 , 0.232457 , 0.555834 , 0.154652 , 0.395867 , 0.21709 , 0.384813 , 0.298937 , 0.360909 , 0.402669 , 0.218802 , 0.225534 , 0.350107 , 0.318965 , 0.149398 , 0.168883 , 0.176961 , 0.62322 , 0.551699 , 0.185878 , 0.398376 , 0.629916 , 0.463775 , 0.183751 , 0.184638 , 0.200975 , 0.208554 , 0.273731 , 0.341827 , 0.172137 , 0.155561 , 0.332435 , 0.456518 , 0.460214 , 0.429132 , 0.285277 , 0.362941 , 0.257993 , 0.54412 , 1.09001 , 0.153962 , 1.40319 , 0.202146 , 0.397507 , 0.654837 , 0.269811 , 0.109056 , 0.394718 , 0.280779 , 0.41135 , 0.24416 , 0.281481 , 0.451937 , 0.226629 , 0.712483 , 0.226691 , 0.453918 , 0.448638 , 0.398399 , 0.478548 , 0.195655 , 0.265689 , 0.344982 , 0.288448 , 0.204665 , 0.860025 , 0.619769 , 0.242692 , 0.156611 , 0.284155 , 0.267668 , 0.373904 , 0.207737 , 0.373649 , 0.518772 , 0.388551 , 0.295651 , 0.220914 , 0.182554 , 0.209767 , 0.36298 , 0.263988 , 0.360528 , 0.303223 , 0.190982 , 0.463814 , 0.355558 , 0.277686 , 0.153066 , 0.51417 , 0.245616 , 0.425484 , 0.385015 , 0.196711 , 0.725674 , 0.195696 , 1.25215 , 0.963327 , 0.478782 , 0.277924 , 0.33048 , 0.105608 , 0.252154 , 0.339941 , 0.331871 , 0.322818 , 0.215119 , 0.16579 , 0.550204 , 0.55539 , 0.221866 , 0.458127 , 0.219408 , 0.375341 , 0.482573 , 0.324006 , 0.330328 , 0.279021 , 0.215454 , 0.516984 , 0.368657 , 0.569557 , 0.339837 , 0.134431 , 0.252906 , 0.202583 , 0.541659 , 0.445155 , 0.433106 , 0.427485 , 0.291711 , 0.261564 , 0.434209 , 0.369659 , 0.427581 , 0.362468 , 0.312414 , 0.367912 , 0.221959 , 0.212635 , 0.966713 , 0.22892 , 0.395152 , 0.242886 , 0.908773 , 0.463948 , 0.44232 , 0.463958 , 0.600232 , 0.343869 , 0.440609 , 0.123577 , 0.421314 , 0.191309 , 0.259615 , 0.281023 , 0.242234 , 0.279838 , 0.37961 , 0.14998 , 0.274493 , 0.504126 , 0.344034 , 0.194518 , 0.238527 , 0.224814 , 0.260285 , 0.383612 , 0.378317 , 0.959476 , 0.722329 , 0.293355 , 0.298982 , 0.1871 , 0.367108 , 0.0950427 , 0.195439 , 0.262246 , 0.425262 , 0.313429 , 0.30508 , 0.262834 , 0.266071 , 0.30825 , 0.280437 , 0.485518 , 0.26716 , 0.226233 , 0.296987 , 0.391717 , 0.410785 , 0.340309 , 0.201441 , 0.686171 , 0.358481 , 0.481021 , 0.15422 , 0.182637 , 0.17368 , 0.191164 , 0.21351 , 0.151797 , 0.353867 , 0.249737 , 0.52085 , 0.555272 , 0.539522 , 0.339409 , 0.264507 , 0.316756 , 0.285587 , 0.747111 , 0.429611 , 0.461512 , 0.357165 , 0.212646 , 0.285007 , 0.565899 , 0.322343 , 0.247345 , 0.22028 , 0.347896 , 0.511814 , 0.536654 , 0.475147 , 0.257092 , 0.231062 , 0.293525 , 0.0582275 , 0.234286 , 0.223309 , 0.277371 , 0.247533 , 0.329993 , 0.522875 , 0.420871 , 0.601633 , 0.186052 , 0.419163 , 0.618831 , 0.177449 , 0.51907 , 0.373909 , 0.511955 , 0.982612 , 0.767275 , 0.212213 , 0.134706 , 0.268027 , 0.241072 , 0.260085 , 0.28543 , 0.346843 , 0.310787 , 0.344102 , 0.329969 , 0.171544 , 0.54476 , 0.412967 , 0.286645 , 0.676475 , 0.262693 , 0.293653 , 0.11461 , 0.305482 , 0.334979 , 0.242505 , 0.24072 , 0.356479 , 0.652033 , 0.330178 , 0.217589 , 0.693853 , 0.413462 , 0.289193 , 0.21008 , 0.264687 , 1.13844 , 0.463593 , 0.45993 , 0.23707 , 0.301748 , 0.688519 , 0.334508 , 0.138436 , 0.361467 , 0.454476 , 0.356189 , 0.532924 , 0.314576 , 0.448039 , 0.113257 , 0.816424 , 0.295244 , 0.266653 , 0.556511 , 0.266842 , 0.437016 , 0.391571 , 0.304775 , 0.701081 , 0.504913 , 0.161018 , 0.232876 , 0.161208 , 0.278155 , 0.181802 , 0.230634 , 0.311395 , 0.273801 , 0.365062 , 0.253274 , 0.428632 , 0.204613 , 0.300303 , 0.628208 , 0.694978 , 0.902019 , 0.141344 , 0.381059 , 0.415853 , 0.58414 , 0.158421 , 0.199331 , 0.282554 , 0.176925 , 0.288699 , 0.342957 , 0.403847 , 0.221153 , 0.275272 , 0.321391 , 0.4279 , 0.346462 , 0.186079 , 0.252175 , 2.42986 , 0.542142 , 0.183565 , 0.532607 , 0.318547 , 0.10311 , 0.294396 , 0.212111 , 0.263983 , 0.412036 , 0.659912 , 0.292256 , 0.395624 , 0.187175 , 0.127573 , 0.239314 , 0.583031 , 0.447664 , 0.313564 , 0.183671 , 0.226388 , 0.223317 , 0.395555 , 0.190611 , 0.193762 , 0.19226 , 1.1971 , 0.264423 , 1.14027 , 0.520348 , 0.356447 , 0.599417 , 0.207306 , 0.535232 , 0.254271 , 0.207708 , 0.159563 , 0.184926 , 0.228462 , 0.10766 , 0.622801 , 0.117595 , 0.700014 , 0.339423 , 0.547622 , 0.619312 , 0.311775 , 0.137987 , 0.369087 , 0.292223 , 0.874689 , 0.206378 , 0.14019 , 0.410903 , 0.240607 , 0.243833 , 0.20658 , 0.253147 , 0.219851 , 0.382091 , 0.369408 , 0.259579 , 0.245685 , 0.513174 , 0.2542 , 0.651244 , 0.0957362 , 0.223202 , 0.272123 , 0.295994 , 0.278164 , 0.348961 , 0.135686 , 0.372018 , 0.271019 , 0.392193 , 0.314676 , 0.171421 , 0.464029 , 0.210274 , 0.28611 , 0.323775 , 0.493458 , 0.310408 , 0.517469 , 0.324441 , 0.212403 , 0.275504 , 0.227357 , 0.113966 , 0.388313 , 0.348968 , 