var1=[0.104685 , 0.125358 , 0.234099 , 0.141342 , 0.165109 , 0.176716 , 0.153481 , 0.155754 , 0.0621424 , 0.204025 , 0.108571 , 0.289951 , 0.154343 , 0.19579 , 0.198107 , 0.305248 , 0.166062 , 0.455793 , 0.518246 , 0.217201 , 0.164677 , 0.202536 , 0.194886 , 0.179738 , 0.426143 , 0.231545 , 0.203499 , 0.282757 , 0.136284 , 0.183283 , 0.246715 , 0.156464 , 0.444812 , 0.269213 , 0.180254 , 0.167845 , 0.234681 , 0.24488 , 0.38474 , 0.0935773 , 0.198881 , 0.155376 , 0.395107 , 0.116348 , 0.172869 , 0.0834946 , 0.113317 , 0.281832 , 0.534284 , 0.193822 , 0.576982 , 0.183619 , 0.174084 , 0.110097 , 0.340902 , 0.272222 , 0.240447 , 0.13386 , 0.140766 , 0.272489 , 0.273022 , 0.197441 , 0.104349 , 0.164284 , 0.261201 , 0.338232 , 0.281874 , 0.620934 , 0.293271 , 0.234354 , 0.252801 , 0.327699 , 0.192756 , 0.331225 , 0.221968 , 0.194721 , 0.201619 , 0.257138 , 0.535052 , 0.186439 , 0.420715 , 0.275935 , 0.10819 , 0.783485 , 0.352391 , 0.18508 , 0.275882 , 0.246644 , 0.498731 , 0.111311 , 0.452093 , 0.152742 , 0.185287 , 0.646829 , 0.133633 , 0.231737 , 0.161464 , 0.308044 , 0.118842 , 0.362552 , 0.191747 , 0.171354 , 0.143143 , 0.343739 , 0.376847 , 0.21303 , 0.414833 , 0.394214 , 0.236004 , 0.294118 , 0.134804 , 0.357351 , 0.315737 , 0.145405 , 0.137441 , 0.110059 , 0.259124 , 0.101776 , 0.170062 , 0.167384 , 0.246275 , 0.158573 , 0.134499 , 0.375394 , 0.155455 , 0.377733 , 0.295145 , 0.212965 , 0.150515 , 0.322487 , 0.240032 , 0.233865 , 0.175306 , 0.166712 , 0.190545 , 0.185219 , 0.25392 , 0.31389 , 0.312338 , 0.578916 , 0.310509 , 0.14313 , 0.358254 , 0.634361 , 0.232874 , 0.104224 , 0.155085 , 0.591695 , 0.309047 , 0.386106 , 0.13549 , 0.157464 , 0.26294 , 0.590665 , 0.159139 , 0.196884 , 0.323716 , 0.107498 , 0.214268 , 0.415175 , 0.180926 , 0.209033 , 0.155075 , 0.14209 , 0.247527 , 0.448074 , 0.19534 , 0.17866 , 0.423444 , 0.165302 , 0.26767 , 0.179178 , 0.266261 , 0.544221 , 0.15869 , 0.134985 , 0.192594 , 0.244562 , 0.228665 , 0.266329 , 0.244923 , 0.265706 , 0.192337 , 0.25865 , 0.213703 , 0.433025 , 0.297457 , 0.147709 , 0.22367 , 0.182623 , 1.04318 , 0.511114 , 0.313897 , 0.183155 , 0.319529 , 0.233059 , 0.189437 , 0.203674 , 0.292776 , 0.208281 , 0.247283 , 0.290098 , 0.370579 , 0.205155 , 0.225398 , 0.188113 , 0.294291 , 0.262593 , 0.210993 , 0.315607 , 0.196257 , 0.0901169 , 0.316671 , 0.140674 , 0.382327 , 0.21148 , 0.141964 , 0.242663 , 0.244364 , 0.240121 , 0.10327 , 0.234593 , 0.293923 , 0.155435 , 0.111146 , 0.419262 , 0.251603 , 0.360351 , 0.145196 , 0.147512 , 0.219064 , 0.163374 , 0.301032 , 0.169095 , 0.195332 , 0.33826 , 0.153213 , 0.226804 , 0.23608 , 0.1428 , 0.210223 , 0.152559 , 0.276306 , 0.288499 , 0.132555 , 0.302227 , 0.164792 , 0.217929 , 0.269511 , 0.184844 , 0.64938 , 0.479817 , 0.129359 , 0.165983 , 0.277193 , 0.173622 , 0.136626 , 0.207681 , 0.192114 , 0.279691 , 0.230913 , 0.569148 , 0.37571 , 0.131483 , 0.269311 , 0.210946 , 0.369283 , 0.286874 , 0.189187 , 0.158956 , 0.203495 , 0.139718 , 0.362445 , 0.385648 , 0.324774 , 0.135215 , 0.318625 , 0.232147 , 0.180806 , 0.310908 , 0.104049 , 0.196659 , 0.241792 , 0.158028 , 0.263251 , 0.24485 , 0.28849 , 0.181772 , 0.492741 , 0.388105 , 0.13973 , 0.0963322 , 0.244189 , 0.29395 , 0.0696329 , 0.309929 , 0.0931447 , 0.344185 , 0.170216 , 0.201658 , 0.20656 , 0.211753 , 0.322722 , 0.233822 , 0.192196 , 0.120906 , 0.228265 , 0.259781 , 0.194298 , 0.307748 , 0.534743 , 0.192597 , 0.153784 , 0.347994 , 0.224277 , 0.168941 , 0.251131 , 0.289107 , 0.128397 , 0.284643 , 0.17436 , 0.124965 , 0.24376 , 0.220586 , 0.148269 , 0.266799 , 0.146401 , 0.246804 , 0.475895 , 0.127743 , 0.32025 , 0.138158 , 0.192581 , 0.239018 , 0.189336 , 0.123401 , 0.332853 , 0.173398 , 0.255051 , 0.166749 , 0.215959 , 0.231542 , 0.159315 , 0.108314 , 0.141735 , 0.293002 , 0.212401 , 0.304801 , 0.161448 , 0.255545 , 0.239469 , 0.125463 , 0.219319 , 0.235042 , 0.475489 , 0.307222 , 0.219895 , 0.177787 , 0.213995 , 0.110903 , 0.188598 , 0.291758 , 0.346599 , 0.100954 , 0.323322 , 0.166809 , 0.243502 , 0.22581 , 0.370604 , 0.256787 , 0.323215 , 0.290583 , 0.257182 , 0.079493 , 0.26434 , 0.642949 , 0.158906 , 0.368623 , 0.23333 , 0.194245 , 0.190714 , 0.175784 , 0.138821 , 0.67135 , 0.5436 , 0.17741 , 0.237939 , 0.219149 , 0.195055 , 0.297783 , 0.273571 , 0.369856 , 0.201588 , 0.212924 , 0.15231 , 0.172745 , 0.362039 , 0.217738 , 0.403237 , 0.251419 , 0.255928 , 0.329994 , 0.220304 , 0.225916 , 0.141494 , 0.252885 , 0.279829 , 0.15009 , 0.18539 , 0.237247 , 0.291442 , 0.14723 , 0.112495 , 0.270416 , 0.142682 , 0.311487 , 0.379571 , 0.265324 , 0.188259 , 0.260881 , 0.166648 , 0.266502 , 0.127932 , 0.173553 , 0.385757 , 0.176317 , 0.184039 , 0.156649 , 0.124874 , 0.163 , 0.164001 , 0.24492 , 0.287118 , 0.173967 , 0.215959 , 0.224507 , 0.160267 , 0.227052 , 0.299923 , 0.249495 , 0.112526 , 0.290851 , 0.182391 , 0.166791 , 0.148417 , 0.315413 , 0.198497 , 0.253706 , 0.459558 , 0.463274 , 0.214385 , 0.224983 , 0.324541 , 0.21196 , 0.301408 , 0.314897 , 0.116026 , 0.173007 , 0.166332 , 0.454156 , 0.528445 , 0.145673 , 0.182224 , 0.26254 , 0.172579 , 0.23157 , 0.29119 , 0.321078 , 0.167012 , 0.206063 , 0.655249 , 0.222811 , 0.118919 , 0.162612 , 0.221072 , 0.415264 , 0.324688 , 0.289326 , 0.33497 , 0.173131 , 0.146584 , 0.218888 , 0.150264 , 0.202765 , 0.206977 , 0.377405 , 0.291765 , 0.186033 , 0.216738 , 0.845517 , 0.197291 , 0.168142 , 0.204349 , 0.425424 , 0.317633 , 0.201393 , 0.250517 , 0.185407 , 0.357065 , 0.153755 , 0.167364 , 0.145588 , 0.395867 , 0.181442 , 0.280749 , 0.088744 , 0.263953 , 0.193282 , 0.111935 , 0.559197 , 0.278815 , 0.139059 , 0.374679 , 0.183685 , 0.177703 , 0.343117 , 0.20703 , 0.526941 , 0.184911 , 0.236245 , 0.232639 , 0.292233 , 0.310097 , 0.252236 , 0.258455 , 0.20296 , 0.258402 , 0.380032 , 0.209208 , 0.271425 , 0.353729 , 0.222455 , 0.22145 , 0.24672 , 0.345516 , 0.244025 , 0.43091 , 0.196322 , 0.275837 , 0.238635 , 0.177457 , 0.0715559 , 0.526936 , 0.231517 , 0.176453 , 0.26124 , 0.18085 , 0.179198 , 0.102713 , 0.17025 , 0.0979577 , 0.311699 , 0.197765 , 0.284135 , 0.362677 , 0.200355 , 0.181927 , 0.137893 , 0.69936 , 0.372214 , 0.245144 , 0.32027 , 0.237144 , 0.315393 , 0.0898718 , 0.154082 , 0.166597 , 0.228574 , 0.159539 , 0.156993 , 0.471492 , 0.0701008 , 0.200821 , 0.17147 , 0.171557 , 0.104355 , 0.238381 , 0.179926 , 0.222172 , 0.471642 , 0.13275 , 0.0995432 , 0.226299 , 0.21891 , 0.283131 , 0.290532 , 0.161699 , 0.156265 , 0.113263 , 0.255038 , 0.320067 , 0.154372 , 0.172843 , 0.278536 , 0.297289 , 0.148899 , 0.246886 , 0.0995458 , 0.232551 , 0.0926823 , 0.215443 , 0.212021 , 0.360228 , 0.260202 , 0.207292 , 0.271252 , 0.46229 , 0.425839 , 0.232383 , 0.105854 , 0.259741 , 0.312936 , 0.329754 , 0.402268 , 0.484621 , 0.199974 , 0.250232 , 0.268421 , 0.22926 , 0.269603 , 0.192018 , 0.32427 , 0.31841 , 0.173761 , 0.245333 , 0.345024 , 0.455433 , 0.154813 , 0.343682 , 0.156708 , 0.312253 , 0.203833 , 0.799988 , 0.209374 , 0.146738 , 0.215773 , 0.170243 , 0.272393 , 0.233965 , 0.242216 , 0.26046 , 0.151799 , 0.154564 , 0.194604 , 0.261108 , 0.155987 , 0.13677 , 0.397629 , 0.388161 , 0.372029 , 0.337281 , 0.180166 , 0.122535 , 0.281654 , 0.1803 , 0.397057 , 0.301367 , 0.2094 , 0.295875 , 0.158227 , 0.256604 , 0.140378 , 0.260102 , 0.458103 , 0.281876 , 0.184394 , 0.304218 , 0.101858 , 0.385424 , 0.0928094 , 0.524911 , 0.241056 , 0.251989 , 0.317478 , 0.241739 , 0.179599 , 0.260965 , 0.139626 , 0.355439 , 0.503119 , 0.228115 , 0.179282 , 0.270711 , 0.342721 , 0.203522 , 0.319453 , 0.3773 , 0.238337 , 0.42798 , 0.257704 , 0.807334 , 0.322907 , 0.536184 , 0.279535 , 0.313571 , 0.253055 , 0.244529 , 0.15104 , 0.141869 , 0.202016 , 0.224129 , 0.239551 , 0.0783218 , 0.337889 , 0.313008 , 0.144127 , 0.227073 , 0.163105 , 0.246075 , 0.322549 , 0.176798 , 0.35937 , 0.269711 , 0.179037 , 0.291621 , 0.0984348 , 0.237464 , 0.200842 , 0.0827236 , 0.147667 , 0.257565 , 0.269812 , 0.232851 , 0.298585 , 0.303473 , 0.187899 , 0.15396 , 0.157781 , 0.217846 , 0.369504 , 0.267915 , 0.214608 , 0.17715 ,