var1=[0.103893 , 0.084087 , 0.156944 , 0.117224 , 0.22884 , 0.127159 , 0.164485 , 0.128203 , 0.199618 , 0.158993 , 0.180968 , 0.201054 , 0.118579 , 0.211006 , 0.083846 , 0.17259 , 0.141141 , 0.173683 , 0.236693 , 0.217829 , 0.142215 , 0.13943 , 0.23557 , 0.121195 , 0.33997 , 0.07774 , 0.219625 , 0.0784914 , 0.13068 , 0.140387 , 0.227021 , 0.143679 , 0.224996 , 0.0898148 , 0.0948924 , 0.164446 , 0.0848496 , 0.174395 , 0.15347 , 0.158722 , 0.171901 , 0.1439 , 0.168177 , 0.216995 , 0.111143 , 0.236665 , 0.320711 , 0.0880336 , 0.204089 , 0.114652 , 0.225736 , 0.0866909 , 0.0722658 , 0.0728367 , 0.139729 , 0.346558 , 0.264109 , 0.173665 , 0.0832407 , 0.107837 , 0.120187 , 0.261904 , 0.0834864 , 0.0811917 , 0.095896 , 0.0851928 , 0.143637 , 0.212084 , 0.141272 , 0.172025 , 0.155483 , 0.118921 , 0.117425 , 0.147078 , 0.253846 , 0.128469 , 0.0865092 , 0.294598 , 0.289854 , 0.242433 , 0.166791 , 0.0745144 , 0.125808 , 0.354481 , 0.212409 , 0.0950817 , 0.224343 , 0.112516 , 0.123699 , 0.0826047 , 0.221154 , 0.0705211 , 0.247856 , 0.19303 , 0.113531 , 0.248275 , 0.100665 , 0.176219 , 0.207313 , 0.149441 , 0.276511 , 0.144492 , 0.119251 , 0.114927 , 0.115027 , 0.185716 , 0.172503 , 0.0914989 , 0.101193 , 0.139196 , 0.260017 , 0.301621 , 0.373292 , 0.374618 , 0.11612 , 0.125557 , 0.145118 , 0.288173 , 0.159327 , 0.155664 , 0.187255 , 0.0951307 , 0.192038 , 0.151387 , 0.100193 , 0.153446 , 0.154396 , 0.0956523 , 0.0778205 , 0.160781 , 0.0920804 , 0.0750656 , 0.0951691 , 0.146762 , 0.0980911 , 0.241788 , 0.102229 , 0.100412 , 0.352781 , 0.183084 , 0.210203 , 0.103863 , 0.124749 , 0.107959 , 0.256563 , 0.219774 , 0.142582 , 0.119811 , 0.165827 , 0.117517 , 0.249376 , 0.175802 , 0.107391 , 0.214217 , 0.110209 , 0.157292 , 0.215216 , 0.304732 , 0.157754 , 0.290709 , 0.328246 , 0.158596 , 0.103062 , 0.091203 , 0.0987773 , 0.116874 , 0.234528 , 0.12609 , 0.138609 , 0.135585 , 0.099095 , 0.0693161 , 0.211103 , 0.126673 , 0.0950149 , 0.181359 , 0.161128 , 0.206982 , 0.0693727 , 0.187007 , 0.324364 , 0.373454 , 0.191205 , 0.164762 , 0.165453 , 0.317242 , 0.1353 , 0.356689 , 0.229135 , 0.0928463 , 0.117582 , 0.0998899 , 0.145031 , 0.478795 , 0.103561 , 0.20365 , 0.265304 , 0.185189 , 0.282099 , 0.174053 , 0.11398 , 0.112884 , 0.126634 , 0.0977382 , 0.115288 , 0.225239 , 0.199405 , 0.146843 , 0.191796 , 0.123633 , 0.194522 , 0.102861 , 0.156577 , 0.264971 , 0.257984 , 0.198154 , 0.132157 , 0.298578 , 0.13311 , 0.216179 , 0.21543 , 0.124323 , 0.17173 , 0.127461 , 0.109148 , 0.370791 , 0.230108 , 0.111052 , 0.0711345 , 0.117488 , 0.106589 , 0.0698299 , 0.127156 , 0.284936 , 0.115597 , 0.0734108 , 0.178859 , 0.0614947 , 0.206462 , 0.113063 , 0.0958659 , 0.137215 , 0.165194 , 0.0884576 , 0.0713985 , 0.109571 , 0.118687 , 0.0985544 , 0.138344 , 0.183836 , 0.244281 , 0.134985 , 0.11922 , 0.155012 , 0.193732 , 0.106857 , 0.229541 , 0.0712652 , 0.123814 , 0.180164 , 0.088556 , 0.0955465 , 0.200399 , 0.060282 , 0.112852 , 0.133801 , 0.193965 , 0.115232 , 0.112666 , 0.106581 , 0.0857844 , 0.0995088 , 0.22386 , 0.106412 , 0.182793 , 0.340872 , 0.138909 , 0.099325 , 0.214195 , 0.110435 , 0.156289 , 0.134658 , 0.0965106 , 0.274304 , 0.141358 , 0.218721 , 0.119428 , 0.126729 , 0.290949 , 0.156456 , 0.290591 , 0.0932628 , 0.0742253 , 0.184138 , 0.224261 , 0.138932 , 0.139101 , 0.0781962 , 0.125237 , 0.057894 , 0.134069 , 0.255452 , 0.19392 , 0.0874308 , 0.148645 , 0.128093 , 0.221653 , 0.168551 , 0.142553 , 0.159156 , 0.19792 , 0.138332 , 0.122197 , 0.17326 , 0.153304 , 0.147027 , 0.183385 , 0.179843 , 0.163494 , 0.11133 , 0.126056 , 0.115619 , 0.199057 , 0.184887 , 0.0792083 , 0.190925 , 0.309417 , 0.112648 , 0.158436 , 0.292199 , 0.162508 , 0.261603 , 0.22253 , 0.118884 , 0.196486 , 0.0679252 , 0.115572 , 0.087297 , 0.291663 , 0.21323 , 0.144757 , 0.137748 , 0.184723 , 0.181464 , 0.134057 , 0.0998622 , 0.160694 , 0.0942762 , 0.186437 , 0.0929588 , 0.160896 , 0.0856961 , 0.111429 , 0.361751 , 0.14198 , 0.228802 , 0.11319 , 0.0912338 , 0.0831192 , 0.240228 , 0.13453 , 0.214134 , 0.211513 , 0.112876 , 0.150538 , 0.0939701 , 0.351085 , 0.0904657 , 0.169835 , 0.114952 , 0.118096 , 0.141957 , 0.139954 , 0.0800551 , 0.142206 , 0.0923258 , 0.159888 , 0.156688 , 0.206236 , 0.157502 , 0.13326 , 0.0671923 , 0.145786 , 0.148358 , 0.152344 , 0.0435794 , 0.0929855 , 0.165511 , 0.0985661 , 0.161308 , 0.153197 , 0.0901511 , 0.121064 , 0.100454 , 0.248443 , 0.218491 , 0.0585431 , 0.111252 , 0.170427 , 0.137799 , 0.377273 , 0.121307 , 0.0686922 , 0.134452 , 0.134764 , 0.140504 , 0.249566 , 0.0923447 , 0.0921107 , 0.253814 , 0.0950772 , 0.129667 , 0.080433 , 0.0828239 , 0.473099 , 0.141183 , 0.123793 , 0.228369 , 0.119566 , 0.120001 , 0.100294 , 0.110216 , 0.155554 , 0.252663 , 0.108536 , 0.225912 , 0.157711 , 0.0991436 , 0.114627 , 0.179916 , 0.211151 , 0.168353 , 0.174015 , 0.194333 , 0.209262 , 0.155829 , 0.450931 , 0.143063 , 0.133518 , 0.28361 , 0.179667 , 0.238212 , 0.222487 , 0.0475072 , 0.299856 , 0.0923329 , 0.136142 , 0.208439 , 0.102358 , 0.104923 , 0.0912604 , 0.0936248 , 0.148215 , 0.11744 , 0.0792226 , 0.13897 , 0.219803 , 0.327776 , 0.149053 , 0.147165 , 0.0958869 , 0.179772 , 0.137242 , 0.155039 , 0.246204 , 0.329362 , 0.184815 , 0.203085 , 0.098721 , 0.129079 , 0.234986 , 0.227051 , 0.290616 , 0.170836 , 0.176874 , 0.125456 , 0.173935 , 0.22485 , 0.153089 , 0.200009 , 0.0822066 , 0.113467 , 0.227829 , 0.297981 , 0.11678 , 0.177513 , 0.269391 , 0.0987844 , 0.213585 , 0.149988 , 0.124978 , 0.121791 , 0.172351 , 0.141318 , 0.0852657 , 0.183966 , 0.0743992 , 0.184653 , 0.251098 , 0.17353 , 0.290945 , 0.134626 , 0.0832361 , 0.239868 , 0.12957 , 0.0707757 , 0.176909 , 0.173351 , 0.139009 , 0.226477 , 0.236917 , 0.192238 , 0.0846227 , 0.177322 , 0.149505 , 0.462261 , 0.133331 , 0.216415 , 0.283083 , 0.166133 , 0.0692464 , 0.301625 , 0.248075 , 0.162325 , 0.145977 , 0.207507 , 0.154505 , 0.245182 , 0.139009 , 0.104031 , 0.217552 , 0.113204 , 0.173932 , 0.117663 , 0.275232 , 0.268625 , 0.20846 , 0.120807 , 0.240304 , 0.143203 , 0.21074 , 0.200911 , 0.164314 , 0.15421 , 0.0778031 , 0.297035 , 0.179605 , 0.135295 , 0.105424 , 0.21022 , 0.160613 , 0.132753 , 0.0910411 , 0.0863483 , 0.174223 , 0.228246 , 0.206369 , 0.0969771 , 0.0767431 , 0.0925488 , 0.114646 , 0.114947 , 0.141072 , 0.134796 , 0.32153 , 0.226742 , 0.167431 , 0.142744 , 0.0881896 , 0.0785156 , 0.150338 , 0.19671 , 0.196506 , 0.26929 , 0.23587 , 0.586511 , 0.106422 , 0.135742 , 0.227833 , 0.149511 , 0.137617 , 0.115914 , 0.257394 , 0.163979 , 0.112309 , 0.0847741 , 0.0936853 , 0.166635 , 0.166015 , 0.104765 , 0.142897 , 0.121968 , 0.0859485 , 0.150394 , 0.265754 , 0.153657 , 0.0917838 , 0.116909 , 0.185167 , 0.122972 , 0.10379 , 0.190559 , 0.477007 , 0.216901 , 0.0793104 , 0.154306 , 0.171535 , 0.128995 , 0.115334 , 0.264693 , 0.117385 , 0.134388 , 0.132191 , 0.140866 , 0.180833 , 0.45534 , 0.090821 , 0.0908647 , 0.144795 , 0.123613 , 0.282707 , 0.112744 , 0.081126 , 0.158998 , 0.181065 , 0.0959612 , 0.149644 , 0.169369 , 0.195303 , 0.290529 , 0.253773 , 0.155902 , 0.505082 , 0.193494 , 0.173138 , 0.112412 , 0.219552 , 0.171602 , 0.160654 , 0.102141 , 0.0434017 , 0.289523 , 0.160058 , 0.508684 , 0.188972 , 0.184649 , 0.156919 , 0.124478 , 0.148379 , 0.150214 , 0.126191 , 0.15866 , 0.394761 , 0.0842386 , 0.0532683 , 0.0762964 , 0.156147 , 0.47567 , 0.134746 , 0.114486 , 0.141383 , 0.359749 , 0.0851905 , 0.38962 , 0.0928489 , 0.0970945 , 0.136958 , 0.119762 , 0.219964 , 0.100959 , 0.259628 , 0.108103 , 0.102851 , 0.0822871 , 0.152689 , 0.0970409 , 0.10716 , 0.154604 , 0.0893698 , 0.130009 , 0.122023 , 0.164338 , 0.304715 , 0.141358 , 0.213047 , 0.104528 , 0.0565011 , 0.0920688 , 0.156401 , 0.126772 , 0.110598 , 0.219375 , 0.150481 , 0.152415 , 0.126979 , 0.125211 , 0.133665 , 0.0854472 , 0.108709 , 0.278048 , 0.213402 , 0.0807702 , 0.104907 , 0.0644033 , 0.309653 , 0.161733 , 0.142485 , 0.140239 , 0.0857237 , 0.286758 , 0.125284 , 0.170411 , 0.086619 , 0.0981888 , 0.257287 , 0.138868 , 0.121842 , 0.0841419 , 0.097092 , 0.164042 , 