var1=[0.306239 , 0.348454 , 0.388227 , 0.373413 , 0.154459 , 0.411187 , 0.177507 , 0.12941 , 0.689734 , 0.266399 , 0.357094 , 0.180571 , 0.319917 , 0.468112 , 0.440968 , 0.0626331 , 0.30215 , 0.253314 , 0.872404 , 0.196677 , 0.262075 , 0.320507 , 0.543944 , 0.385041 , 0.397106 , 0.493047 , 0.281636 , 0.297464 , 0.1992 , 0.194761 , 0.207452 , 0.215934 , 0.498989 , 0.383475 , 0.455562 , 0.23682 , 0.162303 , 0.477083 , 0.197748 , 0.219773 , 0.4896 , 0.30637 , 0.427109 , 0.156622 , 0.234337 , 0.118348 , 0.484305 , 0.669963 , 0.320734 , 0.242451 , 0.328641 , 0.236306 , 0.231397 , 0.378923 , 0.249283 , 0.119469 , 0.216614 , 0.697976 , 0.179576 , 0.155556 , 0.528733 , 0.357975 , 0.157221 , 0.612552 , 0.484556 , 0.297387 , 0.112626 , 0.352729 , 0.240577 , 0.287079 , 0.269008 , 0.735974 , 0.516332 , 0.370724 , 0.477009 , 0.345961 , 0.181217 , 0.209212 , 0.405632 , 0.157213 , 0.238577 , 0.351056 , 0.173424 , 0.282371 , 0.20256 , 0.204362 , 0.364024 , 0.184418 , 0.221473 , 0.186639 , 0.230724 , 0.139803 , 0.618904 , 0.469265 , 1.29612 , 0.294711 , 0.138444 , 0.388522 , 0.252808 , 0.394826 , 0.45348 , 0.323683 , 0.327139 , 0.236757 , 0.251856 , 0.739123 , 0.2819 , 0.243787 , 0.20975 , 0.21946 , 0.38572 , 0.800034 , 0.229839 , 0.222977 , 0.165159 , 0.440764 , 0.242991 , 0.150771 , 0.211525 , 0.290766 , 0.201063 , 0.293646 , 0.303156 , 0.307487 , 0.204655 , 0.212779 , 0.286989 , 0.128991 , 0.30818 , 1.32915 , 0.283513 , 0.500641 , 0.17931 , 0.213685 , 0.284493 , 0.279246 , 0.602433 , 0.282909 , 0.710955 , 0.412973 , 0.331069 , 0.26634 , 0.238312 , 0.753867 , 0.878039 , 0.116081 , 0.489338 , 0.180631 , 0.343379 , 0.19961 , 0.0884688 , 0.280333 , 0.344088 , 0.258161 , 0.155903 , 0.440776 , 0.615642 , 0.199947 , 0.85106 , 0.484471 , 0.206639 , 0.341096 , 0.282555 , 0.501312 , 0.175134 , 0.156034 , 0.416923 , 0.482683 , 0.28706 , 0.21459 , 0.252685 , 0.255424 , 0.192457 , 0.154582 , 0.258609 , 0.14678 , 0.314163 , 0.37088 , 0.33619 , 0.239769 , 0.497876 , 0.16271 , 0.480614 , 0.306348 , 0.877762 , 0.240277 , 0.322573 , 0.263887 , 0.252188 , 0.166417 , 0.257955 , 0.469963 , 0.220631 , 0.434428 , 0.288144 , 0.263198 , 0.336877 , 0.47599 , 0.429503 , 0.189753 , 0.133849 , 0.223902 , 0.254196 , 0.346872 , 0.238857 , 0.61716 , 0.221722 , 0.305544 , 0.560213 , 0.463056 , 0.264993 , 0.121518 , 0.635213 , 0.2188 , 0.332539 , 0.334243 , 0.196216 , 0.163515 , 0.253554 , 0.15374 , 0.184527 , 0.372332 , 0.29396 , 0.159213 , 0.293829 , 0.246616 , 0.134511 , 0.113443 , 0.13294 , 0.190944 , 0.342227 , 0.251403 , 0.262319 , 0.119092 , 0.392832 , 0.111328 , 0.431214 , 0.122549 , 0.586803 , 0.187993 , 1.22206 , 0.166942 , 0.341927 , 0.359611 , 0.167071 , 0.41312 , 0.322435 , 0.284206 , 0.196975 , 0.587154 , 0.315519 , 0.308639 , 0.227179 , 0.394058 , 0.48821 , 0.191218 , 0.621552 , 0.206121 , 0.224632 , 0.591378 , 0.454655 , 0.263213 , 0.4269 , 0.426191 , 0.320883 , 0.249472 , 0.22785 , 0.307976 , 0.313962 , 0.154798 , 0.139985 , 0.331864 , 0.397556 , 0.349511 , 0.360634 , 0.344091 , 0.217961 , 0.156699 , 0.487559 , 0.262384 , 0.110588 , 0.720984 , 0.184793 , 0.163588 , 0.246641 , 0.142137 , 0.231299 , 0.322439 , 0.18896 , 0.139069 , 0.23375 , 0.239327 , 0.268129 , 0.186039 , 0.209366 , 0.18031 , 0.312272 , 0.37317 , 0.166724 , 0.134456 , 0.242935 , 0.280787 , 0.488493 , 0.13481 , 0.300631 , 0.210262 , 0.560852 , 0.262106 , 0.43492 , 0.344705 , 0.463396 , 0.300459 , 0.213146 , 0.322126 , 0.249955 , 0.446003 , 0.276532 , 0.271241 , 0.282961 , 0.169415 , 0.299793 , 0.201256 , 0.374307 , 0.384069 , 0.358879 , 0.450473 , 0.251533 , 0.247326 , 0.252796 , 0.32424 , 0.237673 , 0.772366 , 0.17763 , 0.302085 , 0.363539 , 0.362045 , 0.325205 , 0.140848 , 0.243817 , 0.458455 , 0.437064 , 0.290493 , 0.198117 , 0.478099 , 0.315045 , 1.23142 , 0.638957 , 0.315323 , 0.433087 , 0.48306 , 0.275329 , 0.891949 , 0.201219 , 0.240999 , 0.230211 , 0.248006 , 0.380752 , 0.411233 , 0.41415 , 0.351535 , 0.472049 , 0.416809 , 0.584739 , 0.249949 , 0.41866 , 0.325149 , 0.316219 , 0.328457 , 0.397198 , 0.573364 , 0.675362 , 0.261597 , 0.204072 , 0.25733 , 0.317456 , 0.277873 , 0.174425 , 0.256733 , 0.243365 , 0.318706 , 1.04667 , 0.641123 , 0.323721 , 0.517409 , 0.371708 , 0.343783 , 0.269881 , 0.435177 , 0.215732 , 0.31036 , 0.35021 , 0.367565 , 0.31343 , 0.149267 , 0.352287 , 0.173456 , 0.0778325 , 0.171964 , 0.356888 , 0.237194 , 0.281484 , 0.307255 , 0.328441 , 0.422774 , 0.277409 , 0.21704 , 0.255393 , 0.366967 , 0.235435 , 0.292442 , 0.25407 , 0.310355 , 0.148946 , 0.232016 , 0.228724 , 0.400931 , 0.290861 , 0.259993 , 0.503723 , 0.379933 , 0.201118 , 0.358645 , 0.207401 , 0.140072 , 0.613378 , 0.191218 , 0.19738 , 0.142651 , 0.175369 , 0.0578244 , 0.224096 , 0.178799 , 0.127704 , 0.0569957 , 0.46 , 0.190127 , 0.384467 , 0.39393 , 0.118551 , 0.377805 , 0.123074 , 0.425624 , 0.0952271 , 0.361253 , 0.239004 , 0.382575 , 0.289896 , 0.327532 , 0.17228 , 0.285965 , 0.205563 , 0.235755 , 0.161795 , 0.151736 , 0.268974 , 0.1705 , 0.174299 , 0.969459 , 0.297326 , 0.459509 , 0.108781 , 0.275593 , 0.242942 , 0.204994 , 0.262645 , 0.122143 , 0.448669 , 0.203263 , 0.293694 , 0.237278 , 0.302386 , 0.24549 , 0.336941 , 1.01755 , 0.10525 , 0.336323 , 0.293629 , 0.152617 , 0.225425 , 0.368991 , 0.202843 , 0.138167 , 0.367782 , 0.323617 , 0.318673 , 0.141587 , 0.100046 , 0.203239 , 0.220318 , 0.491449 , 0.286867 , 0.177208 , 0.450833 , 0.254719 , 0.250728 , 0.153014 , 0.277972 , 0.269179 , 0.518299 , 0.403995 , 0.276987 , 0.239432 , 0.300574 , 0.298676 , 0.571247 , 0.214667 , 0.353376 , 0.313641 , 0.185918 , 0.459978 , 0.386277 , 0.463947 , 0.230555 , 0.185194 , 0.195735 , 0.272613 , 0.235951 , 0.200455 , 0.371269 , 0.201532 , 0.159653 , 0.207259 , 0.235858 , 0.204029 , 0.209412 , 0.242974 , 0.328675 , 0.263942 , 0.233355 , 0.303011 , 0.309657 , 0.332957 , 0.329153 , 0.301504 , 0.132802 , 1.00131 , 0.447513 , 0.470595 , 0.449694 , 0.217664 , 0.438786 , 0.18077 , 0.554444 , 0.728586 , 0.468272 , 0.286381 , 0.336874 , 0.192651 , 0.333189 , 0.397729 , 0.227875 , 0.640097 , 0.199165 , 0.336313 , 0.755362 , 0.270917 , 0.180782 , 0.145822 , 0.398832 , 0.210046 , 0.262646 , 0.334553 , 0.842312 , 0.24757 , 0.344928 , 0.232769 , 0.289483 , 0.323832 , 0.209609 , 0.241259 , 0.163958 , 0.257647 , 0.186245 , 0.427445 , 0.270225 , 0.851281 , 0.170168 , 0.623784 , 0.219387 , 0.17031 , 0.244877 , 0.183934 , 0.24241 , 0.369665 , 0.355773 , 0.24193 , 0.279656 , 0.160679 , 0.201293 , 0.542897 , 0.196697 , 0.179654 , 0.150098 , 0.0875682 , 0.322887 , 0.251346 , 0.275382 , 0.24655 , 0.272952 , 0.146726 , 0.174649 , 0.227416 , 0.378234 , 0.357305 , 0.239354 , 0.292345 , 0.184241 , 0.35233 , 0.289987 , 0.245612 , 0.259912 , 0.386417 , 0.274698 , 0.174715 , 0.43989 , 0.223996 , 0.213589 , 0.77615 , 0.237119 , 0.282791 , 0.166954 , 0.406182 , 0.149663 , 0.28947 , 0.338197 , 0.28602 , 0.396996 , 0.183949 , 0.250796 , 0.251995 , 0.221182 , 0.422738 , 0.382358 , 0.300773 , 0.159239 , 0.320586 , 0.211325 , 0.134376 , 0.383931 , 0.517136 , 0.173124 , 0.324894 , 0.152504 , 0.189161 , 0.11646 , 0.232798 , 0.421885 , 0.278321 , 0.258163 , 0.391294 , 0.546378 , 0.267192 , 0.382137 , 0.599638 , 0.171723 , 0.830522 , 0.355822 , 0.478127 , 0.147353 , 0.338444 , 0.275199 , 0.444023 , 0.457145 , 0.183613 , 0.283531 , 0.203425 , 0.237093 , 0.266139 , 0.38508 , 0.234307 , 0.380391 , 0.368452 , 0.428451 , 0.272648 , 0.328236 , 0.323965 , 0.218742 , 0.424171 , 0.460332 , 0.24848 , 0.559318 , 0.438789 , 0.225641 , 0.254102 , 0.206937 , 0.267293 , 0.333881 , 0.160083 , 0.303553 , 0.200572 , 0.721316 , 0.259632 , 0.437525 , 0.376358 , 0.137591 , 0.27432 , 0.210069 , 0.121437 , 0.178024 , 0.466109 , 0.455737 , 0.794321 , 0.274142 , 0.258922 , 0.102107 , 0.457343 , 0.281432 , 0.501212 , 0.245851 , 0.28467 , 0.418219 , 0.0539817 , 0.224091 , 0.327006 , 0.550484 , 0.315202 , 0.206045 , 0.468957 , 0.995226 , 0.518482 , 0.461369 , 0.228789 , 0.691084 , 0.416315 , 0.336609 , 0.257347 , 0.211987 , 0.155961 , 0.342467 , 0.153984 , 0.100583 , 0.299765 , 0.210768 , 0.44637 , 