var1=[0.103694 , 0.112216 , 0.142508 , 0.092603 , 0.289791 , 0.103062 , 0.146518 , 0.0706305 , 0.19156 , 0.130721 , 0.160231 , 0.126853 , 0.110179 , 0.174716 , 0.0987924 , 0.175836 , 0.135196 , 0.173142 , 0.13175 , 0.0670421 , 0.173193 , 0.0671986 , 0.184679 , 0.220611 , 0.313972 , 0.145889 , 0.111811 , 0.156788 , 0.311366 , 0.0674073 , 0.196836 , 0.13111 , 0.244321 , 0.190216 , 0.191598 , 0.100223 , 0.0980959 , 0.123562 , 0.104967 , 0.151487 , 0.15894 , 0.121072 , 0.125586 , 0.268118 , 0.189559 , 0.0988387 , 0.130878 , 0.244242 , 0.153014 , 0.0917424 , 0.192269 , 0.192205 , 0.0983913 , 0.122148 , 0.158021 , 0.18371 , 0.342935 , 0.224145 , 0.162675 , 0.197297 , 0.24363 , 0.168774 , 0.21099 , 0.124156 , 0.191464 , 0.147138 , 0.24283 , 0.204784 , 0.127535 , 0.107994 , 0.194403 , 0.120329 , 0.211339 , 0.308588 , 0.282923 , 0.122085 , 0.14601 , 0.171934 , 0.132481 , 0.147003 , 0.23818 , 0.126308 , 0.238474 , 0.268054 , 0.246775 , 0.25993 , 0.211055 , 0.359307 , 0.137537 , 0.315637 , 0.225329 , 0.106001 , 0.123894 , 0.120658 , 0.124205 , 0.160727 , 0.100742 , 0.245139 , 0.189745 , 0.0934731 , 0.262912 , 0.275768 , 0.155893 , 0.125323 , 0.192773 , 0.26044 , 0.224326 , 0.146473 , 0.075513 , 0.325382 , 0.152997 , 0.184179 , 0.0780594 , 0.120459 , 0.110022 , 0.178588 , 0.264434 , 0.104713 , 0.17206 , 0.195612 , 0.197059 , 0.178439 , 0.153717 , 0.0895865 , 0.224161 , 0.0990611 , 0.121764 , 0.232813 , 0.0979125 , 0.143399 , 0.0945966 , 0.0636343 , 0.163178 , 0.308523 , 0.279509 , 0.28215 , 0.280402 , 0.196566 , 0.308589 , 0.243305 , 0.154358 , 0.124949 , 0.153482 , 0.173922 , 0.201888 , 0.225581 , 0.197912 , 0.188429 , 0.2292 , 0.197065 , 0.238935 , 0.174091 , 0.352669 , 0.207689 , 0.243764 , 0.100744 , 0.143768 , 0.138055 , 0.0950659 , 0.521936 , 0.0840077 , 0.143046 , 0.252819 , 0.104277 , 0.268733 , 0.141708 , 0.215854 , 0.156567 , 0.201628 , 0.173969 , 0.130594 , 0.145497 , 0.285619 , 0.134464 , 0.104001 , 0.150785 , 0.231001 , 0.284083 , 0.169672 , 0.292264 , 0.315348 , 0.151139 , 0.146127 , 0.11482 , 0.122293 , 0.238672 , 0.112866 , 0.129556 , 0.217895 , 0.144374 , 0.272335 , 0.451602 , 0.102349 , 0.18406 , 0.110958 , 0.164312 , 0.229025 , 0.175127 , 0.180004 , 0.387701 , 0.0944556 , 0.088213 , 0.419963 , 0.113371 , 0.0924079 , 0.181061 , 0.194094 , 0.326557 , 0.173942 , 0.0907471 , 0.211816 , 0.0771537 , 0.120147 , 0.254755 , 0.229585 , 0.317903 , 0.150091 , 0.158227 , 0.10286 , 0.167965 , 0.0865866 , 0.241521 , 0.325601 , 0.0877877 , 0.141226 , 0.336839 , 0.111192 , 0.157825 , 0.102522 , 0.0746996 , 0.146378 , 0.157309 , 0.308499 , 0.294097 , 0.103429 , 0.120162 , 0.166007 , 0.083705 , 0.147483 , 0.202196 , 0.335999 , 0.136858 , 0.447793 , 0.145861 , 0.118222 , 0.0984295 , 0.222165 , 0.0674858 , 0.197992 , 0.281438 , 0.366153 , 0.206406 , 0.275472 , 0.266962 , 0.231204 , 0.210927 , 0.043808 , 0.126949 , 0.123909 , 0.280235 , 0.254758 , 0.188807 , 0.191019 , 0.166028 , 0.175655 , 0.147641 , 0.263469 , 0.110665 , 0.223498 , 0.121461 , 0.0844505 , 0.264648 , 0.109843 , 0.0947958 , 0.28511 , 0.190626 , 0.0921663 , 0.16232 , 0.159753 , 0.232594 , 0.12265 , 0.156093 , 0.0783699 , 0.280228 , 0.163172 , 0.125824 , 0.122526 , 0.0988392 , 0.207945 , 0.107126 , 0.117264 , 0.303787 , 0.066767 , 0.136639 , 0.281389 , 0.224309 , 0.10323 , 0.0844083 , 0.111633 , 0.100806 , 0.161127 , 0.277702 , 0.11978 , 0.0613345 , 0.0803722 , 0.0877381 , 0.573886 , 0.0897978 , 0.124081 , 0.169469 , 0.186366 , 0.0577869 , 0.132343 , 0.0898867 , 0.126581 , 0.0987919 , 0.149544 , 0.0979308 , 0.18434 , 0.114866 , 0.0980156 , 0.268717 , 0.144447 , 0.211326 , 0.162045 , 0.1363 , 0.101817 , 0.112269 , 0.153595 , 0.119306 , 0.12192 , 0.129504 , 0.153974 , 0.117971 , 0.211509 , 0.148446 , 0.329268 , 0.0828238 , 0.185534 , 0.0425631 , 0.130469 , 0.118706 , 0.0989019 , 0.0839658 , 0.129027 , 0.137803 , 0.176767 , 0.290811 , 0.117617 , 0.178186 , 0.343639 , 0.153667 , 0.121948 , 0.231193 , 0.166611 , 0.362711 , 0.130084 , 0.143732 , 0.137525 , 0.427958 , 0.148764 , 0.141828 , 0.139228 , 0.155036 , 0.11621 , 0.285569 , 0.136814 , 0.141537 , 0.274986 , 0.253936 , 0.177983 , 0.158539 , 0.0857268 , 0.0701027 , 0.121781 , 0.24837 , 0.136826 , 0.070764 , 0.120285 , 0.236554 , 0.0870787 , 0.232575 , 0.0995993 , 0.279838 , 0.0759111 , 0.207329 , 0.145984 , 0.12774 , 0.0952404 , 0.214844 , 0.207899 , 0.206376 , 0.0775536 , 0.0461002 , 0.0914025 , 0.1205 , 0.19813 , 0.187879 , 0.152593 , 0.0889849 , 0.110219 , 0.141973 , 0.0837811 , 0.152527 , 0.296147 , 0.104215 , 0.140652 , 0.118416 , 0.101587 , 0.201136 , 0.0913227 , 0.0762328 , 0.137438 , 0.156191 , 0.311002 , 0.154073 , 0.249346 , 0.152813 , 0.134936 , 0.177341 , 0.0905963 , 0.143444 , 0.173397 , 0.0787629 , 0.230666 , 0.0883895 , 0.0800066 , 0.0891707 , 0.237963 , 0.112113 , 0.243505 , 0.169453 , 0.194688 , 0.28692 , 0.134956 , 0.121936 , 0.113366 , 0.136001 , 0.127785 , 0.471079 , 0.274355 , 0.170813 , 0.213205 , 0.176799 , 0.157951 , 0.122959 , 0.222413 , 0.0762599 , 0.0963641 , 0.159693 , 0.089984 , 0.246947 , 0.267733 , 0.113313 , 0.171275 , 0.158423 , 0.0982196 , 0.174641 , 0.145109 , 0.128264 , 0.0911987 , 0.0853615 , 0.0879382 , 0.0918673 , 0.134739 , 0.31421 , 0.167896 , 0.116807 , 0.119502 , 0.130622 , 0.224657 , 0.236399 , 0.241717 , 0.261185 , 0.207863 , 0.132509 , 0.444065 , 0.21902 , 0.271959 , 0.0871548 , 0.110973 , 0.114762 , 0.164276 , 0.161182 , 0.0830507 , 0.0759694 , 0.0494466 , 0.0893897 , 0.205183 , 0.134865 , 0.111763 , 0.109742 , 0.119434 , 0.0823861 , 0.139665 , 0.155374 , 0.0667962 , 0.176638 , 0.154761 , 0.20177 , 0.102651 , 0.103409 , 0.168633 , 0.10324 , 0.150882 , 0.187714 , 0.160151 , 0.110335 , 0.151578 , 0.192847 , 0.138834 , 0.262245 , 0.0604181 , 0.111532 , 0.164043 , 0.20882 , 0.159744 , 0.102914 , 0.217785 , 0.315594 , 0.321103 , 0.265583 , 0.122276 , 0.31834 , 0.232806 , 0.184587 , 0.341853 , 0.14755 , 0.203816 , 0.16168 , 0.284479 , 0.10457 , 0.172291 , 0.161738 , 0.184361 , 0.123896 , 0.2201 , 0.130581 , 0.222304 , 0.114006 , 0.228254 , 0.114946 , 0.449221 , 0.352758 , 0.0824491 , 0.193825 , 0.0769369 , 0.205747 , 0.0684278 , 0.117937 , 0.139587 , 0.180715 , 0.115093 , 0.121281 , 0.14067 , 0.114881 , 0.448157 , 0.276525 , 0.145413 , 0.1048 , 0.130863 , 0.250759 , 0.179595 , 0.133559 , 0.207792 , 0.123227 , 0.106368 , 0.260376 , 0.109959 , 0.148197 , 0.0776393 , 0.196973 , 0.195235 , 0.305605 , 0.325266 , 0.267695 , 0.12717 , 0.0821022 , 0.196163 , 0.124952 , 0.278753 , 0.141073 , 0.125756 , 0.144362 , 0.264828 , 0.158865 , 0.284576 , 0.19649 , 0.169466 , 0.0742964 , 0.155625 , 0.223115 , 0.109798 , 0.142959 , 0.200147 , 0.138404 , 0.242738 , 0.133147 , 0.128986 , 0.11426 , 0.0821398 , 0.285823 , 0.158194 , 0.206942 , 0.178265 , 0.196938 , 0.144608 , 0.254322 , 0.114347 , 0.200852 , 0.135006 , 0.127006 , 0.0920629 , 0.173478 , 0.151934 , 0.0920935 , 0.165032 , 0.069968 , 0.13713 , 0.0913491 , 0.404509 , 0.247602 , 0.073019 , 0.118284 , 0.315299 , 0.0941492 , 0.114812 , 0.196942 , 0.26455 , 0.386037 , 0.0767651 , 0.140416 , 0.262034 , 0.17082 , 0.248206 , 0.123512 , 0.216848 , 0.0978775 , 0.187318 , 0.106166 , 0.0992731 , 0.137657 , 0.192464 , 0.101206 , 0.254564 , 0.388216 , 0.158812 , 0.176041 , 0.138472 , 0.135286 , 0.0911147 , 0.138226 , 0.0831109 , 0.242942 , 0.128286 , 0.148882 , 0.440376 , 0.285368 , 0.128618 , 0.0973504 , 0.210189 , 0.116812 , 0.0890619 , 0.169063 , 0.17778 , 0.0783572 , 0.160975 , 0.145982 , 0.255341 , 0.105784 , 0.106381 , 0.0914215 , 0.222382 , 0.221909 , 0.16022 , 0.122878 , 0.135865 , 0.0835607 , 0.31953 , 0.236948 , 0.223783 , 0.153039 , 0.175938 , 0.137041 , 0.180522 , 0.106451 , 0.138844 , 0.229115 , 0.121923 , 0.136668 , 0.186376 , 0.137186 , 0.303192 , 0.116581 , 0.109691 , 0.155763 , 0.213172 , 0.165669 , 0.0694418 , 0.188253 , 0.154425 , 0.128488 , 0.212734 , 0.182899 , 0.130751 , 0.192984 , 0.189907 , 0.10506 , 0.148468 , 0.262426 , 0.196961 , 0.167273 , 0.121047 , 0.138654 , 0.20768 , 0.124714 , 0.164539 , 0.110049 , 0.205104 , 0.17564 , 0.0636872 , 0.143819 , 0.0803837 ,