var1=[46.4886 , 72.696 , 48.887 , 99.2223 , 38.9407 , 43.8541 , 88.4506 , 50.4892 , 43.3409 , 59.9878 , 82.6185 , 48.0387 , 86.8226 , 39.1323 , 43.1508 , 28.9337 , 67.1936 , 74.9678 , 30.0913 , 48.9685 , 54.803 , 38.8792 , 50.1928 , 71.2479 , 40.9561 , 58.4609 , 29.9395 , 37.9652 , 37.9848 , 58.9189 , 55.1181 , 52.3609 , 69.6649 , 58.8175 , 53.0006 , 69.7948 , 89.2456 , 47.2889 , 82.6335 , 48.8507 , 76.2892 , 47.2412 , 75.3802 , 56.8836 , 58.3463 , 39.6607 , 48.8226 , 65.3715 , 133.412 , 44.5198 , 42.4284 , 61.8609 , 48.2579 , 67.0119 , 44.0341 , 54.6807 , 47.5696 , 61.3007 , 27.6134 , 64.0248 , 38.4677 , 69.9515 , 50.3939 , 44.7954 , 38.8533 , 73.8116 , 69.6019 , 35.6259 , 42.6814 , 28.8878 , 89.7586 , 61.5278 , 55.8163 , 63.0946 , 62.3922 , 78.3254 , 47.7171 , 49.9231 , 39.8476 , 70.207 , 40.1087 , 58.9755 , 52.3206 , 81.2275 , 65.7369 , 45.2864 , 86.5935 , 30.8272 , 97.8295 , 75.2727 , 61.2794 , 26.3192 , 42.4542 , 43.4489 , 63.179 , 91.3115 , 52.6384 , 39.1909 , 31.2545 , 57.7267 , 42.9476 , 70.051 , 24.1264 , 59.1152 , 55.8774 , 39.9389 , 59.2802 , 49.06 , 50.9702 , 53.5071 , 39.4398 , 69.2372 , 79.4662 , 59.9743 , 41.6601 , 84.8172 , 42.8586 , 43.5252 , 54.5067 , 66.6164 , 136.854 , 55.5554 , 39.0397 , 48.9116 , 57.0917 , 34.8343 , 36.7491 , 55.3802 , 49.7898 , 62.5535 , 47.9368 , 45.1059 , 47.8245 , 57.5181 , 65.3075 , 96.3298 , 75.251 , 58.9009 , 55.074 , 67.4026 , 77.4596 , 34.1634 , 85.6882 , 55.5678 , 54.1596 , 71.0609 , 69.2466 , 57.7576 , 63.04 , 36.6086 , 49.1589 , 61.4321 , 56.0705 , 39.3702 , 26.1015 , 49.1273 , 48.3162 , 43.3561 , 70.8984 , 44.4741 , 59.9803 , 46.2488 , 52.4151 , 78.2821 , 52.3222 , 48.2537 , 46.9721 , 51.7237 , 40.0455 , 109.499 , 24.5582 , 60.0872 , 46.6406 , 90.1106 , 62.5511 , 53.2487 , 85.7936 , 39.5476 , 60.6834 , 30.95 , 56.8529 , 76.433 , 49.3377 , 104.401 , 45.4246 , 93.4734 , 35.5173 , 44.0413 , 40.2297 , 43.771 , 64.0286 , 81.2107 , 95.1479 , 56.1882 , 58.3044 , 100.984 , 57.8994 , 62.4575 , 29.764 , 47.4481 , 39.4368 , 71.6543 , 59.2042 , 51.0203 , 72.75 , 57.7983 , 43.3209 , 85.6704 , 44.6034 , 47.2906 , 52.5919 , 38.6139 , 95.8754 , 81.4102 , 64.0265 , 62.9097 , 45.7592 , 54.8188 , 55.0886 , 104.013 , 67.1285 , 27.5725 , 55.1883 , 54.6414 , 86.8661 , 60.4428 , 50.3687 , 69.1341 , 53.3092 , 85.6908 , 71.1553 , 52.6427 , 146.328 , 69.243 , 51.6871 , 55.029 , 50.7821 , 58.8293 , 52.1893 , 47.9702 , 58.7923 , 36.7721 , 33.5669 , 68.3924 , 71.1992 , 54.0608 , 33.7596 , 56.0114 , 36.8517 , 86.9209 , 36.7468 , 46.3721 , 49.131 , 57.0855 , 60.2204 , 67.7625 , 64.8669 , 35.9012 , 68.9618 , 49.1257 , 74.666 , 57.7212 , 38.3345 , 20.3154 , 42.7996 , 58.82 , 79.5664 , 47.9322 , 66.3711 , 84.4314 , 34.8714 , 35.8792 , 83.6108 , 71.618 , 46.2656 , 49.6182 , 51.8782 , 37.2335 , 60.0058 , 68.4323 , 64.8373 , 36.5282 , 27.8801 , 42.4783 , 79.7389 , 74.7265 , 111.383 , 54.3458 , 69.5319 , 35.551 , 71.3332 , 28.7744 , 51.9238 , 48.8085 , 72.2135 , 50.0192 , 31.0173 , 75.3441 , 25.4404 , 60.3478 , 99.8082 , 47.4096 , 45.5817 , 59.7681 , 28.9665 , 95.3508 , 59.4588 , 44.8194 , 57.1862 , 77.8867 , 56.8177 , 51.8269 , 81.9397 , 47.4579 , 54.2466 , 23.8194 , 72.3655 , 51.7608 , 39.7304 , 84.6769 , 58.0903 , 37.5729 , 43.5493 , 63.4566 , 49.7439 , 47.6199 , 50.8491 , 119.145 , 48.4302 , 76.9563 , 45.5958 , 40.9853 , 103.535 , 79.6292 , 48.4156 , 40.2642 , 75.3957 , 66.4685 , 45.6169 , 52.6571 , 44.7128 , 89.8242 , 68.034 , 54.9657 , 40.3845 , 42.6467 , 59.4975 , 44.3158 , 47.3075 , 66.7737 , 46.4502 , 61.5208 , 80.8455 , 50.2005 , 60.9304 , 77.9489 , 56.5143 , 38.0841 , 67.3041 , 41.1518 , 77.9641 , 92.3682 , 27.9221 , 57.3582 , 63.2819 , 47.8997 , 47.4698 , 33.287 , 101.2 , 60.189 , 26.8034 , 89.7194 , 62.5808 , 73.6901 , 50.9924 , 34.3973 , 56.3136 , 59.76 , 44.0366 , 48.5136 , 49.7578 , 94.5371 , 25.7415 , 87.5852 , 49.5645 , 63.9684 , 36.7811 , 69.7854 , 35.2145 , 121.731 , 49.859 , 58.2421 , 82.131 , 47.6743 , 67.5267 , 39.6211 , 96.547 , 91.4759 , 61.7808 , 83.3755 , 44.3098 , 45.4832 , 95.4423 , 40.8545 , 80.4398 , 60.4787 , 76.3282 , 34.3146 , 48.5301 , 57.6519 , 64.326 , 24.9955 , 74.1733 , 59.2337 , 80.929 , 31.4187 , 91.8537 , 60.8394 , 36.3988 , 57.7975 , 87.8043 , 61.4248 , 57.5184 , 32.2179 , 65.0605 , 50.554 , 36.1011 , 64.0108 , 80.2264 , 81.3497 , 50.9007 , 37.6878 , 67.3056 , 68.9415 , 86.2742 , 53.6904 , 39.6048 , 48.486 , 66.0811 , 30.2357 , 36.8543 , 42.5717 , 97.7069 , 62.1239 , 48.9698 , 52.8193 , 40.3241 , 30.3246 , 76.7978 , 75.8769 , 79.9215 , 113.32 , 92.0583 , 52.2686 , 80.9688 , 43.7824 , 55.3982 , 70.4061 , 74.9352 , 63.7942 , 31.6731 , 102.644 , 44.9501 , 59.8122 , 56.6446 , 40.8733 , 74.9961 , 68.7016 , 75.1145 , 33.4658 , 40.0978 , 76.8689 , 112.879 , 65.529 , 86.8029 , 43.1329 , 46.1749 , 47.0969 , 60.3089 , 55.4409 , 71.5863 , 59.6668 , 68.9797 , 102.269 , 125.229 , 70.3502 , 60.6365 , 35.9572 , 87.029 , 54.1989 , 63.4309 , 62.4183 , 59.2253 , 45.5933 , 53.5256 , 50.1318 , 55.0037 , 96.0965 , 61.2173 , 75.9263 , 63.9822 , 54.5972 , 57.7003 , 62.5607 , 52.441 , 53.9294 , 44.3653 , 70.4166 , 43.6286 , 46.4939 , 72.618 , 67.3495 , 55.9534 , 37.3507 , 52.2103 , 47.9028 , 43.0859 , 61.6173 , 72.6298 , 61.1125 , 78.833 , 45.4822 , 45.3267 , 45.5898 , 63.2818 , 28.9472 , 46.7317 , 60.8521 , 50.3055 , 42.808 , 58.2649 , 62.5641 , 58.0387 , 48.2148 , 51.0039 , 50.2581 , 50.8486 , 99.0721 , 38.7122 , 46.1383 , 52.5699 , 49.4592 , 32.4877 , 29.4806 , 45.6825 , 76.3018 , 42.0515 , 32.4168 , 74.1284 , 49.6382 , 126.771 , 41.7645 , 109.169 , 78.471 , 79.1823 , 48.4163 , 26.5184 , 36.8491 , 59.8632 , 58.0166 , 42.1122 , 61.6183 , 38.688 , 42.1 , 33.7862 , 44.398 , 78.6579 , 59.9012 , 46.9964 , 65.7211 , 55.027 , 76.2734 , 83.8266 , 66.896 , 48.9219 , 41.3913 , 70.1643 , 65.6912 , 27.8561 , 32.0446 , 60.0056 , 76.5034 , 78.6053 , 61.8691 , 74.765 , 58.473 , 59.1314 , 77.6241 , 107.694 , 37.427 , 54.9863 , 49.4673 , 60.5274 , 89.2161 , 39.7763 , 73.0881 , 41.4324 , 40.199 , 95.0488 , 83.9566 , 61.8364 , 40.5625 , 43.178 , 85.286 , 58.4725 , 52.7959 , 44.1909 , 76.8724 , 32.6767 , 44.2228 , 63.0755 , 68.9247 , 40.7733 , 51.274 , 59.3139 , 42.7856 , 62.6897 , 57.6674 , 64.2153 , 97.8894 , 52.2068 , 40.011 , 67.6363 , 67.0278 , 75.7606 , 45.3999 , 49.0029 , 84.1939 , 58.0594 , 61.2369 , 81.3255 , 47.6564 , 49.7937 , 27.7021 , 73.9023 , 50.8539 , 38.4599 , 65.3149 , 111.698 , 37.1121 , 39.6252 , 79.2871 , 65.476 , 63.7177 , 41.0234 , 55.5256 , 61.6889 , 62.957 , 46.3038 , 81.9333 , 47.7836 , 69.5994 , 47.5332 , 40.265 , 45.1758 , 103.603 , 94.1548 , 117.812 , 34.7598 , 62.5024 , 50.6909 , 78.0036 , 47.4115 , 34.1571 , 70.6615 , 110.424 , 64.4411 , 60.2368 , 108.214 , 70.3191 , 55.8089 , 78.5181 , 64.6478 , 66.2608 , 66.2316 , 74.4613 , 66.2049 , 79.0534 , 68.1603 , 31.874 , 59.2827 , 44.3696 , 74.7684 , 73.1149 , 43.5944 , 49.0496 , 37.1738 , 49.3943 , 29.8655 , 55.663 , 71.5322 , 83.8146 , 83.3645 , 58.16 , 34.8566 , 52.4106 , 66.0162 , 55.5389 , 39.1205 , 81.0985 , 62.1723 , 46.3601 , 87.0989 , 48.3277 , 42.6919 , 40.7174 , 57.354 , 43.9609 , 61.7425 , 60.6543 , 54.1575 , 67.3661 , 37.9717 , 36.6956 , 90.1045 , 94.0232 , 63.7554 , 72.2029 , 72.3353 , 61.2027 , 36.767 , 57.0139 , 89.9285 , 51.643 , 37.4823 , 80.239 , 64.4714 , 58.228 , 71.3237 , 87.9746 , 50.8033 , 57.0239 , 53.893 , 44.3101 , 82.7618 , 69.2857 , 64.0301 , 46.0213 , 64.4504 , 57.8139 , 47.8456 , 31.7655 , 60.9335 , 45.4454 , 23.2448 , 73.1717 , 51.8062 , 71.3871 , 63.1058 , 75.8617 , 49.524 , 47.9589 , 100.847 , 53.2203 , 59.2818 , 62.9284 , 61.7856 , 60.6278 , 47.5228 , 36.6709 , 90.6498 , 52.2157 , 68.2497 , 98.6612 , 90.5601 , 70.0332 , 56.5107 , 44.1908 , 41.3846 , 61.9591 , 57.4065 , 45.3427 , 89.4546 , 52.6172 , 75.3384 , 55.0959 , 55.4547 , 85.2856 , 112 , 72.0383 , 72.9516 , 42.5746 , 69.7346 , 62.6726 , 52.8333 , 40.7225 , 41.9169 , 47.7941 , 56.8942 , 86.5909 , 49.2834 , 36.7686 , 55.861 , 81.8877 , 57.5269 , 77.0731 , 57.0727 , 77.496 , 58.2298 , 41.2946 , 47.6799 , 66.5008 , 68.2855 , 38.35 , 57.5602 , 58.5865 , 49.8588 , 106.556 , 