var1=[32.4183 , 48.4926 , 78.4781 , 87.9795 , 42.2269 , 40.5617 , 66.1661 , 58.7283 , 36.0445 , 55.7568 , 51.9084 , 77.5496 , 50.8105 , 52.6501 , 67.2594 , 54.4785 , 43.43 , 63.9615 , 57.3263 , 40.5976 , 34.5137 , 36.6764 , 48.2931 , 49.0606 , 36.2147 , 48.9092 , 67.0758 , 41.7226 , 44.8475 , 48.2848 , 47.125 , 81.5545 , 60.9611 , 64.0074 , 47.1937 , 73.8563 , 41.025 , 43.0502 , 46.5684 , 68.7572 , 70.123 , 43.6524 , 105.567 , 78.0096 , 51.7315 , 63.3031 , 37.0762 , 47.155 , 80.0288 , 76.5258 , 53.9993 , 62.3082 , 25.4617 , 45.9002 , 75.6676 , 38.3807 , 58.4607 , 43.6435 , 53.6915 , 49.2252 , 38.0464 , 67.3628 , 65.2937 , 97.034 , 67.1491 , 54.0161 , 60.129 , 38.717 , 41.362 , 36.1445 , 29.7961 , 46.8144 , 89.4699 , 60.5929 , 36.5741 , 45.9362 , 79.2375 , 79.6997 , 35.2748 , 75.8646 , 52.9315 , 30.1753 , 56.3157 , 89.4764 , 58.3896 , 34.9061 , 49.9468 , 44.4053 , 55.123 , 45.7437 , 66.9053 , 44.9462 , 39.4979 , 30.3104 , 64.1349 , 43.767 , 35.3985 , 39.3192 , 67.8903 , 43.0581 , 38.8518 , 38.1982 , 83.7227 , 52.7656 , 59.2366 , 77.995 , 49.7558 , 39.8039 , 67.4218 , 45.1945 , 40.3878 , 75.0042 , 55.2528 , 40.5991 , 72.3338 , 66.1691 , 55.0744 , 40.1177 , 39.6233 , 54.893 , 42.0217 , 59.2666 , 26.2571 , 63.7509 , 61.5031 , 54.1705 , 52.9392 , 76.1221 , 31.8223 , 39.0546 , 29.9208 , 45.5637 , 76.6712 , 83.3416 , 63.3266 , 84.8414 , 86.7857 , 75.8812 , 98.1837 , 43.9046 , 65.0523 , 55.2847 , 32.9079 , 77.8965 , 34.9361 , 46.0238 , 44.5444 , 29.3223 , 44.2924 , 75.9754 , 80.7196 , 59.6499 , 44.7227 , 34.5958 , 51.2765 , 36.4945 , 66.5227 , 43.9296 , 61.8748 , 34.4058 , 53.1498 , 49.0545 , 44.9118 , 49.5141 , 32.0421 , 65.8249 , 57.8757 , 57.8287 , 47.2127 , 81.2927 , 61.1788 , 66.133 , 57.2868 , 45.3588 , 35.5372 , 86.0297 , 35.3533 , 36.6335 , 60.302 , 89.9195 , 35.2808 , 84.1216 , 63.9513 , 54.5745 , 41.8366 , 75.2668 , 40.0888 , 81.0109 , 39.7922 , 33.6615 , 48.0257 , 70.7616 , 51.93 , 35.098 , 54.7626 , 55.0652 , 45.5094 , 43.3655 , 65.1086 , 76.3854 , 29.7228 , 54.6518 , 44.5056 , 52.5479 , 44.9121 , 28.634 , 60.3002 , 71.2939 , 102.226 , 41.8252 , 75.8464 , 24.9497 , 91.9322 , 64.3953 , 42.5791 , 42.4089 , 32.4332 , 40.5694 , 95.498 , 54.4766 , 44.6598 , 84.5233 , 42.5351 , 35.9698 , 48.5091 , 48.4109 , 83.4399 , 40.6102 , 66.6371 , 43.3841 , 82.2542 , 62.5132 , 70.9393 , 72.4412 , 37.0782 , 31.3847 , 35.5188 , 54.2879 , 60.7077 , 65.3126 , 62.6366 , 65.6697 , 39.5743 , 45.5816 , 51.6171 , 53.5955 , 54.8583 , 53.6331 , 40.0645 , 83.7137 , 42.8419 , 62.8492 , 37.9635 , 31.8516 , 62.7118 , 36.5773 , 87.8493 , 77.1855 , 35.3289 , 57.1042 , 53.0543 , 45.0205 , 45.4457 , 34.6647 , 58.4266 , 40.8239 , 38.653 , 48.422 , 62.4706 , 39.2248 , 37.6878 , 57.0651 , 56.3219 , 50.9845 , 79.251 , 46.9203 , 56.0652 , 88.6991 , 70.462 , 58.4107 , 34.1053 , 38.9493 , 40.0353 , 59.1764 , 49.2161 , 45.7113 , 69.1032 , 35.9131 , 51.1135 , 44.678 , 67.5325 , 47.2042 , 43.8465 , 68.1061 , 95.8655 , 76.7856 , 38.6486 , 56.6673 , 77.5887 , 50.9561 , 63.2389 , 39.8238 , 46.576 , 60.3872 , 52.0953 , 56.2554 , 62.4084 , 59.5969 , 49.0292 , 47.9144 , 44.1051 , 37.9178 , 46.8592 , 79.0709 , 59.684 , 43.4831 , 39.9785 , 62.5192 , 30.4654 , 94.2138 , 87.506 , 42.3786 , 73.4723 , 82.0168 , 59.164 , 40.8901 , 42.6134 , 50.263 , 39.1122 , 59.0749 , 59.7927 , 57.309 , 36.2814 , 41.0436 , 41.0005 , 31.516 , 55.3592 , 48.0458 , 48.0378 , 38.4284 , 37.5257 , 42.0287 , 55.2924 , 36.1634 , 38.059 , 33.8571 , 35.5722 , 57.5595 , 57.9101 , 57.2247 , 68.3459 , 26.8617 , 84.0357 , 44.1804 , 80.2074 , 45.3861 , 75.4718 , 73.6721 , 49.0496 , 35.6176 , 47.5402 , 70.036 , 43.1251 , 28.3133 , 53.9657 , 42.0028 , 79.0684 , 49.3527 , 52.6096 , 75.0831 , 44.5281 , 31.7701 , 38.5499 , 48.1719 , 88.7125 , 41.9255 , 50.6479 , 60.4336 , 42.5362 , 33.0035 , 60.6915 , 53.0321 , 54.9782 , 89.5832 , 39.0328 , 64.7178 , 56.8101 , 96.014 , 83.4026 , 71.607 , 62.2463 , 82.9146 , 51.4161 , 40.9675 , 72.868 , 100.847 , 37.0468 , 43.8628 , 53.1568 , 70.1553 , 45.1843 , 45.2938 , 61.0169 , 42.9504 , 50.9926 , 46.9504 , 35.6344 , 57.3139 , 37.1989 , 47.9757 , 38.4851 , 50.439 , 81.2935 , 39.0481 , 50.3958 , 64.2604 , 49.412 , 57.6751 , 47.567 , 69.0334 , 36.4809 , 39.21 , 30.3021 , 51.2834 , 95.3748 , 23.7539 , 84.6779 , 54.3275 , 25.0884 , 53.4078 , 44.7221 , 76.5312 , 54.8307 , 52.2965 , 47.595 , 29.4972 , 49.8771 , 71.2893 , 44.3145 , 78.8517 , 32.532 , 40.8519 , 78.5727 , 36.868 , 54.3054 , 41.6505 , 66.198 , 64.1393 , 37.7723 , 42.4256 , 52.4277 , 90.9023 , 61.1106 , 38.4042 , 48.7243 , 91.1192 , 29.0155 , 36.1342 , 71.5173 , 75.6939 , 43.328 , 61.9386 , 61.2112 , 36.8808 , 59.2275 , 48.6882 , 61.8952 , 31.1672 , 51.2461 , 35.6157 , 78.6375 , 51.7416 , 63.5853 , 78.167 , 39.5843 , 40.1054 , 36.4682 , 63.8213 , 46.323 , 56.8479 , 48.2347 , 65.0631 , 59.5598 , 90.8561 , 65.3808 , 67.5821 , 49.3261 , 28.0418 , 49.2473 , 32.9539 , 80.1774 , 46.28 , 73.4767 , 62.7951 , 37.6167 , 68.597 , 62.4018 , 53.4042 , 75.4716 , 35.8665 , 50.2235 , 51.3647 , 50.6119 , 76.1467 , 71.7256 , 30.7341 , 40.2638 , 54.663 , 56.1707 , 48.3346 , 87.2547 , 39.0999 , 46.1985 , 49.1878 , 29.6411 , 54.5208 , 67.5884 , 53.6271 , 46.6931 , 80.2548 , 49.9648 , 49.1652 , 39.3164 , 34.4381 , 33.1108 , 27.3097 , 77.0283 , 55.0241 , 56.0174 , 42.4892 , 45.7265 , 73.7598 , 38.782 , 83.4189 , 57.3324 , 35.1514 , 58.5841 , 56.6433 , 57.5095 , 24.1329 , 65.3759 , 43.2181 , 36.0584 , 37.6935 , 51.8103 , 54.2616 , 20.7243 , 50.3601 , 57.1734 , 37.0263 , 30.6012 , 77.9152 , 42.7415 , 47.9781 , 36.2978 , 56.7159 , 111.965 , 42.8968 , 53.8146 , 39.381 , 42.4057 , 49.446 , 28.8876 , 34.0701 , 56.8429 , 50.9943 , 53.6689 , 32.9253 , 53.7529 , 36.1611 , 45.3058 , 38.1607 , 57.288 , 59.5783 , 39.1307 , 31.5359 , 37.8237 , 38.9225 , 42.108 , 59.0983 , 56.5436 , 38.3289 , 44.9755 , 26.3043 , 93.8179 , 58.6998 , 22.7443 , 62.621 , 71.0279 , 29.2536 , 46.8832 , 34.5196 , 31.439 , 61.9839 , 54.9562 , 71.928 , 46.222 , 42.8377 , 34.557 , 70.5042 , 74.0102 , 42.4597 , 54.7621 , 64.1543 , 75.701 , 89.3459 , 50.7254 , 57.247 , 40.7031 , 53.7455 , 33.8804 , 38.5367 , 43.2695 , 57.3932 , 38.4336 , 34.6844 , 66.0807 , 96.9327 , 45.0204 , 47.9025 , 38.4133 , 67.5843 , 44.9794 , 67.7589 , 60.6087 , 32.3382 , 50.1353 , 51.1865 , 93.726 , 36.9458 , 69.8451 , 74.6522 , 34.7497 , 30.3235 , 48.5238 , 41.6092 , 37.698 , 33.4702 , 52.3992 , 65.1886 , 42.7999 , 49.3327 , 52.7938 , 54.0217 , 63.5035 , 45.0381 , 50.8157 , 70.125 , 46.7215 , 56.1601 , 34.8172 , 45.3064 , 63.7538 , 45.1308 , 39.7398 , 56.9178 , 59.8133 , 51.8381 , 65.899 , 68.5393 , 85.587 , 78.7311 , 58.8678 , 35.9769 , 41.9161 , 36.1 , 67.5984 , 59.2076 , 51.1109 , 57.5979 , 53.4592 , 51.851 , 47.4196 , 50.085 , 31.5799 , 51.187 , 51.0457 , 36.2492 , 31.1751 , 53.4593 , 32.9421 , 55.7258 , 32.0351 , 48.3357 , 89.3432 , 29.8123 , 64.5475 , 46.7483 , 44.794 , 43.4719 , 59.1979 , 56.8623 , 51.3 , 56.0117 , 31.6309 , 68.1009 , 42.5182 , 46.0848 , 61.3516 , 65.5933 , 66.7342 , 58.4284 , 39.6787 , 67.6173 , 55.6387 , 65.0591 , 58.5531 , 65.7939 , 50.3657 , 79.5702 , 67.5518 , 72.3532 , 48.0368 , 84.4301 , 68.5354 , 64.176 , 71.4792 , 49.2704 , 69.8899 , 58.6494 , 35.3968 , 85.6439 , 58.0016 , 38.8173 , 67.4865 , 73.3001 , 36.2953 , 67.9532 , 51.8932 , 59.6599 , 60.535 , 67.0778 , 49.3029 , 31.5612 , 67.8223 , 61.8233 , 45.1896 , 39.4862 , 37.9363 , 37.7351 , 82.346 , 45.1958 , 44.7773 , 64.883 , 55.1411 , 50.2251 , 40.8097 , 57.2898 , 57.7941 , 74.7438 , 42.9319 , 77.0229 , 51.2497 , 39.973 , 36.286 , 82.7445 , 103.613 , 67.4196 , 61.0406 , 29.7596 , 60.0775 , 108.899 , 51.6666 , 47.6214 , 36.6465 , 56.4184 , 49.2944 , 37.3606 , 45.4893 , 54.6868 , 55.1985 , 51.2401 , 53.7966 , 53.4978 , 64.074 , 53.9191 , 48.4027 , 80.9681 , 34.8283 , 55.8031 , 39.362 , 83.1482 , 48.0518 , 27.2288 , 46.4703 , 31.2078 , 94.7925 , 40.6753 , 72.3486 , 56.1909 , 48.3647 , 35.877 , 31.2884 , 41.1806 , 60.5237 , 42.2669 , 43.4328 , 63.5896 , 46.8764 , 37.871 , 63.9037 , 76.6581 , 46.5046 , 85.4297 , 47.4592 , 61.7707 , 68.9169 , 47.7818 , 