var1=[51.7782 , 42.6344 , 70.4097 , 64.4713 , 47.439 , 69.0592 , 111.092 , 90.0312 , 77.6351 , 76.79 , 72.9636 , 60.6511 , 56.9522 , 53.5018 , 53.0049 , 52.8707 , 67.1395 , 51.3451 , 139.964 , 97.2105 , 39.0867 , 36.2209 , 57.505 , 66.1361 , 24.6821 , 76.2094 , 50.0568 , 45.4189 , 42.5761 , 83.196 , 51.867 , 40.7916 , 73.139 , 58.7602 , 72.6964 , 63.4683 , 64.0776 , 74.018 , 81.9552 , 36.2242 , 74.3944 , 38.2565 , 46.6787 , 103.946 , 109.905 , 56.2791 , 49.0793 , 40.6385 , 43.5221 , 59.2689 , 64.1174 , 53.1787 , 47.6124 , 28.4541 , 56.069 , 40.9679 , 30.347 , 71.7593 , 69.7012 , 63.6055 , 47.5984 , 42.5934 , 53.3075 , 81.7225 , 55.9175 , 88.2539 , 65.193 , 67.0728 , 56.3228 , 43.4439 , 32.8055 , 30.9522 , 29.2807 , 87.9415 , 49.5112 , 73.0249 , 79.4305 , 60.0738 , 24.9718 , 87.0282 , 61.8082 , 82.2118 , 75.9041 , 100.994 , 81.5662 , 38.9335 , 68.2484 , 52.1932 , 45.1558 , 44.2524 , 75.8551 , 45.9995 , 38.0922 , 75.2675 , 53.2449 , 90.4009 , 61.845 , 73.2382 , 44.1203 , 48.2242 , 40.258 , 56.0443 , 72.4524 , 87.5757 , 62.3045 , 94.0361 , 38.7285 , 53.2358 , 59.8712 , 44.6836 , 55.766 , 100.481 , 62.5088 , 45.6881 , 70.6268 , 37.4419 , 49.9815 , 44.702 , 57.0645 , 45.6566 , 45.6775 , 46.8377 , 71.353 , 62.8866 , 64.5426 , 71.4929 , 27.0781 , 43.758 , 63.6101 , 82.1323 , 74.5255 , 44.7518 , 50.2983 , 30.5692 , 53.5267 , 86.2457 , 79.201 , 49.6185 , 60.4109 , 43.9284 , 85.8641 , 65.9894 , 108.569 , 55.9329 , 43.3391 , 55.5477 , 51.715 , 34.5328 , 59.8316 , 62.6107 , 44.4624 , 49.0839 , 56.3084 , 74.2056 , 68.7024 , 45.5668 , 39.8439 , 37.8343 , 67.948 , 42.6048 , 42.509 , 55.9326 , 64.539 , 35.3827 , 37.2449 , 60.3224 , 81.0954 , 84.9624 , 53.5883 , 83.6164 , 43.9796 , 102.846 , 46.5489 , 47.7714 , 45.3163 , 71.9296 , 61.8141 , 45.6549 , 33.2414 , 81.3527 , 55.167 , 49.7317 , 51.4711 , 80.9584 , 55.7168 , 90.3078 , 40.4035 , 82.6028 , 67.3485 , 95.3154 , 73.1659 , 41.5021 , 61.0616 , 51.0095 , 57.8685 , 42.6986 , 59.7269 , 70.2009 , 56.3845 , 81.7038 , 44.145 , 89.4917 , 41.7091 , 54.1925 , 56.317 , 56.8233 , 79.3842 , 85.0997 , 54.667 , 58.271 , 54.4441 , 74.9816 , 46.5568 , 69.2257 , 55.027 , 45.0208 , 55.6253 , 62.4872 , 49.2088 , 47.8201 , 57.4377 , 72.4965 , 62.1586 , 58.1832 , 108.317 , 53.9343 , 47.5215 , 42.5003 , 66.1692 , 15.3592 , 58.9924 , 76.7181 , 58.896 , 36.7697 , 45.7134 , 97.8425 , 71.0928 , 79.2571 , 49.6573 , 79.6628 , 50.8825 , 40.2622 , 86.8284 , 54.743 , 73.0651 , 61.028 , 57.0164 , 42.276 , 41.9387 , 69.0509 , 40.2414 , 39.0457 , 58.1246 , 29.6045 , 43.9999 , 84.2789 , 84.415 , 52.6408 , 52.7157 , 73.3225 , 79.9242 , 66.4505 , 44.1236 , 54.4201 , 57.8932 , 63.573 , 53.2264 , 54.2108 , 78.1365 , 66.1111 , 67.7753 , 44.0337 , 74.8459 , 50.1463 , 59.9846 , 69.1613 , 57.7324 , 63.3203 , 40.8809 , 53.4623 , 67.2179 , 21.2796 , 23.2734 , 74.8337 , 64.6534 , 36.2221 , 45.1905 , 57.4908 , 68.1216 , 70.6626 , 97.4581 , 36.6138 , 55.6881 , 48.7263 , 78.5691 , 44.4726 , 43.385 , 57.4177 , 50.2534 , 60.1037 , 84.2797 , 62.1896 , 47.897 , 81.9678 , 52.4972 , 58.7723 , 29.5428 , 51.7366 , 75.9157 , 51.6536 , 51.6386 , 43.2171 , 34.8271 , 50.6069 , 62.4074 , 48.4213 , 45.925 , 76.6564 , 38.0768 , 49.7506 , 48.6283 , 38.0034 , 38.7309 , 62.3293 , 58.3912 , 47.9679 , 60.4532 , 47.1644 , 102.689 , 94.9891 , 65.3835 , 65.0107 , 36.4153 , 51.0145 , 51.3227 , 58.789 , 64.1485 , 57.2098 , 40.4737 , 58.6743 , 58.1549 , 27.0751 , 81.7947 , 40.8047 , 68.2488 , 43.157 , 63.8081 , 49.0028 , 55.1374 , 36.5415 , 55.0772 , 76.7944 , 57.2311 , 47.082 , 71.0185 , 74.8615 , 46.4821 , 29.7195 , 102.053 , 40.0156 , 47.5896 , 39.9863 , 58.744 , 41.631 , 62.886 , 49.4645 , 43.781 , 48.6046 , 50.8397 , 65.0648 , 76.7757 , 62.723 , 52.9734 , 77.3186 , 66.3352 , 45.8632 , 57.9588 , 31.2764 , 52.813 , 46.6742 , 46.036 , 56.5419 , 66.5571 , 93.7572 , 57.9679 , 74.6506 , 64.5364 , 80.0622 , 33.5858 , 62.8258 , 50.5138 , 77.4353 , 48.0387 , 73.7433 , 90.096 , 72.4511 , 45.3601 , 66.4682 , 50.6003 , 107.163 , 57.1099 , 75.5311 , 60.0177 , 37.8045 , 62.8686 , 43.1652 , 54.5852 , 47.8586 , 71.2089 , 79.4596 , 55.5219 , 53.9921 , 51.2243 , 26.4754 , 77.8466 , 44.7598 , 35.3121 , 57.3423 , 104.403 , 45.3561 , 27.5637 , 65.707 , 89.6063 , 60.8452 , 77.2531 , 41.9749 , 56.3517 , 49.8155 , 61.7727 , 42.0161 , 43.4594 , 103.836 , 46.5994 , 57.4879 , 35.8432 , 38.3557 , 107.001 , 66.346 , 98.466 , 64.2496 , 77.6443 , 69.2786 , 55.9823 , 81.8415 , 50.7051 , 88.9558 , 80.0676 , 52.7133 , 46.9261 , 58.5657 , 79.8137 , 42.0636 , 79.1859 , 59.7867 , 49.636 , 86.8548 , 43.0859 , 46.9424 , 74.5583 , 126.292 , 102.537 , 61.3379 , 54.0463 , 54.7884 , 42.0375 , 32.28 , 52.0406 , 80.9133 , 50.488 , 68.6696 , 48.5415 , 85.3847 , 78.3275 , 93.6866 , 52.1863 , 64.0441 , 73.3232 , 77.9973 , 54.8049 , 72.0545 , 61.9028 , 84.2439 , 38.4165 , 47.9992 , 53.0643 , 52.5476 , 66.4603 , 72.593 , 45.3039 , 79.1112 , 61.2777 , 109.133 , 60.1666 , 56.2349 , 106.893 , 72.7214 , 25.7854 , 108.372 , 56.6635 , 51.3591 , 83.879 , 73.6151 , 47.0474 , 41.9818 , 99.5528 , 38.8344 , 74.1211 , 67.3488 , 55.3551 , 68.713 , 43.8621 , 47.0662 , 37.7652 , 68.085 , 50.3584 , 58.7551 , 70.6548 , 60.5518 , 30.0937 , 52.1204 , 46.071 , 44.639 , 54.7824 , 71.7981 , 38.8644 , 46.894 , 69.3056 , 72.5351 , 44.2745 , 44.5505 , 53.2415 , 64.5323 , 66.0525 , 54.5143 , 48.3558 , 72.1695 , 44.1009 , 35.6443 , 46.8089 , 39.2155 , 49.4319 , 38.4209 , 101.222 , 49.2125 , 65.0327 , 101.082 , 31.8889 , 60.2775 , 83.5961 , 47.9109 , 78.8217 , 58.269 , 57.2153 , 47.5207 , 112.986 , 44.5753 , 48.9717 , 56.8347 , 37.4754 , 64.1661 , 108.001 , 102.459 , 53.4953 , 44.9565 , 28.5448 , 30.5053 , 59.7497 , 84.2054 , 40.6057 , 35.297 , 57.6519 , 47.6339 , 80.2798 , 32.2537 , 57.5749 , 50.5481 , 48.5058 , 27.6199 , 62.0956 , 83.7459 , 46.0086 , 50.258 , 71.7197 , 49.7997 , 59.7545 , 90.3696 , 59.4171 , 46.6706 , 73.6563 , 68.7081 , 21.8933 , 73.4985 , 67.0551 , 66.8642 , 92.4648 , 72.2091 , 77.4009 , 41.9334 , 60.5454 , 91.5717 , 81.2231 , 52.7286 , 34.9763 , 58.8647 , 66.7991 , 57.659 , 52.7718 , 84.5779 , 44.9531 , 38.3 , 55.3322 , 45.3555 , 86.757 , 43.0496 , 70.5465 , 127.152 , 86.0082 , 50.111 , 47.7411 , 32.5179 , 55.5723 , 52.4078 , 90.7701 , 79.594 , 29.4541 , 52.7016 , 76.6526 , 83.5442 , 95.9802 , 60.8318 , 67.6845 , 73.0754 , 70.0163 , 73.6558 , 42.3565 , 74.9689 , 36.8995 , 29.1859 , 65.4264 , 43.6671 , 65.4752 , 39.5575 , 65.3583 , 49.8575 , 81.3956 , 50.3137 , 43.2168 , 28.5344 , 84.6701 , 66.307 , 60.842 , 49.5044 , 28.7357 , 35.1545 , 58.534 , 70.6762 , 47.9608 , 55.454 , 37.6732 , 57.4367 , 75.4403 , 50.8565 , 46.0804 , 33.0513 , 83.1643 , 34.9843 , 43.6928 , 69.6728 , 53.7032 , 65.9354 , 50.2541 , 63.3077 , 51.8518 , 41.0826 , 50.1627 , 84.8392 , 88.6881 , 55.3156 , 55.3621 , 76.1143 , 67.5107 , 95.1119 , 71.5186 , 79.1597 , 69.0242 , 73.3369 , 57.1053 , 79.031 , 78.8674 , 34.6804 , 135.366 , 54.8616 , 29.5962 , 71.0352 , 56.1485 , 97.3537 , 40.0006 , 39.2486 , 55.8258 , 72.4941 , 56.3691 , 20.5778 , 88.4425 , 53.0775 , 56.967 , 37.7716 , 69.8565 , 45.159 , 49.1145 , 31.1998 , 37.0812 , 65.7694 , 89.9467 , 67.4442 , 55.8827 , 42.6807 , 58.4573 , 70.9582 , 71.6852 , 52.3419 , 45.2835 , 85.0833 , 62.2554 , 90.1653 , 57.3416 , 78.2185 , 66.7667 , 81.1239 , 61.9127 , 64.6333 , 73.3939 , 46.6868 , 88.7466 , 65.8985 , 61.8419 , 40.4069 , 42.6109 , 69.3221 , 69.2524 , 69.2066 , 104.861 , 40.6274 , 75.8238 , 49.1789 , 70.5462 , 50.6917 , 48.687 , 81.3108 , 89.0295 , 56.6282 , 59.9767 , 56.7839 , 71.2104 , 51.1289 , 79.3797 , 84.7295 , 52.1082 , 23.142 , 79.9987 , 41.7886 , 93.9942 , 124.691 , 60.5191 , 31.0611 , 49.114 , 32.7401 , 49.8473 , 55.3352 , 78.0514 , 91.9094 , 57.8303 , 55.3331 , 72.825 , 73.7665 , 67.121 , 82.1519 , 39.5585 , 52.3845 , 44.4032 , 46.7761 , 57.601 , 39.3066 , 104.926 , 51.6859 , 59.1342 , 39.3685 , 110.187 , 83.5285 , 35.5432 , 58.1774 , 82.6532 , 57.7047 , 85.2983 , 49.5154 , 37.7843 , 56.7323 , 56.4894 , 79.3147 , 25.7636 , 78.9188 , 64.3803 , 51.966 , 69.7101 , 49.5895 , 53.5082 , 45.4628 , 60.2197 , 53.9398 , 