var1=[45.0273 , 98.3033 , 36.1444 , 70.6863 , 78.3218 , 55.0005 , 60.1297 , 57.403 , 33.9569 , 74.2917 , 72.5251 , 64.3699 , 43.1975 , 92.3943 , 62.1942 , 90.0697 , 43.4242 , 75.1749 , 78.4066 , 51.0469 , 36.5832 , 42.0466 , 83.6868 , 44.3734 , 45.2677 , 61.2192 , 72.6519 , 65.5069 , 64.9406 , 80.423 , 37.2974 , 72.9943 , 67.1943 , 39.2029 , 33.1422 , 59.0501 , 99.3356 , 41.9088 , 42.8835 , 71.8639 , 61.423 , 67.97 , 112.485 , 87.2786 , 39.8512 , 59.1417 , 50.1776 , 44.5048 , 40.652 , 48.8317 , 71.6568 , 35.042 , 52.6845 , 54.3901 , 34.4045 , 59.0332 , 61.8408 , 32.9645 , 38.8581 , 40.2093 , 48.7509 , 39.2563 , 68.2453 , 129.847 , 33.6959 , 72.9793 , 45.9739 , 61.3323 , 53.6224 , 59.0289 , 33.6891 , 50.8299 , 38.35 , 39.3712 , 34.469 , 77.8426 , 42.1788 , 48.8031 , 43.8743 , 83.7759 , 56.5332 , 65.9961 , 27.7838 , 68.6204 , 73.9032 , 56.4397 , 47.3656 , 38.006 , 62.2606 , 41.4313 , 77.2613 , 82.622 , 54.9018 , 61.8223 , 49.6863 , 86.913 , 39.3675 , 43.7345 , 49.0388 , 50.4964 , 44.5598 , 60.3277 , 58.0678 , 36.6802 , 53.7382 , 118.434 , 33.058 , 52.2355 , 46.6265 , 89.9699 , 43.0055 , 50.691 , 81.8565 , 52.3893 , 87.3433 , 89.1983 , 36.357 , 31.2435 , 48.6895 , 27.3776 , 59.2535 , 59.3336 , 32.0881 , 91.4004 , 33.4394 , 66.0432 , 62.1922 , 42.1879 , 44.8219 , 61.7984 , 41.6981 , 47.5127 , 97.3889 , 33.3822 , 43.4449 , 55.1894 , 54.5245 , 79.9953 , 74.2574 , 47.5801 , 71.8507 , 51.429 , 60.3936 , 41.8205 , 74.7264 , 35.8755 , 56.4526 , 40.7554 , 61.6056 , 42.6063 , 39.7824 , 38.4998 , 94.4259 , 75.2447 , 41.1854 , 52.2255 , 47.597 , 47.9134 , 48.4927 , 45.0532 , 45.9328 , 53.2406 , 70.8172 , 82.0495 , 33.5286 , 35.5639 , 42.5467 , 41.1614 , 54.6829 , 67.3664 , 44.0957 , 48.1417 , 38.9747 , 95.3088 , 73.053 , 54.8295 , 58.4899 , 46.2196 , 34.4991 , 77.2826 , 37.9419 , 52.6153 , 37.2152 , 43.2299 , 55.796 , 58.0711 , 53.9558 , 59.2897 , 67.4909 , 57.811 , 40.8128 , 48.7379 , 39.2272 , 44.9384 , 77.2292 , 36.4326 , 72.6875 , 54.88 , 53.2297 , 56.6202 , 25.028 , 79.1838 , 89.786 , 73.1809 , 49.2651 , 35.1497 , 66.9857 , 95.4848 , 58.6998 , 40.5246 , 63.8684 , 36.1149 , 61.0243 , 29.8094 , 46.4535 , 49.4402 , 71.1352 , 45.8184 , 75.0032 , 85.3682 , 41.9608 , 29.8654 , 95.2953 , 77.7159 , 34.4361 , 42.1503 , 64.657 , 65.7812 , 56.6152 , 40.996 , 61.2583 , 86.1115 , 28.5715 , 38.4997 , 41.1914 , 58.1851 , 45.33 , 44.1965 , 21.4531 , 71.0886 , 87.9235 , 46.5618 , 46.4828 , 59.8617 , 57.4742 , 26.5801 , 51.7196 , 56.6022 , 73.1394 , 65.8396 , 52.1688 , 31.993 , 53.3623 , 41.4946 , 60.0373 , 33.635 , 38.5133 , 60.6459 , 50.495 , 57.5206 , 79.1767 , 37.9325 , 61.9325 , 55.291 , 44.0238 , 69.587 , 43.6448 , 48.6418 , 66.3464 , 61.0496 , 35.5714 , 38.9766 , 48.949 , 45.4569 , 52.3276 , 57.9206 , 39.2387 , 87.7636 , 51.3221 , 51.7671 , 48.3493 , 42.621 , 49.3663 , 40.3357 , 43.8565 , 46.6927 , 40.1855 , 68.7632 , 68.1806 , 42.6856 , 57.0366 , 52.9407 , 37.1768 , 33.8369 , 72.4763 , 78.6657 , 63.7333 , 58.5862 , 38.0684 , 52.4643 , 58.6221 , 57.0608 , 23.6199 , 54.8997 , 39.1631 , 46.7198 , 56.8871 , 32.2278 , 73.1687 , 33.6489 , 55.5927 , 40.3466 , 59.6594 , 56.8928 , 96.5056 , 37.9004 , 67.3801 , 75.229 , 81.4243 , 49.5865 , 79.1476 , 61.9219 , 37.0385 , 68.4378 , 79.5135 , 93.4813 , 64.715 , 58.7634 , 70.8618 , 88.9854 , 75.798 , 44.1008 , 58.9206 , 77.491 , 73.2193 , 25.9968 , 51.3986 , 37.5061 , 40.7123 , 88.0257 , 44.1217 , 62.1593 , 86.7036 , 36.0399 , 71.078 , 29.5632 , 66.5235 , 44.6097 , 37.2819 , 50.4314 , 63.2229 , 57.0941 , 40.9827 , 51.7668 , 79.2658 , 73.6653 , 67.7598 , 47.0281 , 33.7062 , 111.099 , 52.5843 , 66.775 , 65.2543 , 49.8263 , 86.3895 , 69.9872 , 43.6595 , 43.8026 , 74.2049 , 72.8814 , 78.9878 , 45.1453 , 46.9883 , 61.3024 , 61.2793 , 63.0155 , 36.7172 , 45.9658 , 39.8056 , 78.8119 , 98.6823 , 51.818 , 59.2574 , 57.0751 , 63.2769 , 58.7648 , 48.8713 , 86.2803 , 90.1287 , 67.501 , 77.9654 , 56.4184 , 67.4696 , 44.7932 , 49.1298 , 28.6694 , 76.3644 , 53.7077 , 44.4818 , 70.7253 , 56.4313 , 52.8381 , 50.2455 , 63.6118 , 38.7927 , 63.3252 , 39.1209 , 68.4369 , 33.1221 , 57.8449 , 55.1367 , 29.1169 , 57.0893 , 33.4232 , 39.3702 , 61.7027 , 84.0801 , 65.613 , 110.929 , 58.4375 , 66.8289 , 81.0906 , 42.4328 , 43.571 , 94.4651 , 48.218 , 51.5804 , 49.0396 , 65.7722 , 72.9728 , 58.0377 , 42.4374 , 66.6696 , 27.638 , 64.8003 , 64.7331 , 42.4934 , 37.3854 , 30.6643 , 60.9315 , 82.4299 , 85.2588 , 55.6605 , 33.267 , 45.0842 , 63.5691 , 43.0361 , 52.9713 , 73.5848 , 92.6719 , 46.4659 , 35.9124 , 81.0042 , 53.441 , 61.3425 , 53.3316 , 48.4414 , 33.7282 , 66.5186 , 59.7608 , 65.7847 , 57.0654 , 44.131 , 32.8817 , 44.3516 , 48.6813 , 51.1888 , 44.9424 , 45.402 , 72.637 , 88.9862 , 28.6593 , 57.0027 , 49.9129 , 62.2863 , 57.6069 , 47.3166 , 54.8466 , 44.8721 , 61.4133 , 74.6704 , 36.045 , 42.3355 , 40.9504 , 65.0089 , 41.6689 , 55.4362 , 49.4401 , 48.652 , 55.9834 , 57.7765 , 67.1413 , 52.3165 , 32.5543 , 63.6114 , 99.8747 , 74.376 , 118.949 , 50.6212 , 53.9744 , 47.2536 , 97.2997 , 36.2188 , 50.6826 , 29.707 , 23.6525 , 63.2358 , 57.7612 , 67.382 , 69.7123 , 73.9099 , 80.062 , 34.1041 , 69.5653 , 29.0874 , 81.4118 , 86.7898 , 39.7957 , 103.738 , 54.8689 , 45.1331 , 86.1294 , 95.8889 , 62.6414 , 43.5 , 50.485 , 52.1305 , 24.7661 , 42.2768 , 55.1637 , 81.4662 , 62.1872 , 51.2942 , 38.354 , 51.7155 , 32.8428 , 39.2631 , 52.1105 , 55.433 , 27.3898 , 69.6521 , 56.3821 , 84.9343 , 60.3438 , 71.3919 , 39.1652 , 44.6239 , 26.3179 , 51.1085 , 78.2597 , 64.4824 , 40.7691 , 75.899 , 59.6787 , 52.239 , 33.5516 , 32.4071 , 44.1318 , 72.028 , 42.075 , 44.4289 , 39.9601 , 60.8336 , 48.2918 , 39.2666 , 38.3629 , 88.1733 , 63.1095 , 42.5948 , 49.0786 , 47.7931 , 43.0488 , 45.4455 , 79.9137 , 49.9454 , 39.6099 , 26.8732 , 31.0206 , 85.7154 , 75.853 , 71.2421 , 62.7577 , 34.2053 , 30.6249 , 52.027 , 47.1619 , 37.906 , 40.8353 , 73.5302 , 46.3223 , 32.5208 , 33.3451 , 51.2847 , 34.4074 , 51.2008 , 63.6377 , 70.2039 , 69.2908 , 41.5781 , 74.3466 , 28.3861 , 35.7691 , 51.0418 , 51.8944 , 67.2711 , 79.9438 , 49.0354 , 58.3182 , 44.9309 , 35.6324 , 47.5193 , 68.8491 , 53.2396 , 65.8761 , 31.674 , 64.2402 , 78.5352 , 100.21 , 26.4002 , 28.6898 , 61.7463 , 37.9779 , 97.2385 , 90.4097 , 43.6239 , 48.7389 , 55.3854 , 67.3541 , 50.9633 , 55.4478 , 58.0595 , 56.9438 , 30.2364 , 29.4932 , 49.0697 , 51.4734 , 44.6149 , 32.6912 , 35.9613 , 39.0258 , 53.6974 , 68.0197 , 67.6493 , 54.5739 , 70.9243 , 50.3318 , 51.6367 , 58.8118 , 45.1243 , 43.4598 , 48.5224 , 58.3157 , 65.7896 , 66.5771 , 75.3872 , 70.2013 , 33.0203 , 81.1197 , 35.0259 , 80.7932 , 61.5791 , 90.8331 , 44.3259 , 41.8574 , 66.1807 , 44.6296 , 55.2735 , 87.3896 , 94.7794 , 48.4614 , 70.3082 , 38.2333 , 44.1694 , 51.6431 , 39.9003 , 47.8413 , 37.2303 , 72.3206 , 44.7127 , 41.7341 , 63.2693 , 31.5546 , 57.3178 , 76.622 , 60.3723 , 44.1602 , 53.6712 , 65.5317 , 53.3673 , 51.1595 , 34.2606 , 59.5852 , 37.835 , 25.7132 , 44.1612 , 117.058 , 49.0333 , 97.84 , 35.0915 , 68.0274 , 81.2715 , 45.4679 , 39.9855 , 77.7149 , 61.9809 , 50.8096 , 51.7359 , 42.9023 , 63.7935 , 81.8207 , 104.56 , 53.8066 , 50.9209 , 29.4328 , 60.9848 , 50.2641 , 57.0178 , 36.6187 , 39.2289 , 60.8983 , 40.494 , 42.2152 , 39.7959 , 52.554 , 37.9706 , 44.1049 , 58.2909 , 62.8717 , 50.158 , 66.2258 , 36.3945 , 48.8639 , 61.4509 , 40.5252 , 59.5758 , 91.8076 , 53.5576 , 36.9373 , 66.3171 , 68.5668 , 64.9387 , 52.7095 , 95.4381 , 60.9901 , 53.9057 , 53.0508 , 50.2064 , 41.06 , 55.8259 , 83.6293 , 83.9282 , 45.2649 , 82.4545 , 71.2261 , 43.7915 , 90.6209 , 75.612 , 66.8369 , 71.2398 , 28.465 , 44.0526 , 74.968 , 47.0548 , 58.719 , 82.2541 , 47.7995 , 77.3802 , 63.4317 , 38.5801 , 73.0417 , 53.8434 , 45.1451 , 63.5835 , 64.538 , 53.6376 , 101.725 , 162.689 , 55.4122 , 48.671 , 41.057 , 38.0052 , 58.3948 , 35.6909 , 38.7829 , 52.692 , 38.6347 , 57.1899 , 32.5931 , 48.989 , 50.5911 , 67.5521 , 73.4875 , 42.4054 , 45.2878 , 58.2263 , 67.3341 , 34.9346 , 62.3786 , 42.5574 , 53.9179 , 50.979 , 54.0876 , 84.6601 , 39.0948 , 40.4059 , 75.0833 , 89.2029 , 72.1838 , 58.7344 