var1=[62.6499 , 66.0509 , 64.7469 , 104.703 , 64.6993 , 82.6611 , 98.4916 , 85.3835 , 52.1613 , 61.4058 , 37.3379 , 114.287 , 66.668 , 68.4995 , 86.1474 , 57.3425 , 47.956 , 50.4486 , 72.3299 , 52.8602 , 60.2686 , 94.0631 , 15.6271 , 75.0849 , 71.6672 , 112.745 , 60.1169 , 58.3171 , 63.4728 , 71.5449 , 53.1563 , 152.759 , 65.2978 , 57.8647 , 96.0069 , 58.0708 , 63.0135 , 41.6044 , 93.891 , 113.05 , 83.6149 , 82.0924 , 97.6531 , 97.2308 , 68.4737 , 65.6483 , 75.6306 , 59.7114 , 21.35 , 56.1299 , 48.2634 , 57.5889 , 66.4379 , 99.4479 , 76.0597 , 61.8273 , 37.4015 , 65.6042 , 61.4439 , 77.0318 , 115.15 , 33.1971 , 110.277 , 82.1415 , 90.1742 , 48.8294 , 63.4595 , 61.9455 , 38.3537 , 77.3872 , 94.0589 , 57.2403 , 98.8488 , 58.8037 , 67.9554 , 112.38 , 83.3499 , 81.2917 , 48.5763 , 92.3554 , 49.4835 , 54.0457 , 80.4329 , 75.3649 , 70.5784 , 42.5266 , 37.1664 , 94.2324 , 80.7118 , 59.9008 , 33.3311 , 84.6267 , 67.4772 , 59.5561 , 70.8135 , 43.9422 , 40.8319 , 78.5757 , 63.8071 , 27.5808 , 110.791 , 42.5892 , 66.0066 , 114.441 , 62.8262 , 54.2752 , 65.7574 , 72.8035 , 58.9326 , 49.8611 , 68.9813 , 47.484 , 86.8226 , 76.9374 , 20.0569 , 74.9866 , 85.9303 , 49.0611 , 41.9319 , 17.9626 , 83.7655 , 100.043 , 52.8324 , 58.1344 , 63.9763 , 74.7829 , 68.9291 , 62.3331 , 63.5565 , 63.0947 , 82.2801 , 67.0877 , 103.529 , 79.1477 , 116.091 , 105.892 , 66.9934 , 45.871 , 74.8902 , 70.8885 , 71.8199 , 36.5992 , 76.509 , 83.9006 , 55.9821 , 83.9623 , 59.3495 , 58.3614 , 52.9189 , 63.7415 , 57.6929 , 68.3584 , 42.711 , 64.3433 , 57.9391 , 50.7121 , 89.2489 , 86.8047 , 144.127 , 57.2041 , 65.7932 , 42.0062 , 75.6143 , 73.9531 , 97.6683 , 59.3674 , 59.8875 , 87.976 , 72.448 , 101.048 , 53.371 , 89.7356 , 47.8559 , 106.201 , 57.2134 , 40.2231 , 61.9159 , 40.9593 , 39.1129 , 106.922 , 79.0757 , 76.0036 , 54.0163 , 89.5095 , 74.854 , 108.456 , 30.9171 , 47.9484 , 50.7992 , 64.6624 , 59.9918 , 81.5862 , 65.8006 , 69.1615 , 62.9426 , 31.2992 , 39.2156 , 71.994 , 69.8616 , 95.7084 , 57.7103 , 56.6201 , 80.0232 , 64.5933 , 70.813 , 57.8784 , 109.393 , 71.9838 , 66.7745 , 43.6237 , 36.7722 , 63.7039 , 124.673 , 63.2939 , 86.3236 , 52.5761 , 64.3405 , 74.5871 , 62.96 , 83.3411 , 28.4995 , 81.8139 , 67.7232 , 84.5541 , 52.7425 , 73.4603 , 60.8108 , 63.0255 , 73.6233 , 38.344 , 75.7838 , 63.8412 , 65.3173 , 59.0225 , 74.6912 , 61.6642 , 88.8919 , 82.1411 , 79.3684 , 91.0323 , 21.5153 , 102.352 , 96.6156 , 65.5977 , 77.4437 , 58.985 , 67.4734 , 125.698 , 59.5784 , 82.3646 , 47.1474 , 51.8649 , 38.6934 , 13.0117 , 56.4935 , 63.4145 , 70.7707 , 58.5274 , 24.3736 , 80.3974 , 67.8283 , 99.3323 , 48.0265 , 49.2808 , 58.6602 , 89.2437 , 51.871 , 76.563 , 92.1964 , 63.0921 , 41.6676 , 65.2233 , 58.6086 , 55.8795 , 65.2764 , 47.1732 , 78.4706 , 71.0102 , 87.4579 , 51.1212 , 86.8495 , 76.756 , 52.0138 , 82.285 , 43.8017 , 105.649 , 58.1061 , 77.3799 , 24.6871 , 85.4965 , 56.7061 , 64.3823 , 71.265 , 71.8328 , 118.587 , 36.7392 , 75.2964 , 73.7037 , 32.534 , 54.515 , 51.5303 , 96.9618 , 61.2873 , 63.6327 , 44.7743 , 139.58 , 96.9982 , 93.8933 , 60.4683 , 76.4432 , 73.1524 , 78.4748 , 68.9015 , 85.3138 , 111.86 , 99.6467 , 57.4775 , 141.6 , 76.8902 , 68.7847 , 141.997 , 68.361 , 80.3196 , 57.4755 , 77.2174 , 138.116 , 56.5863 , 61.3969 , 75.3786 , 86.0337 , 83.5374 , 52.6619 , 94.255 , 56.097 , 71.915 , 35.7333 , 94.1367 , 44.6029 , 61.9218 , 68.7931 , 95.0537 , 68.6746 , 71.2621 , 46.5216 , 56.8167 , 68.4045 , 39.7262 , 70.2036 , 67.17 , 78.9826 , 71.6984 , 47.7056 , 67.2789 , 70.5935 , 93.6899 , 117.503 , 89.8455 , 77.2495 , 85.0458 , 82.6653 , 102.376 , 61.5766 , 99.2678 , 74.7243 , 66.4218 , 36.7794 , 55.2035 , 70.4958 , 54.9588 , 40.4356 , 68.4033 , 25.1443 , 98.7038 , 100.954 , 72.4283 , 92.3917 , 32.3824 , 82.1824 , 61.7838 , 69.6057 , 83.458 , 86.0803 , 77.1597 , 65.5857 , 100.35 , 65.7464 , 65.4175 , 91.2048 , 62.6289 , 70.9496 , 66.8783 , 69.0998 , 84.9091 , 33.416 , 27.2255 , 91.721 , 75.5579 , 75.4063 , 72.2883 , 64.6647 , 61.7771 , 19.109 , 86.5683 , 135.672 , 72.3695 , 85.3316 , 71.0947 , 66.5688 , 60.7452 , 82.3361 , 77.799 , 80.6125 , 121.143 , 154.158 , 98.6837 , 29.7844 , 86.2067 , 50.9661 , 34.1833 , 24.9655 , 42.8968 , 83.174 , 36.8613 , 48.3058 , 43.005 , 50.5352 , 65.1887 , 48.4912 , 27.6546 , 11.707 , 73.6628 , 54.0859 , 56.148 , 58.355 , 27.5001 , 44.9892 , 54.6942 , 84.9395 , 39.4281 , 28.6744 , 43.1265 , 62.0947 , 94.9363 , 66.0834 , 102.84 , 61.7892 , 45.8463 , 76.7879 , 74.0764 , 59.4528 , 109.746 , 100.685 , 96.2813 , 62.3391 , 60.8689 , 80.4583 , 88.5149 , 22.0713 , 68.4709 , 53.1075 , 69.5557 , 50.2198 , 70.3036 , 58.0509 , 61.4043 , 70.6212 , 52.7132 , 58.7794 , 39.5797 , 69.9737 , 60.849 , 63.9427 , 61.8417 , 70.3114 , 71.0237 , 66.4935 , 73.3516 , 46.8834 , 112.73 , 38.4393 , 60.901 , 81.5698 , 66.3789 , 93.6113 , 50.4289 , 79.9824 , 190.9 , 52.2196 , 101.972 , 72.4175 , 60.3743 , 56.8504 , 81.0472 , 44.94 , 56.6446 , 68.3953 , 67.0089 , 99.0638 , 72.7629 , 56.6292 , 51.0569 , 67.2344 , 52.608 , 61.1054 , 108.373 , 51.6049 , 68.4376 , 58.9312 , 48.9934 , 74.309 , 69.471 , 16.0241 , 75.9756 , 81.7309 , 50.5559 , 56.1068 , 50.4648 , 38.9076 , 40.6885 , 47.4663 , 72.2026 , 68.5631 , 63.1367 , 48.7773 , 49.2838 , 52.6278 , 64.998 , 42.8675 , 43.6383 , 65.0661 , 50.1842 , 58.1479 , 83.8408 , 73.7013 , 74.336 , 68.058 , 61.9696 , 68.8101 , 114.88 , 53.9829 , 116.553 , 57.7195 , 38.3954 , 59.6011 , 70.4928 , 32.0492 , 95.6494 , 48.7894 , 59.325 , 77.5962 , 50.906 , 77.2106 , 53.8577 , 82.2968 , 43.3362 , 58.4186 , 36.0084 , 48.1077 , 57.85 , 58.5316 , 53.3911 , 92.0489 , 74.9344 , 90.8878 , 48.0653 , 68.454 , 8.66549 , 63.7627 , 84.3489 , 89.4517 , 88.0666 , 106.672 , 52.3304 , 68.2533 , 80.4536 , 65.8025 , 46.3731 , 44.382 , 76.0331 , 73.3876 , 68.2263 , 49.5038 , 102.817 , 88.3648 , 29.4116 , 31.7245 , 54.4103 , 59.8466 , 85.0003 , 56.6416 , 55.4534 , 73.2884 , 57.5368 , 64.2532 , 52.5924 , 89.8478 , 69.3363 , 83.1413 , 91.6136 , 87.9041 , 39.7717 , 80.632 , 63.5164 , 117.755 , 80.4837 , 61.1091 , 44.4255 , 72.7162 , 72.486 , 40.2776 , 49.3491 , 99.4033 , 127.112 , 80.0687 , 58.9774 , 69.1193 , 94.7508 , 42.4048 , 66.9072 , 72.1896 , 57.3122 , 51.0946 , 96.4529 , 34.5672 , 122.018 , 42.03 , 84.22 , 87.3757 , 51.3619 , 64.1154 , 72.9262 , 87.2908 , 52.9804 , 53.5266 , 57.9682 , 55.2449 , 77.3263 , 59.8359 , 84.7225 , 76.287 , 70.1187 , 129.681 , 66.5884 , 83.9495 , 71.3458 , 73.1465 , 95.1008 , 71.2208 , 104.061 , 85.7627 , 45.4696 , 76.5577 , 58.451 , 65.2655 , 87.319 , 86.4037 , 65.854 , 66.8192 , 100.92 , 69.0812 , 80.0324 , 68.0782 , 46.9551 , 75.2432 , 78.0123 , 114.849 , 55.9768 , 63.308 , 73.1739 , 72.6923 , 52.9148 , 86.3381 , 51.876 , 74.3758 , 45.3576 , 64.6973 , 75.7122 , 47.5854 , 71.3306 , 95.1542 , 33.5523 , 61.7275 , 89.1256 , 74.5555 , 63.0095 , 66.7071 , 52.5705 , 78.1899 , 85.684 , 63.513 , 66.0111 , 80.309 , 81.7279 , 70.3516 , 102.432 , 39.312 , 112.74 , 21.5013 , 41.4463 , 62.0852 , 69.4139 , 52.9601 , 122.557 , 50.8696 , 77.4181 , 55.0849 , 58.6129 , 56.2429 , 93.6188 , 57.6026 , 72.6844 , 60.724 , 46.7814 , 18.5828 , 89.2586 , 67.0204 , 86.3669 , 72.4359 , 73.863 , 67.2866 , 94.8617 , 95.6991 , 36.1785 , 25.9337 , 72.931 , 52.9618 , 72.1359 , 81.5099 , 56.4184 , 75.2226 , 59.5228 , 70.0488 , 118.969 , 59.181 , 71.7086 , 69.4193 , 107.513 , 47.8173 , 62.192 , 65.7063 , 92.3681 , 88.6261 , 110.607 , 58.9377 , 32.5924 , 64.8325 , 64.188 , 43.6007 , 60.9918 , 45.774 , 64.3958 , 79.2205 , 33.4557 , 43.0329 , 34.9523 , 107.879 , 68.309 , 87.403 , 9.06862 , 67.6781 , 62.7442 , 54.2921 , 94.7349 , 75.1348 , 57.6081 , 53.962 , 30.3117 , 89.5049 , 75.8807 , 29.7806 , 68.3785 , 68.6926 , 52.4651 , 90.7178 , 42.5871 , 69.3708 , 70.821 , 145.809 , 77.448 , 39.3526 , 50.2386 , 39.5469 , 76.9312 , 97.892 , 102.635 , 77.0232 , 116.577 , 67.6201 , 57.6001 , 76.1586 , 54.4426 , 51.8302 , 36.0123 , 63.4514 , 78.3847 , 65.8921 , 64.0641 , 73.9163 , 55.191 , 74.1688 , 89.952 , 85.9824 , 32.636 , 81.411 , 153.695 , 73.724 , 73.7272 , 75.5608 , 66.3256 , 64.1947 , 