var1=[31.1574 , 73.987 , 42.1456 , 41.6608 , 72.7323 , 56.9324 , 53.5407 , 57.3359 , 61.7886 , 39.7354 , 50.5428 , 65.0572 , 81.8513 , 56.3093 , 67.2308 , 71.9853 , 68.3708 , 67.0425 , 48.127 , 43.5805 , 85.2217 , 86.7181 , 62.8433 , 68.6959 , 64.7552 , 59.3633 , 52.6651 , 64.8582 , 49.8101 , 61.7567 , 46.4127 , 39.8978 , 60.7823 , 29.9363 , 65.3841 , 41.9372 , 57.3449 , 31.4031 , 66.9569 , 69.5019 , 68.7133 , 62.5415 , 88.1872 , 60.8385 , 49.1305 , 38.8302 , 58.0701 , 50.0798 , 69.7014 , 46.0717 , 31.5508 , 13.1804 , 64.717 , 77.3053 , 25.3036 , 86.3685 , 88.3231 , 85.9629 , 64.5297 , 47.8244 , 64.5878 , 63.1869 , 93.4937 , 120.16 , 39.9072 , 58.8249 , 78.8862 , 85.7591 , 85.1783 , 26.1844 , 70.9019 , 106.867 , 58.3137 , 74.0289 , 51.2249 , 65.9835 , 108.685 , 41.867 , 49.3826 , 86.0402 , 91.9503 , 49.1255 , 78.3267 , 90.8642 , 99.5006 , 53.5259 , 51.0418 , 73.3752 , 83.2436 , 29.2337 , 54.0332 , 75.2202 , 73.3804 , 37.183 , 58.5081 , 88.5174 , 47.9538 , 85.8122 , 68.5337 , 56.8702 , 58.949 , 61.1775 , 39.6798 , 41.9545 , 57.2859 , 55.6881 , 101.505 , 69.0037 , 86.4365 , 126.75 , 55.9118 , 57.3264 , 63.3103 , 58.1014 , 74.0599 , 61.2393 , 66.5262 , 63.919 , 63.4304 , 47.4318 , 38.2947 , 47.0241 , 58.4142 , 67.6634 , 94.2961 , 66.2267 , 52.9424 , 51.0067 , 62.2486 , 60.3541 , 48.1915 , 54.3849 , 45.2312 , 86.0045 , 72.3867 , 39.2414 , 71.2497 , 20.8629 , 114.275 , 74.1904 , 44.0569 , 57.8881 , 92.8125 , 60.1571 , 63.6775 , 61.6325 , 48.1653 , 80.0945 , 71.9311 , 60.8204 , 40.7145 , 90.6268 , 36.8473 , 57.8563 , 64.9004 , 49.2545 , 59.3334 , 64.78 , 70.6615 , 36.4392 , 57.146 , 91.9403 , 70.6658 , 52.1825 , 60.8449 , 45.4122 , 45.6723 , 35.4225 , 59.5134 , 58.8662 , 62.5183 , 78.4296 , 72.0179 , 67.2119 , 42.282 , 22.7415 , 82.4495 , 38.2464 , 81.7772 , 74.8142 , 75.4123 , 41.8136 , 36.6916 , 45.6169 , 39.7668 , 74.8946 , 83.8507 , 57.441 , 44.7222 , 87.6835 , 64.4907 , 103.108 , 79.5965 , 58.8551 , 46.6613 , 79.9033 , 62.9421 , 82.2208 , 88.3546 , 54.2771 , 62.7869 , 45.5157 , 57.4875 , 91.4573 , 84.4913 , 70.7316 , 63.6579 , 33.1187 , 84.2483 , 82.2745 , 48.7173 , 44.9978 , 84.0581 , 59.8733 , 48.4758 , 67.1149 , 53.4827 , 85.7506 , 44.7935 , 61.2894 , 80.0508 , 43.1019 , 62.2776 , 74.4848 , 84.2218 , 62.4664 , 67.9164 , 85.6408 , 63.0214 , 15.4643 , 85.8382 , 46.1459 , 72.0022 , 58.2566 , 70.2554 , 59.7047 , 48.3738 , 26.809 , 78.6193 , 47.3854 , 59.1813 , 54.7001 , 71.7157 , 53.7552 , 63.4465 , 86.1253 , 54.7971 , 47.1322 , 75.0413 , 89.4852 , 73.3803 , 88.1464 , 47.5538 , 75.5165 , 71.6838 , 122.291 , 64.8551 , 63.2193 , 72.3356 , 46.0955 , 50.2667 , 85.0316 , 84.9863 , 107.946 , 70.6517 , 94.5871 , 48.0436 , 62.9429 , 65.1898 , 59.3544 , 46.8281 , 45.9366 , 46.2681 , 57.8389 , 60.8504 , 35.2132 , 68.5369 , 95.9814 , 66.3495 , 29.9365 , 62.2265 , 56.4725 , 76.106 , 95.0359 , 94.7451 , 76.0873 , 63.2561 , 51.4392 , 47.6223 , 54.6514 , 89.938 , 70.9767 , 80.3346 , 68.8853 , 49.9857 , 122.871 , 119.048 , 95.0017 , 78.0366 , 65.5617 , 33.7492 , 31.8969 , 60.8095 , 51.8093 , 107.949 , 43.6828 , 44.2048 , 81.827 , 103.114 , 62.4376 , 68.7159 , 86.3362 , 64.9473 , 88.7622 , 53.586 , 39.9667 , 101.222 , 89.9038 , 26.7721 , 97.9112 , 59.9264 , 61.4075 , 77.658 , 44.3473 , 40.0396 , 77.1113 , 49.6998 , 81.4351 , 58.1386 , 68.8389 , 94.5441 , 42.7088 , 51.8096 , 72.5117 , 88.4964 , 46.2884 , 87.2237 , 64.022 , 84.6465 , 84.0835 , 81.1055 , 60.7349 , 38.4374 , 91.9402 , 93.2589 , 49.8341 , 123.051 , 110.032 , 62.4967 , 64.3068 , 66.8452 , 78.8767 , 89.4574 , 68.0823 , 51.5791 , 96.8184 , 59.1794 , 29.121 , 86.119 , 36.4033 , 41.7625 , 47.5266 , 54.7176 , 69.8369 , 76.7536 , 53.8508 , 49.0328 , 55.4363 , 43.0636 , 58.5553 , 37.9358 , 45.4868 , 41.498 , 44.5273 , 55.1227 , 48.3032 , 70.7748 , 101.693 , 68.4665 , 55.2312 , 64.6837 , 89.9149 , 141.559 , 84.0733 , 12.1982 , 57.3492 , 43.6842 , 96.9022 , 62.7958 , 82.5355 , 106.776 , 19.2804 , 68.6888 , 30.1032 , 63.1487 , 57.6423 , 56.5822 , 46.3108 , 111.785 , 82.1255 , 42.0362 , 40.631 , 80.6077 , 102.01 , 78.5924 , 29.972 , 48.4423 , 51.1121 , 67.4428 , 74.1152 , 63.8126 , 33.2152 , 29.666 , 44.9351 , 95.7528 , 43.5528 , 54.4433 , 119.498 , 60.2779 , 57.3517 , 71.1816 , 35.6225 , 27.3396 , 82.9109 , 59.3236 , 25.3669 , 42.9763 , 34.3236 , 70.2187 , 54.4038 , 33.6216 , 64.2828 , 86.3522 , 34.1651 , 63.0646 , 120.768 , 50.2038 , 50.4268 , 61.4028 , 27.7082 , 98.219 , 39.3089 , 46.4497 , 29.5762 , 58.6657 , 68.0702 , 41.3902 , 121.354 , 84.6719 , 100.995 , 84.4615 , 47.3402 , 24.4989 , 33.4527 , 44.3288 , 61.6987 , 72.2111 , 77.9781 , 77.0459 , 97.9175 , 64.2843 , 39.6269 , 53.3883 , 70.901 , 54.463 , 81.6112 , 49.8538 , 38.6434 , 102.261 , 37.5545 , 45.1348 , 60.6197 , 88.0081 , 83.1657 , 97.2322 , 91.6308 , 103.305 , 79.0355 , 50.5087 , 24.5309 , 81.1691 , 63.3469 , 108.584 , 73.1849 , 69.8097 , 94.0667 , 64.8544 , 51.2166 , 75.4025 , 29.1344 , 57.269 , 43.3986 , 92.1185 , 30.1371 , 50.207 , 56.3232 , 57.6143 , 51.3443 , 42.6287 , 100.59 , 59.7649 , 84.2618 , 46.8622 , 61.6086 , 75.4589 , 69.2929 , 63.3512 , 59.1011 , 67.916 , 54.9795 , 55.7494 , 56.9282 , 53.8574 , 64.687 , 36.2352 , 98.882 , 52.8356 , 103.405 , 71.1401 , 51.9731 , 43.6237 , 72.9441 , 80.3472 , 66.5658 , 53.4156 , 29.9469 , 52.405 , 60.918 , 117.781 , 40.5176 , 45.3612 , 73.6884 , 88.9391 , 64.5505 , 85.3982 , 74.7501 , 49.3404 , 62.5126 , 60.727 , 46.2715 , 88.4599 , 85.2811 , 79.0168 , 61.3082 , 49.0748 , 49.9434 , 65.6361 , 98.1015 , 78.6612 , 68.7647 , 71.6361 , 52.608 , 62.1802 , 66.5485 , 51.5525 , 46.9788 , 77.3323 , 80.9113 , 37.9934 , 54.8394 , 61.5737 , 76.739 , 45.4404 , 61.3023 , 54.4727 , 38.0804 , 64.7479 , 68.4531 , 76.0212 , 51.0764 , 81.3611 , 100.586 , 79.2702 , 69.1185 , 56.2529 , 51.9416 , 55.2602 , 57.9454 , 75.5045 , 72.4037 , 57.0681 , 43.6934 , 96.0359 , 91.1093 , 41.8853 , 67.6124 , 39.1786 , 105.472 , 112.102 , 60.6304 , 78.6095 , 87.219 , 44.9533 , 74.2358 , 62.1725 , 54.7922 , 37.143 , 63.5327 , 38.5209 , 104.474 , 42.8706 , 54.8756 , 74.159 , 72.8053 , 69.9196 , 71.988 , 63.3797 , 42.5077 , 79.1413 , 79.6788 , 14.6379 , 109.644 , 72.9011 , 54.2317 , 73.1569 , 85.1879 , 35.8128 , 61.9323 , 66.91 , 70.4506 , 60.5025 , 68.2855 , 45.5172 , 62.2735 , 77.9557 , 59.4754 , 80.2591 , 66.6202 , 93.3991 , 58.9376 , 39.9252 , 56.0798 , 64.3394 , 65.9707 , 38.8545 , 44.0605 , 77.2332 , 71.7664 , 41.681 , 67.6282 , 63.3617 , 92.5005 , 54.1217 , 80.888 , 56.8721 , 76.6887 , 53.1463 , 51.6817 , 91.8547 , 51.9245 , 65.426 , 72.7458 , 8.46381 , 62.2098 , 40.5253 , 104.474 , 81.7296 , 81.465 , 125.956 , 57.0357 , 95.5263 , 77.4184 , 58.1199 , 84.6122 , 31.3374 , 49.7418 , 80.8042 , 51.0623 , 68.3559 , 76.1694 , 41.7236 , 58.2733 , 18.8602 , 38.4879 , 58.5683 , 46.8136 , 50.3908 , 44.0886 , 65.0668 , 58.3825 , 62.9423 , 65.461 , 75.7288 , 83.2541 , 58.9872 , 49.1127 , 73.0262 , 58.9049 , 81.9983 , 70.0905 , 33.2188 , 56.76 , 45.4093 , 105.327 , 45.9642 , 65.9872 , 45.7576 , 59.6612 , 69.2989 , 78.134 , 72.6868 , 67.9094 , 55.6703 , 74.7935 , 66.8526 , 57.9284 , 33.9824 , 58.2651 , 55.4713 , 61.0798 , 31.062 , 64.7991 , 82.2709 , 14.3461 , 80.4444 , 54.7222 , 88.6512 , 46.2535 , 66.5324 , 57.1886 , 105.136 , 67.9702 , 51.0513 , 53.7126 , 57.5252 , 80.5709 , 75.3595 , 45.1662 , 74.8243 , 45.5051 , 67.4633 , 68.8363 , 93.3635 , 57.3014 , 83.6783 , 78.1654 , 69.142 , 76.8684 , 27.1204 , 60.0018 , 44.908 , 115.414 , 105.143 , 57.9675 , 84.3898 , 50.6521 , 69.6224 , 49.9713 , 43.6557 , 39.5758 , 40.4172 , 87.6642 , 90.302 , 54.6515 , 43.0969 , 50.6047 , 101.106 , 60.3495 , 43.8689 , 55.2429 , 73.3494 , 112.862 , 67.6009 , 64.1764 , 46.9999 , 45.3334 , 49.3501 , 70.2027 , 78.8242 , 111.153 , 82.1997 , 41.1163 , 82.1654 , 30.3413 , 48.4879 , 95.3016 , 51.6919 , 46.1142 , 68.3506 , 36.1875 , 101.213 , 36.4554 , 48.2669 , 34.8361 , 56.8745 , 63.221 , 75.8371 , 49.5756 , 66.8254 , 68.0738 , 41.9228 , 67.3084 , 54.3281 , 55.9005 , 73.6012 , 47.0161 , 94.0649 , 57.8017 , 51.6492 , 57.7677 , 74.976 , 84.9285 , 91.0971 , 78.4301 , 51.344 , 