var1=[38.1344 , 29.808 , 53.6598 , 66.8558 , 58.8552 , 33.523 , 60.9172 , 43.8139 , 55.4087 , 86.9387 , 61.5431 , 37.4366 , 83.8191 , 74.5869 , 50.3043 , 42.5016 , 57.6262 , 55.5932 , 39.376 , 52.8136 , 80.1936 , 33.2276 , 39.3231 , 73.3297 , 42.0524 , 50.9533 , 36.5277 , 62.023 , 62.5629 , 31.8929 , 43.2114 , 74.0169 , 84.9193 , 38.0075 , 42.3448 , 91.9938 , 83.0913 , 57.0815 , 54.5959 , 73.3506 , 45.4093 , 68.7174 , 67.5828 , 80.301 , 52.5465 , 57.7906 , 32.4555 , 63.6234 , 42.6126 , 56.7784 , 61.7723 , 50.3707 , 37.3753 , 30.7569 , 61.7089 , 54.0614 , 139.425 , 42.7196 , 51.4934 , 60.2804 , 56.7989 , 51.9771 , 35.2772 , 47.2143 , 26.2212 , 34.3385 , 49.4682 , 53.4748 , 31.4403 , 67.3776 , 72.9832 , 43.7352 , 47.8646 , 78.7317 , 54.4148 , 36.7334 , 75.1111 , 52.6922 , 33.9746 , 56.6372 , 65.4202 , 51.6112 , 44.717 , 67.1909 , 55.3987 , 49.3412 , 22.4013 , 67.5374 , 87.2783 , 35.2034 , 53.5041 , 101.738 , 35.5856 , 61.4879 , 62.3284 , 39.0234 , 58.8838 , 61.2246 , 32.5361 , 78.0494 , 51.9351 , 40.686 , 77.8117 , 90.7635 , 61.2183 , 66.842 , 45.6746 , 37.8702 , 50.6047 , 43.1867 , 46.3208 , 50.3739 , 57.813 , 35.2746 , 58.62 , 51.241 , 26.3206 , 50.9518 , 44.9208 , 30.4731 , 81.7042 , 75.2038 , 41.7905 , 50.0511 , 63.4636 , 41.2431 , 97.5666 , 38.4286 , 35.2614 , 49.5017 , 53.0944 , 40.9675 , 61.0186 , 36.674 , 54.3771 , 85.9801 , 45.4993 , 38.9887 , 37.8558 , 32.7451 , 27.0804 , 36.0014 , 48.7949 , 40.003 , 66.724 , 45.3103 , 51.3897 , 46.7562 , 41.377 , 31.9795 , 62.8998 , 34.0886 , 69.0222 , 38.0989 , 38.6729 , 57.2384 , 76.1084 , 37.2548 , 60.4996 , 45.2549 , 62.4566 , 32.5236 , 42.3266 , 42.3016 , 46.8166 , 48.5242 , 48.2834 , 75.8823 , 78.3643 , 51.1288 , 24.3915 , 88.5629 , 47.2763 , 70.5414 , 43.9245 , 34.0841 , 54.8136 , 84.4024 , 23.6724 , 57.6497 , 59.6208 , 66.0113 , 78.6246 , 77.0139 , 45.4797 , 78.2938 , 39.2861 , 48.5347 , 53.6419 , 56.7687 , 61.4232 , 37.3565 , 51.3573 , 46.3655 , 48.6605 , 86.3037 , 66.0198 , 41.8357 , 49.3141 , 108.665 , 42.0939 , 31.9379 , 78.9187 , 32.6874 , 69.1172 , 36.234 , 32.5848 , 81.1437 , 70.3895 , 36.7014 , 44.3691 , 37.3649 , 81.2795 , 71.2205 , 71.5539 , 42.2562 , 61.9755 , 47.0984 , 98.2871 , 41.0131 , 36.658 , 60.3122 , 46.3816 , 54.1556 , 59.4655 , 62.6617 , 69.8289 , 70.9955 , 58.3998 , 69.9491 , 88.7777 , 82.8336 , 36.2782 , 53.9919 , 46.1604 , 36.5012 , 32.7359 , 59.0192 , 57.5901 , 49.516 , 95.8436 , 44.7802 , 74.8137 , 63.3033 , 53.0292 , 45.381 , 33.4843 , 58.4585 , 60.6136 , 86.8031 , 44.4848 , 51.3793 , 51.4437 , 51.416 , 63.0921 , 70.0518 , 34.285 , 59.8708 , 50.361 , 53.3856 , 84.6282 , 47.8148 , 73.0306 , 31.0532 , 30.2565 , 34.7506 , 54.0229 , 45.5521 , 67.4414 , 51.0438 , 37.9378 , 38.3986 , 30.5912 , 51.0005 , 51.0884 , 71.0111 , 53.5038 , 45.2266 , 75.1592 , 29.6228 , 43.6883 , 29.2847 , 43.1469 , 35.5495 , 46.5423 , 57.8422 , 62.6401 , 56.7692 , 70.0156 , 60.6863 , 64.7073 , 55.9373 , 30.2172 , 51.6768 , 66.5392 , 56.7524 , 51.0892 , 41.3022 , 78.384 , 47.8223 , 78.6475 , 68.3723 , 41.8064 , 43.3788 , 84.3134 , 66.3293 , 36.9039 , 53.9656 , 44.4536 , 54.329 , 59.3468 , 60.5039 , 38.1963 , 110.926 , 49.4517 , 41.6544 , 38.0208 , 64.4002 , 36.3272 , 95.6745 , 41.8025 , 32.7781 , 40.8973 , 72.6709 , 61.3298 , 70.6258 , 31.6511 , 41.9274 , 46.5808 , 25.3626 , 98.6566 , 39.7113 , 39.5991 , 48.4212 , 49.9651 , 34.2688 , 48.5023 , 37.6879 , 66.8915 , 45.4337 , 41.6394 , 54.5392 , 39.5631 , 69.6724 , 32.6108 , 33.8193 , 79.4084 , 62.5812 , 96.791 , 54.7124 , 76.0086 , 45.7532 , 34.8084 , 54.4504 , 71.4565 , 85.3126 , 63.0966 , 30.085 , 38.7194 , 65.2543 , 40.222 , 63.5301 , 102.974 , 65.1048 , 79.9787 , 32.4411 , 60.6438 , 50.9239 , 58.2698 , 49.9902 , 56.5437 , 43.1979 , 95.2932 , 36.0516 , 47.3915 , 28.3606 , 38.5817 , 51.9017 , 43.1263 , 41.3505 , 50.0973 , 45.0711 , 47.3779 , 43.0674 , 36.4679 , 34.0273 , 31.9262 , 51.7491 , 40.3839 , 66.0998 , 27.4257 , 63.9028 , 49.9229 , 42.103 , 86.6345 , 41.8927 , 44.391 , 50.1311 , 47.3466 , 45.5237 , 52.972 , 59.3857 , 37.5798 , 61.6068 , 39.163 , 38.8029 , 32.7942 , 47.5081 , 45.0564 , 89.4053 , 52.5234 , 33.7468 , 37.5901 , 47.8104 , 67.0623 , 56.8891 , 73.9545 , 61.7737 , 110.281 , 62.5407 , 50.8907 , 42.9452 , 29.6964 , 73.0097 , 81.8301 , 75.6752 , 64.5681 , 62.4954 , 47.3925 , 71.2655 , 97.2662 , 42.4739 , 71.2376 , 59.1931 , 39.4836 , 61.3841 , 61.0815 , 65.7152 , 55.7209 , 52.209 , 29.6482 , 37.0251 , 61.8507 , 68.0565 , 42.8335 , 91.4983 , 66.0333 , 49.7997 , 39.5889 , 48.7838 , 30.6716 , 104.558 , 83.7152 , 55.5055 , 68.6718 , 59.9102 , 50.7629 , 52.0228 , 82.3132 , 70.0054 , 45.1958 , 46.5828 , 34.7042 , 70.8534 , 69.6552 , 64.0688 , 55.6236 , 34.7782 , 63.2692 , 43.5108 , 42.1051 , 40.896 , 56.0001 , 63.121 , 78.5239 , 36.0484 , 63.613 , 71.3081 , 36.3178 , 76.4085 , 50.0172 , 71.6777 , 63.5061 , 37.3347 , 40.2099 , 63.4801 , 62.2403 , 74.0851 , 40.1256 , 61.8964 , 36.4067 , 46.8587 , 72.0078 , 57.6051 , 67.9 , 41.9138 , 57.2278 , 33.6859 , 48.4542 , 69.14 , 28.2634 , 74.7071 , 48.4764 , 63.0357 , 63.4328 , 42.2992 , 41.8855 , 132.764 , 45.5687 , 58.017 , 43.7269 , 61.623 , 35.691 , 43.9879 , 92.0215 , 48.8094 , 85.2577 , 108.607 , 42.4426 , 55.9229 , 29.3962 , 65.9499 , 103.297 , 103.247 , 37.9344 , 33.0096 , 50.8591 , 43.0693 , 61.613 , 55.1428 , 42.4106 , 55.5089 , 56.3834 , 69.9633 , 88.1338 , 39.6701 , 47.2124 , 47.5588 , 47.8114 , 36.9915 , 50.9592 , 52.9998 , 89.3059 , 40.7375 , 64.8242 , 79.0706 , 38.3173 , 52.1542 , 32.7729 , 34.5178 , 33.9596 , 53.1423 , 46.3891 , 75.3936 , 43.0478 , 48.6308 , 80.3271 , 35.0124 , 27.9392 , 40.1597 , 46.7459 , 53.4118 , 77.4919 , 49.5563 , 26.5017 , 43.2776 , 81.2032 , 45.0449 , 61.0724 , 43.5388 , 67.3233 , 54.1691 , 61.5053 , 72.5216 , 27.329 , 56.5488 , 38.8074 , 38.6652 , 34.8546 , 32.541 , 50.5499 , 50.4608 , 39.8763 , 39.4809 , 79.0721 , 44.8074 , 26.0023 , 77.8227 , 34.6984 , 72.7548 , 69.8128 , 48.9919 , 33.5541 , 58.0544 , 49.5052 , 69.5974 , 64.575 , 47.1432 , 59.7723 , 32.4472 , 75.4085 , 36.4663 , 79.8947 , 49.0708 , 72.1222 , 68.4799 , 81.1636 , 47.6556 , 62.4038 , 55.8435 , 40.8405 , 83.6258 , 43.1025 , 41.7009 , 54.0744 , 44.4692 , 52.4588 , 73.7349 , 34.3484 , 54.9403 , 49.8804 , 39.6909 , 48.4523 , 46.2133 , 75.2669 , 49.8821 , 62.104 , 34.6874 , 91.6279 , 92.2798 , 55.4071 , 28.4926 , 31.8553 , 33.0983 , 50.2274 , 67.6546 , 49.0491 , 42.2802 , 48.6878 , 105.295 , 62.6747 , 51.2583 , 60.1765 , 54.7526 , 70.2531 , 30.9683 , 62.6349 , 42.0924 , 79.53 , 66.479 , 35.8009 , 35.908 , 51.2134 , 30.9544 , 45.7798 , 45.4703 , 72.6106 , 78.2761 , 63.7314 , 49.9397 , 48.9694 , 52.6344 , 81.463 , 43.1639 , 74.9902 , 80.9316 , 34.3838 , 45.8229 , 61.9023 , 46.6703 , 35.2754 , 53.6687 , 33.7296 , 45.2588 , 51.5649 , 54.6208 , 80.4173 , 39.7682 , 40.5983 , 34.2187 , 72.2226 , 31.6301 , 69.1432 , 68.035 , 34.5303 , 52.8201 , 44.9366 , 100.938 , 56.3721 , 74.679 , 78.1331 , 39.3272 , 56.5413 , 65.0514 , 55.9628 , 43.8369 , 82.8717 , 40.8474 , 33.6467 , 49.413 , 41.566 , 55.1439 , 51.0511 , 53.3736 , 58.9246 , 62.6815 , 36.855 , 47.8465 , 42.9059 , 36.8552 , 63.1176 , 144.221 , 31.9306 , 37.0256 , 46.1437 , 45.5099 , 51.7809 , 65.9104 , 50.3067 , 45.7826 , 43.0733 , 70.2308 , 41.2217 , 42.0121 , 70.6246 , 63.1373 , 63.9084 , 31.8577 , 47.0706 , 52.8687 , 76.812 , 63.5173 , 89.3935 , 43.3024 , 31.7146 , 77.9466 , 41.5584 , 46.2993 , 56.8506 , 65.7591 , 67.9057 , 33.0747 , 74.1477 , 55.9008 , 64.7548 , 81.2584 , 55.5564 , 49.0819 , 48.3189 , 43.7273 , 25.1747 , 39.5341 , 39.1727 , 40.1106 , 67.337 , 58.6465 , 46.2369 , 74.0642 , 57.0337 , 32.9467 , 44.7239 , 123.502 , 54.5502 , 67.9687 , 43.8735 , 54.6508 , 67.8416 , 96.7285 , 46.7623 , 51.1994 , 42.13 , 41.3297 , 77.4983 , 34.5978 , 54.3081 , 22.3454 , 52.9116 , 28.3926 , 40.9199 , 66.7463 , 38.526 , 53.7127 , 43.6749 , 35.4393 , 65.1832 , 36.897 , 66.4153 , 62.7806 , 33.911 , 45.9452 , 59.2498 , 40.8234 , 41.8726 , 53.5814 , 94.1185 , 54.0933 , 37.0661 , 68.8025 , 49.3576 , 84.0308 , 72.9807 , 44.7541 , 39.8045 , 88.5619 , 43.8706 , 87.2534 , 