var1=[50.8109 , 38.4573 , 63.347 , 51.1685 , 90.0311 , 58.2776 , 69.2583 , 62.666 , 76.3256 , 90.5972 , 108.081 , 63.487 , 60.5374 , 36.291 , 63.3925 , 52.6908 , 85.9143 , 79.6063 , 54.7993 , 29.5793 , 51.5418 , 71.7501 , 62.232 , 35.6361 , 68.2383 , 74.5611 , 83.6499 , 47.2164 , 48.8617 , 49.256 , 58.7308 , 35.2297 , 99.0438 , 40.2707 , 30.3159 , 57.0885 , 78.7868 , 100.838 , 37.0125 , 53.9501 , 46.4918 , 47.5413 , 48.3554 , 44.6789 , 47.8406 , 89.5035 , 29.9257 , 61.4986 , 45.6382 , 54.9348 , 56.4025 , 32.9299 , 47.8441 , 60.3513 , 54.0713 , 67.2381 , 29.0725 , 43.3921 , 68.8859 , 34.1325 , 68.8031 , 48.7214 , 33.567 , 75.3896 , 83.8551 , 52.5836 , 61.2216 , 47.539 , 58.0334 , 48.103 , 87.5628 , 63.8396 , 39.6482 , 51.8851 , 58.584 , 32.8695 , 59.0809 , 101.913 , 92.1994 , 69.654 , 67.9352 , 48.4561 , 55.6102 , 113.773 , 78.403 , 37.5208 , 50.1051 , 34.0826 , 64.5064 , 38.7529 , 76.2973 , 50.8004 , 31.7577 , 57.5296 , 78.2499 , 52.5787 , 51.6725 , 59.5067 , 57.4863 , 56.9206 , 48.1622 , 57.914 , 95.0071 , 65.9914 , 39.6169 , 59.8909 , 58.1213 , 58.308 , 70.1234 , 48.1264 , 22.3902 , 79.6626 , 38.5956 , 31.7675 , 39.6415 , 79.1052 , 62.6982 , 45.9151 , 51.4372 , 68.0296 , 42.8355 , 51.8578 , 52.3482 , 68.1376 , 62.6175 , 88.0773 , 56.5802 , 45.6959 , 38.6601 , 46.1968 , 55.3595 , 29.7079 , 46.361 , 60.956 , 88.6322 , 56.4279 , 113.883 , 70.3454 , 40.0086 , 73.5416 , 45.5071 , 30.0249 , 30.879 , 81.3649 , 121.502 , 55.6105 , 44.7906 , 67.5901 , 80.508 , 45.3096 , 110.834 , 53.9108 , 74.0116 , 40.9648 , 44.7434 , 30.9883 , 120.323 , 34.3156 , 81.1101 , 49.7059 , 62.6815 , 50.602 , 90.2881 , 75.4045 , 92.599 , 73.1402 , 81.661 , 73.6929 , 69.6953 , 60.189 , 72.7104 , 73.7775 , 44.1421 , 47.3686 , 37.1199 , 97.6279 , 57.1152 , 69.2319 , 38.7956 , 52.983 , 31.3401 , 41.4626 , 42.6175 , 29.0895 , 56.2203 , 65.1951 , 105.163 , 86.63 , 51.4417 , 64.6928 , 28.3406 , 36.2698 , 65.2385 , 74.0379 , 33.0868 , 72.146 , 88.6432 , 45.7335 , 82.0896 , 63.7977 , 42.3613 , 41.7365 , 56.3597 , 41.028 , 86.771 , 62.5081 , 68.6152 , 85.6952 , 37.8262 , 44.3889 , 71.8457 , 44.6258 , 94.2631 , 55.5838 , 68.0769 , 62.6091 , 96.0634 , 62.5155 , 39.1225 , 93.5588 , 36.9768 , 55.6165 , 55.3268 , 61.7235 , 42.1433 , 44.7314 , 53.3025 , 54.8429 , 44.6469 , 54.7366 , 61.0394 , 46.7094 , 73.0562 , 88.5518 , 41.1017 , 39.7669 , 48.8793 , 100.011 , 75.6631 , 65.7112 , 81.9837 , 72.7851 , 58.1975 , 60.8511 , 54.7312 , 64.2675 , 64.4572 , 54.0823 , 44.4147 , 124.092 , 36.353 , 49.97 , 55.4389 , 58.2591 , 83.79 , 66.6351 , 70.5012 , 47.7927 , 50.0454 , 49.4563 , 84.766 , 51.7279 , 53.4452 , 51.4351 , 52.3853 , 42.6603 , 44.4293 , 78.7404 , 76.1695 , 63.9456 , 49.6689 , 61.6257 , 47.6508 , 44.7126 , 99.6814 , 83.0797 , 35.3291 , 42.6549 , 39.8128 , 56.5019 , 49.2811 , 72.7266 , 89.2549 , 79.3976 , 60.1105 , 48.0371 , 65.2729 , 66.8779 , 59.0454 , 37.4081 , 40.0973 , 51.5236 , 85.8717 , 91.3887 , 45.1879 , 73.8989 , 112.937 , 63.2947 , 51.2511 , 96.1421 , 65.5602 , 41.895 , 39.0312 , 37.03 , 40.4497 , 34.2268 , 50.49 , 49.771 , 57.222 , 52.6448 , 75.5154 , 42.5291 , 63.5678 , 51.6311 , 58.8659 , 53.094 , 50.7752 , 40.1157 , 61.5468 , 52.5368 , 43.236 , 67.5943 , 80.1324 , 76.3977 , 72.8726 , 80.1079 , 32.942 , 48.2786 , 38.6631 , 44.2247 , 62.3454 , 33.7715 , 68.7872 , 28.6261 , 55.5293 , 42.3401 , 67.5999 , 42.8257 , 66.1649 , 58.559 , 74.7472 , 65.8548 , 39.9517 , 41.2384 , 39.7362 , 43.3918 , 46.692 , 52.2025 , 68.9529 , 50.3734 , 67.7184 , 40.3857 , 41.314 , 87.9281 , 55.8603 , 73.5997 , 45.5554 , 51.6782 , 69.0665 , 45.7587 , 68.3463 , 68.0684 , 61.3074 , 59.4675 , 53.2993 , 47.8304 , 41.9863 , 69.5958 , 76.1403 , 38.0292 , 61.8604 , 56.6535 , 58.2927 , 46.4173 , 46.346 , 51.3157 , 40.8846 , 53.9769 , 58.7264 , 67.339 , 31.0999 , 48.8762 , 58.1249 , 33.4482 , 47.8305 , 31.6898 , 49.2825 , 62.1821 , 46.5427 , 78.6315 , 44.1652 , 74.8674 , 38.078 , 45.6155 , 78.4186 , 60.7341 , 44.6509 , 66.7076 , 63.7353 , 49.4465 , 73.1282 , 64.3173 , 62.9815 , 42.0815 , 45.9555 , 30.0501 , 64.6573 , 35.8287 , 52.6613 , 55.8794 , 63.4864 , 77.3311 , 47.0182 , 81.7399 , 87.4937 , 57.8581 , 41.277 , 58.9021 , 105.843 , 66.7883 , 49.5484 , 40.0354 , 69.969 , 83.4372 , 50.4694 , 51.8838 , 40.0512 , 52.3822 , 44.8023 , 45.8755 , 57.0203 , 70.374 , 71.496 , 43.9096 , 40.5078 , 80.063 , 41.1329 , 52.1989 , 43.8198 , 44.4618 , 29.0613 , 59.1934 , 75.6061 , 46.4031 , 68.3184 , 47.8401 , 71.1831 , 32.1844 , 32.0215 , 74.4511 , 64.714 , 83.3858 , 38.986 , 34.6249 , 63.3668 , 29.7702 , 57.3834 , 90.8911 , 74.3003 , 66.3246 , 54.8303 , 66.5733 , 28.6232 , 67.2889 , 54.8525 , 83.0654 , 51.4192 , 32.5769 , 77.245 , 49.902 , 62.6186 , 32.4237 , 74.784 , 49.6385 , 39.3611 , 98.5678 , 46.6253 , 75.1894 , 72.2762 , 53.266 , 75.7843 , 76.2758 , 61.3236 , 40.666 , 45.8226 , 57.781 , 61.0615 , 49.4022 , 52.4565 , 85.0614 , 44.0261 , 56.0688 , 66.211 , 35.7701 , 47.2517 , 49.1318 , 34.7497 , 55.8983 , 54.602 , 54.4215 , 34.4256 , 39.392 , 44.2532 , 95.1671 , 37.3532 , 37.0104 , 61.1498 , 96.7966 , 70.0524 , 84.9874 , 33.4146 , 58.464 , 44.7549 , 89.6504 , 62.6175 , 28.5266 , 71.0119 , 50.0313 , 73.4772 , 45.7264 , 59.9326 , 38.1188 , 65.3334 , 62.0369 , 59.1323 , 64.646 , 58.2241 , 51.5553 , 65.5421 , 40.6781 , 26.0606 , 63.2558 , 51.6022 , 56.4268 , 49.13 , 35.2156 , 44.6429 , 44.4477 , 45.5853 , 42.9616 , 57.2843 , 40.7296 , 35.6938 , 44.3358 , 74.7542 , 64.9811 , 22.3206 , 82.4334 , 40.6353 , 47.1398 , 52.4481 , 70.0412 , 59.4216 , 54.5589 , 45.6074 , 45.4027 , 36.9103 , 96.8896 , 74.2002 , 76.0658 , 45.9115 , 59.0196 , 53.5645 , 31.0611 , 65.1053 , 67.9497 , 103.597 , 65.1216 , 55.2808 , 53.7541 , 103.21 , 52.1285 , 62.7795 , 59.3665 , 34.8559 , 70.2642 , 35.3075 , 36.5632 , 53.8042 , 125.506 , 91.7527 , 36.286 , 41.5019 , 43.4771 , 90.9944 , 56.1569 , 37.3928 , 52.6161 , 114.63 , 54.3531 , 35.0866 , 41.8302 , 57.3913 , 44.6772 , 36.9599 , 69.1193 , 78.7855 , 59.0915 , 43.3788 , 49.1907 , 66.5444 , 48.8391 , 83.1156 , 39.8864 , 96.0973 , 67.1467 , 62.4443 , 68.0145 , 44.7691 , 72.5586 , 62.2941 , 82.8034 , 74.1705 , 72.2717 , 40.7857 , 40.9657 , 77.8585 , 69.3477 , 42.6423 , 43.1471 , 40.5841 , 48.6708 , 50.3369 , 39.2954 , 29.4482 , 37.9404 , 38.1666 , 46.039 , 48.0434 , 90.7902 , 37.9024 , 42.2758 , 39.7853 , 29.7702 , 43.9599 , 54.0673 , 75.4759 , 57.7747 , 37.627 , 51.0237 , 41.9401 , 43.8391 , 57.0405 , 39.6912 , 63.8403 , 40.4422 , 35.2197 , 33.521 , 65.3959 , 82.088 , 28.911 , 43.7519 , 51.5505 , 51.3198 , 26.1909 , 74.6029 , 66.6835 , 56.1234 , 40.5622 , 69.275 , 59.5754 , 69.7964 , 51.9759 , 40.4591 , 36.6226 , 48.9135 , 41.769 , 40.7062 , 69.2712 , 84.0999 , 64.2834 , 98.8496 , 88.2467 , 48.6712 , 36.0127 , 47.2142 , 64.0874 , 56.8298 , 50.5003 , 96.8988 , 57.9217 , 53.1235 , 55.8724 , 96.5939 , 74.2366 , 81.1628 , 82.0824 , 60.7409 , 40.6335 , 50.1011 , 40.7307 , 78.6754 , 59.0753 , 110.605 , 45.7221 , 66.2788 , 58.5365 , 53.2586 , 58.7472 , 56.6613 , 22.2953 , 47.5772 , 82.1274 , 32.6497 , 90.8071 , 51.7279 , 41.1329 , 41.509 , 34.5737 , 55.7002 , 61.7973 , 49.6203 , 48.817 , 48.9474 , 66.8238 , 75.5289 , 52.6906 , 59.5325 , 62.0413 , 32.5109 , 31.5953 , 65.1985 , 78.9551 , 77.4501 , 43.702 , 63.8586 , 69.8057 , 46.7497 , 66.2228 , 62.2799 , 89.2274 , 60.7268 , 62.4352 , 41.7123 , 44.7842 , 81.4285 , 55.1383 , 52.271 , 42.2852 , 29.008 , 67.2132 , 88.1214 , 80.4288 , 52.7285 , 76.8781 , 72.7176 , 44.8452 , 49.4405 , 49.7667 , 62.5569 , 60.7094 , 49.2572 , 38.3596 , 37.9891 , 45.7165 , 62.9067 , 62.5606 , 77.971 , 70.3523 , 66.7105 , 50.7782 , 45.3192 , 70.5876 , 25.9493 , 51.8123 , 63.8938 , 42.2234 , 62.8773 , 64.5853 , 62.1393 , 75.753 , 56.0906 , 90.7298 , 66.8597 , 72.8933 , 79.7365 , 79.6911 , 38.1332 , 63.8777 , 64.6907 , 43.5669 , 51.569 , 47.724 , 65.3683 , 59.1076 , 43.9635 , 54.6887 , 38.837 , 40.5286 , 81.3381 , 71.4426 , 46.9552 , 58.3566 , 29.8033 , 65.7112 , 67.05 , 63.7461 , 86.9187 , 46.1654 , 65.4072 , 64.2596 , 43.8416 , 46.4388 , 47.3671 , 44.5335 , 48.3191 , 85.6646 , 52.5578 , 