var1=[43.7575 , 38.7663 , 43.5075 , 44.1851 , 40.945 , 75.4454 , 70.1976 , 47.1865 , 43.9688 , 42.063 , 73.4985 , 43.9737 , 84.1215 , 52.0191 , 34.4679 , 74.4664 , 72.7069 , 49.2653 , 52.1246 , 54.4277 , 81.8583 , 32.8369 , 43.1699 , 50.6633 , 55.5713 , 47.5384 , 69.7582 , 34.0551 , 37.1044 , 53.5206 , 26.4067 , 49.65 , 75.4973 , 38.725 , 36.0832 , 42.1706 , 59.9562 , 28.7607 , 38.1679 , 51.5334 , 53.0233 , 56.2015 , 67.8599 , 121.812 , 83.9465 , 45.1671 , 36.76 , 57.4639 , 67.2316 , 27.2574 , 49.0867 , 34.4567 , 41.1256 , 50.6469 , 80.8503 , 84.9991 , 55.1101 , 36.2872 , 48.8701 , 52.102 , 57.4133 , 80.8188 , 80.2358 , 94.9323 , 61.6227 , 60.0242 , 40.1917 , 31.7545 , 31.5261 , 45.5753 , 68.7114 , 61.2095 , 89.3207 , 62.4079 , 42.173 , 66.4522 , 63.6109 , 48.4917 , 59.7175 , 61.8101 , 40.1995 , 56.6523 , 43.9759 , 76.1342 , 46.6763 , 45.4118 , 33.8326 , 60.9166 , 100.845 , 35.2859 , 46.258 , 55.3742 , 62.7736 , 35.5784 , 89.8596 , 41.5339 , 80.0124 , 47.9514 , 54.4429 , 74.3629 , 54.9222 , 44.7166 , 46.2318 , 83.9927 , 78.5887 , 48.6186 , 33.7955 , 34.8619 , 49.2047 , 56.353 , 31.6288 , 46.5079 , 74.6701 , 51.0874 , 79.9726 , 74.4936 , 48.9098 , 31.6614 , 31.9444 , 42.5521 , 79.9796 , 52.0125 , 44.8047 , 38.2756 , 75.8166 , 80.727 , 41.6873 , 67.4805 , 34.4102 , 96.2542 , 36.0561 , 41.3337 , 58.5097 , 56.3664 , 38.6012 , 29.4301 , 87.8349 , 47.0541 , 56.5126 , 36.5149 , 60.8412 , 44.2901 , 58.8599 , 38.2147 , 98.3868 , 34.5972 , 29.4727 , 41.5056 , 72.1107 , 59.8127 , 52.2937 , 34.7585 , 66.7297 , 34.9518 , 65.4252 , 34.5529 , 59.3217 , 73.2154 , 82.8408 , 44.1254 , 40.8139 , 79.4169 , 30.304 , 50.4443 , 69.8216 , 76.745 , 66.3509 , 81.5464 , 49.9402 , 38.5111 , 36.6043 , 52.242 , 30.1741 , 64.1134 , 89.4357 , 72.8782 , 77.1703 , 33.8842 , 29.2763 , 62.3647 , 51.6887 , 42.9239 , 58.3137 , 82.9015 , 32.6393 , 64.686 , 53.7694 , 38.4684 , 73.0513 , 61.0775 , 61.4425 , 57.8315 , 66.7846 , 31.8022 , 27.4815 , 36.2343 , 47.0983 , 50.5909 , 42.7202 , 71.0421 , 32.3914 , 38.9747 , 73.4455 , 67.0439 , 49.9555 , 40.3469 , 44.1276 , 68.9068 , 61.2949 , 53.8423 , 56.3539 , 55.1291 , 56.5182 , 55.8826 , 38.7033 , 34.0085 , 70.0009 , 50.0135 , 35.552 , 61.1552 , 51.9693 , 54.4928 , 49.419 , 50.1956 , 33.2612 , 52.6356 , 57.5154 , 84.4622 , 67.8347 , 55.5616 , 77.2866 , 111.534 , 44.8021 , 41.8837 , 47.7435 , 27.9629 , 31.2727 , 72.6791 , 65.4488 , 46.0588 , 53.1436 , 58.4208 , 34.2804 , 63.8022 , 30.8205 , 42.8268 , 45.0855 , 50.6024 , 39.2982 , 54.3026 , 58.5742 , 35.667 , 50.4246 , 70.4033 , 81.978 , 90.6073 , 30.3276 , 41.1389 , 42.2421 , 96.5267 , 67.1169 , 42.454 , 52.7993 , 59.4203 , 61.2845 , 60.1255 , 39.1228 , 42.781 , 63.6943 , 58.6127 , 39.3793 , 35.0376 , 40.9605 , 27.4734 , 75.0374 , 61.4902 , 76.6723 , 41.0232 , 48.6922 , 54.6039 , 59.0469 , 27.9118 , 42.2955 , 38.0033 , 45.907 , 39.4901 , 38.2813 , 77.1095 , 54.0787 , 44.7497 , 68.5222 , 36.4844 , 55.0412 , 67.8196 , 39.4522 , 70.3132 , 38.5417 , 56.2209 , 34.2254 , 41.169 , 84.555 , 31.0025 , 36.6222 , 79.2522 , 55.7764 , 53.0414 , 26.9476 , 35.3279 , 48.6524 , 32.4327 , 80.3186 , 31.7459 , 36.9362 , 51.5503 , 46.634 , 57.1367 , 68.8821 , 71.273 , 57.7448 , 58.2392 , 43.602 , 39.7703 , 52.6843 , 40.3363 , 85.4606 , 41.2836 , 49.6421 , 37.4692 , 51.0972 , 77.1372 , 43.9931 , 42.8458 , 51.4668 , 67.6022 , 42.1106 , 34.594 , 54.3577 , 42.5485 , 53.7007 , 57.7929 , 30.0492 , 38.894 , 50.0831 , 82.0165 , 60.2394 , 39.1151 , 76.6647 , 37.5472 , 66.034 , 77.8397 , 59.9258 , 36.4208 , 53.2836 , 61.025 , 39.4514 , 61.3137 , 52.6238 , 33.5271 , 45.9973 , 43.9555 , 89.296 , 42.7773 , 46.021 , 38.9197 , 41.9529 , 41.2574 , 56.4568 , 50.6626 , 49.8812 , 45.565 , 33.2017 , 35.3904 , 67.1766 , 43.3253 , 60.7194 , 34.3521 , 48.5596 , 45.8509 , 32.0914 , 62.6593 , 46.3488 , 52.6256 , 92.2999 , 61.6477 , 32.5757 , 52.6555 , 42.33 , 48.6876 , 68.8055 , 39.8441 , 52.8945 , 65.4661 , 41.515 , 40.7864 , 69.9747 , 57.2453 , 75.7617 , 42.3802 , 64.7336 , 43.9964 , 81.4566 , 60.8564 , 87.0034 , 43.8733 , 47.6043 , 44.0245 , 48.0008 , 42.6886 , 40.1678 , 49.0161 , 51.5391 , 51.5976 , 38.6024 , 65.3307 , 78.5395 , 45.4427 , 56.9372 , 75.2981 , 120.677 , 55.6281 , 38.3008 , 70.7818 , 43.1316 , 50.5491 , 83.4743 , 43.9772 , 44.8433 , 49.4317 , 39.8809 , 56.3874 , 58.3481 , 46.6473 , 61.6711 , 65.3607 , 95.488 , 60.5242 , 40.3671 , 93.8465 , 35.3739 , 94.6481 , 28.0758 , 54.8306 , 31.2752 , 28.0012 , 83.3609 , 40.5855 , 104.915 , 47.4562 , 39.9147 , 59.2188 , 36.0948 , 48.9564 , 73.5259 , 49.0236 , 37.7427 , 52.2949 , 49.2985 , 40.3752 , 59.3753 , 64.4839 , 65.8637 , 78.0392 , 42.2157 , 58.6734 , 38.8851 , 67.2307 , 50.3049 , 50.62 , 67.2076 , 56.4154 , 34.5125 , 44.1645 , 66.3713 , 55.9423 , 71.0743 , 36.2452 , 33.4581 , 70.498 , 42.9021 , 61.6279 , 65.0679 , 67.5467 , 61.8439 , 54.0207 , 45.5699 , 34.7632 , 36.1688 , 63.2399 , 74.2318 , 66.3096 , 38.0307 , 75.4825 , 64.9583 , 63.637 , 51.1861 , 41.7905 , 31.1969 , 37.0324 , 39.3441 , 45.0286 , 41.038 , 40.1396 , 50.7183 , 54.6071 , 57.2054 , 55.2189 , 78.1041 , 51.7733 , 75.5387 , 72.2259 , 48.9943 , 60.7611 , 57.3347 , 55.6982 , 55.6345 , 51.7254 , 64.5602 , 42.9303 , 57.7557 , 94.5909 , 47.0777 , 70.7415 , 57.6745 , 44.1316 , 54.348 , 36.4797 , 60.5984 , 36.5474 , 66.3461 , 42.0455 , 39.8878 , 69.4665 , 59.6487 , 64.6717 , 49.7982 , 25.2929 , 57.5403 , 53.6879 , 59.8804 , 29.6544 , 60.8717 , 34.4245 , 67.2101 , 42.9815 , 41.5664 , 72.7295 , 46.3813 , 44.6545 , 86.2037 , 47.4299 , 46.7605 , 64.0757 , 39.8614 , 48.2043 , 79.3126 , 78.8676 , 69.3153 , 48.9001 , 52.4061 , 42.0055 , 69.8758 , 65.4949 , 81.2695 , 48.5806 , 68.2972 , 68.801 , 89.0242 , 79.8274 , 78.2253 , 54.9456 , 51.4782 , 39.4728 , 56.2667 , 67.3549 , 32.7435 , 34.6598 , 34.0185 , 28.776 , 44.9082 , 73.0872 , 67.0602 , 55.3085 , 61.8783 , 40.2342 , 50.8087 , 37.4328 , 26.075 , 81.6794 , 75.9963 , 73.2074 , 69.8108 , 75.8591 , 36.8503 , 40.2329 , 40.5912 , 45.8036 , 66.5117 , 39.2175 , 44.8937 , 59.8813 , 47.853 , 80.6793 , 48.2287 , 60.6198 , 93.0303 , 42.7131 , 35.6125 , 87.3042 , 40.6058 , 32.943 , 58.174 , 82.5761 , 40.28 , 49.3859 , 43.5662 , 55.9308 , 102.963 , 46.2743 , 43.0566 , 50.4246 , 43.4977 , 58.8563 , 66.2217 , 59.7347 , 69.0157 , 70.5025 , 47.1933 , 53.2025 , 60.9719 , 39.4255 , 44.0214 , 68.4451 , 54.0026 , 65.4988 , 53.6365 , 50.9927 , 64.1592 , 48.4446 , 59.3225 , 47.7514 , 27.6772 , 36.9265 , 35.508 , 76.792 , 55.0542 , 36.4107 , 58.7046 , 67.416 , 62.4773 , 43.3528 , 51.4705 , 35.3813 , 56.2401 , 38.0338 , 49.8761 , 40.6608 , 37.3455 , 63.1063 , 57.5226 , 68.5212 , 78.5916 , 42.7697 , 91.6337 , 65.0178 , 64.8883 , 55.4757 , 33.1495 , 67.2475 , 54.9463 , 44.3404 , 49.7532 , 28.1308 , 38.3897 , 46.7475 , 54.6475 , 52.1066 , 43.0173 , 54.2069 , 32.7199 , 48.4705 , 44.5685 , 41.3277 , 48.207 , 42.5739 , 39.1108 , 64.0388 , 47.2635 , 71.3159 , 34.5477 , 56.5561 , 73.6982 , 35.2946 , 69.3143 , 75.8625 , 48.7077 , 69.7191 , 46.6288 , 77.0388 , 68.8411 , 65.4819 , 49.593 , 42.3893 , 59.8217 , 50.5496 , 53.3773 , 42.2131 , 59.1026 , 73.8753 , 64.1525 , 58.8954 , 68.072 , 67.2018 , 74.7704 , 42.8947 , 48.947 , 59.5669 , 33.3144 , 62.2075 , 39.543 , 61.8713 , 56.3512 , 80.7207 , 57.1931 , 31.0699 , 37.9334 , 51.0043 , 52.7176 , 42.2414 , 51.7322 , 83.9535 , 72.5863 , 54.5422 , 66.236 , 42.4907 , 62.9265 , 47.1632 , 40.3844 , 41.8211 , 68.4851 , 46.493 , 59.9986 , 37.1864 , 65.7203 , 30.9184 , 51.311 , 57.1012 , 38.3603 , 65.4799 , 33.5337 , 64.6634 , 46.524 , 46.6127 , 33.9499 , 40.9714 , 57.8493 , 63.1845 , 63.9341 , 68.3766 , 39.9306 , 42.7154 , 59.1628 , 95.7552 , 40.2611 , 42.2593 , 69.2647 , 45.6459 , 53.768 , 31.6034 , 61.6123 , 85.0657 , 53.0958 , 44.1405 , 63.7851 , 54.5176 , 68.9993 , 66.2471 , 64.4296 , 38.0503 , 90.6452 , 56.2407 , 59.3432 , 51.8949 , 48.8449 , 32.5521 , 55.3348 , 62.3353 , 75.2999 , 33.4225 , 46.5936 , 85.8304 , 29.7996 , 30.1726 , 43.3673 , 36.6596 , 70.7128 , 76.6536 , 56.5661 , 53.8271 , 44.8357 , 53.7518 , 68.1659 , 34.4025 , 47.7321 , 33.9773 , 45.0614 , 36.8418 , 