var1=[34.142 , 45.3372 , 49.4039 , 54.8024 , 96.0704 , 80.2655 , 38.4854 , 77.2542 , 44.9234 , 50.003 , 53.7367 , 98.0914 , 73.5715 , 73.2671 , 41.5345 , 42.7434 , 48.6159 , 65.5041 , 58.0238 , 59.5593 , 49.2171 , 68.4196 , 36.3289 , 64.3869 , 31.6117 , 45.8056 , 46.452 , 36.6424 , 45.0413 , 32.167 , 65.9539 , 74.3227 , 105.991 , 64.5788 , 27.8312 , 40.4776 , 65.0407 , 58.9775 , 59.5844 , 73.1856 , 41.8869 , 35.4287 , 112.916 , 89.6885 , 69.8229 , 48.6416 , 50.8793 , 35.9348 , 54.9716 , 50.4858 , 81.2648 , 32.5145 , 44.9532 , 41.1971 , 41.0603 , 42.5814 , 106.888 , 46.4331 , 68.9081 , 62.7679 , 68.5854 , 52.583 , 57.5393 , 60.0347 , 29.7798 , 76.117 , 58.6902 , 44.2378 , 56.0918 , 37.6792 , 52.3013 , 45.4745 , 57.4012 , 72.7053 , 46.0973 , 25.3407 , 34.5009 , 58.4699 , 53.6112 , 72.745 , 83.6639 , 76.1833 , 49.967 , 113.345 , 48.9138 , 42.3391 , 46.9786 , 53.2494 , 54.498 , 59.7026 , 75.3451 , 46.6569 , 35.0956 , 38.5616 , 58.7523 , 61.9634 , 31.7924 , 38.3657 , 52.3364 , 61.7337 , 29.061 , 57.2894 , 49.415 , 45.486 , 57.1686 , 101.805 , 43.2212 , 77.5203 , 41.6314 , 50.1156 , 43.2512 , 67.3017 , 55.3226 , 33.8533 , 52.5094 , 47.3798 , 33.3123 , 31.8272 , 50.3124 , 42.0844 , 47.9918 , 58.5061 , 53.5803 , 63.4227 , 53.2369 , 47.2699 , 42.6882 , 53.4171 , 39.9288 , 54.872 , 45.0365 , 104.523 , 105.487 , 37.7456 , 56.752 , 68.5554 , 43.6612 , 59.5631 , 49.4954 , 36.2761 , 58.1749 , 63.7236 , 51.6145 , 53.1683 , 60.8309 , 33.5631 , 34.04 , 37.2083 , 28.4734 , 34.8439 , 57.917 , 41.2835 , 110.249 , 40.0189 , 62.7607 , 36.1948 , 56.408 , 26.2359 , 71.3761 , 51.4093 , 36.2684 , 49.0786 , 42.2935 , 84.558 , 35.465 , 77.4702 , 66.3392 , 31.2056 , 67.3333 , 61.8776 , 45.2476 , 46.1338 , 26.1963 , 88.8477 , 38.7406 , 43.5817 , 32.4867 , 36.3147 , 58.3282 , 75.1706 , 35.8446 , 95.4868 , 55.719 , 86.7658 , 36.7684 , 59.7761 , 54.004 , 101.649 , 28.4531 , 75.5428 , 44.9209 , 35.4757 , 39.9805 , 37.0499 , 26.2525 , 98.4235 , 44.7263 , 51.0713 , 49.2637 , 103.699 , 36.4682 , 34.9243 , 51.5961 , 47.9423 , 66.8542 , 48.4698 , 68.4873 , 44.198 , 88.5972 , 36.9367 , 63.1489 , 31.6987 , 90.6835 , 66.792 , 71.7207 , 55.5456 , 65.3282 , 68.5928 , 79.5352 , 57.5693 , 37.1371 , 54.6475 , 46.5702 , 39.2778 , 49.7575 , 54.3015 , 81.0313 , 44.8418 , 66.6184 , 33.0289 , 57.5373 , 37.6277 , 44.399 , 42.6729 , 31.2302 , 32.6417 , 56.0353 , 49.2092 , 87.187 , 55.1645 , 99.1642 , 83.9088 , 59.3488 , 82.8076 , 34.6356 , 62.3719 , 52.7541 , 79.4794 , 62.1762 , 56.257 , 82.8781 , 42.0092 , 50.3879 , 33.369 , 72.5241 , 78.4738 , 52.1888 , 69.1623 , 34.9808 , 100.894 , 56.2955 , 47.9112 , 33.7973 , 44.8454 , 34.6294 , 39.8612 , 36.9094 , 43.9552 , 41.5352 , 52.3524 , 38.492 , 71.2187 , 58.2038 , 49.021 , 33.4624 , 60.3337 , 66.1399 , 51.2508 , 70.3429 , 60.7475 , 41.6205 , 33.1067 , 38.874 , 49.6689 , 34.5528 , 44.4086 , 42.9793 , 53.1972 , 54.7268 , 47.1861 , 78.9281 , 58.1263 , 51.0585 , 45.1919 , 66.6468 , 64.9976 , 40.7883 , 44.2891 , 49.2273 , 47.0975 , 51.2361 , 63.5489 , 42.8158 , 49.779 , 43.939 , 79.6023 , 29.8491 , 68.49 , 75.3304 , 54.542 , 58.4478 , 45.3948 , 34.2831 , 58.3186 , 57.1516 , 98.7383 , 70.6167 , 74.8916 , 43.5828 , 70.8209 , 39.2894 , 54.9137 , 64.0454 , 39.8474 , 73.0368 , 47.636 , 36.4589 , 30.3324 , 52.8071 , 49.8746 , 80.3754 , 28.0139 , 65.8676 , 48.666 , 32.0583 , 37.6371 , 55.4719 , 41.449 , 38.9616 , 35.1501 , 63.521 , 42.1744 , 81.6123 , 40.4451 , 36.2125 , 58.136 , 55.0426 , 81.4629 , 66.6763 , 37.2099 , 41.7897 , 56.8177 , 52.0925 , 34.7019 , 36.4762 , 64.7886 , 49.2697 , 27.6295 , 50.8486 , 67.9089 , 71.5718 , 39.3745 , 64.4191 , 32.1268 , 76.4693 , 60.2462 , 41.2684 , 35.9971 , 43.4621 , 62.8352 , 64.3168 , 47.5457 , 58.8294 , 34.4832 , 67.7659 , 41.0183 , 57.686 , 41.7992 , 33.518 , 47.3501 , 54.2012 , 41.3524 , 47.0208 , 63.2713 , 41.0679 , 59.4277 , 75.709 , 73.4887 , 62.8437 , 49.5929 , 70.436 , 57.7928 , 60.5676 , 29.9656 , 66.8176 , 48.297 , 66.6334 , 56.1981 , 41.7715 , 55.3622 , 63.5134 , 32.3307 , 38.0049 , 54.2398 , 41.2852 , 84.7359 , 47.5618 , 45.2172 , 45.7636 , 89.0605 , 59.7201 , 46.3995 , 35.6238 , 37.1541 , 60.9088 , 51.2733 , 60.9634 , 55.0316 , 60.4155 , 45.3027 , 31.7698 , 47.3681 , 50.5117 , 43.0298 , 50.6653 , 55.7405 , 38.2125 , 43.1127 , 72.9383 , 56.8228 , 36.6208 , 36.0922 , 67.8169 , 35.4085 , 52.9463 , 35.9685 , 45.0275 , 45.1223 , 44.175 , 39.5028 , 55.0311 , 48.0517 , 62.1595 , 61.3408 , 69.0352 , 31.9129 , 56.6982 , 55.0434 , 36.3359 , 52.1664 , 65.884 , 67.2662 , 49.2154 , 35.793 , 58.4712 , 62.937 , 71.9416 , 37.0245 , 53.1685 , 64.3752 , 63.1327 , 27.953 , 28.7632 , 35.3224 , 55.9454 , 51.7239 , 34.9595 , 34.7412 , 47.6887 , 53.9607 , 45.801 , 61.741 , 62.5857 , 80.3241 , 62.285 , 40.3611 , 52.0792 , 40.3044 , 61.2145 , 58.2176 , 39.1178 , 61.959 , 56.0107 , 95.5281 , 49.1103 , 23.7605 , 51.3866 , 41.4866 , 52.969 , 45.256 , 41.7779 , 59.6691 , 85.6274 , 33.8151 , 38.2115 , 75.6285 , 43.2967 , 23.9833 , 55.2559 , 61.6137 , 60.9184 , 65.8612 , 55.1746 , 49.7229 , 36.9926 , 44.4246 , 42.4656 , 38.9769 , 36.2634 , 121.756 , 37.9621 , 51.4926 , 61.3441 , 63.7461 , 43.7869 , 86.8987 , 46.4479 , 51.6005 , 54.0323 , 73.4899 , 33.0295 , 47.6613 , 49.719 , 65.9379 , 73.6758 , 66.8609 , 46.2377 , 82.5137 , 38.7978 , 48.1857 , 29.7353 , 49.0347 , 66.4496 , 49.0387 , 71.1322 , 45.0718 , 58.5506 , 41.6256 , 66.7761 , 42.0396 , 41.077 , 35.2628 , 85.547 , 47.799 , 61.8526 , 92.8856 , 37.771 , 43.7426 , 33.5072 , 29.4143 , 44.978 , 95.338 , 33.1716 , 94.1923 , 60.1177 , 58.389 , 32.5544 , 39.9807 , 45.5118 , 48.4034 , 53.1177 , 65.721 , 45.4385 , 47.1809 , 43.7857 , 50.8461 , 60.8925 , 85.1336 , 44.6287 , 40.9863 , 36.7698 , 63.8678 , 71.9789 , 80.5565 , 71.8634 , 64.8939 , 37.7089 , 73.1945 , 41.1439 , 64.3331 , 52.6897 , 36.8942 , 49.0223 , 35.0071 , 41.1526 , 57.9995 , 32.2621 , 74.5591 , 56.9347 , 54.1216 , 70.8915 , 30.6234 , 44.8558 , 44.574 , 51.4359 , 42.5772 , 46.7458 , 41.0716 , 46.655 , 41.5442 , 52.0473 , 31.8329 , 69.6264 , 45.2856 , 64.5096 , 90.6873 , 60.7348 , 30.2062 , 46.7824 , 34.4252 , 53.439 , 43.4666 , 44.6005 , 61.0655 , 46.773 , 46.281 , 48.5241 , 33.7888 , 33.1119 , 29.8678 , 36.3334 , 41.4261 , 80.7334 , 84.1012 , 92.9242 , 53.942 , 46.2165 , 63.1713 , 44.1486 , 76.3549 , 37.5144 , 33.8563 , 28.4227 , 33.1911 , 50.3809 , 51.4533 , 51.2599 , 46.9361 , 80.622 , 64.4256 , 58.3296 , 30.7342 , 33.402 , 50.0272 , 64.7235 , 64.5905 , 35.4969 , 50.8444 , 62.4022 , 56.0209 , 36.1548 , 40.812 , 54.1002 , 49.9512 , 88.9653 , 39.4187 , 52.6103 , 95.2029 , 53.6741 , 57.3781 , 82.7684 , 39.1828 , 49.5912 , 34.6501 , 74.4684 , 36.0258 , 65.7825 , 86.0962 , 79.6189 , 39.4508 , 39.1208 , 30.6377 , 61.9042 , 39.8745 , 40.5651 , 46.8896 , 59.5327 , 39.8462 , 29.6168 , 50.58 , 52.1082 , 33.3629 , 31.8818 , 70.8508 , 48.788 , 45.8506 , 70.7923 , 47.4829 , 44.9616 , 36.3593 , 46.9881 , 56.6435 , 51.9487 , 52.7728 , 30.9358 , 58.1596 , 95.8831 , 38.8003 , 55.4642 , 66.836 , 54.8373 , 33.0306 , 60.3941 , 89.5443 , 74.8248 , 42.1361 , 64.1877 , 54.3196 , 78.0526 , 75.1219 , 45.3727 , 46.3186 , 55.9635 , 47.8522 , 24.9844 , 38.074 , 56.548 , 38.7205 , 68.0955 , 54.443 , 34.7303 , 87.4133 , 66.3188 , 51.7744 , 62.4488 , 50.9525 , 77.5084 , 38.2245 , 69.5773 , 73.2618 , 40.8919 , 56.1351 , 90.2192 , 37.0472 , 45.0488 , 92.2427 , 46.2239 , 35.5655 , 61.3412 , 87.3675 , 82.1319 , 42.0241 , 34.0652 , 33.7092 , 52.494 , 44.9633 , 31.4647 , 52.3286 , 49.1952 , 109.02 , 54.6539 , 28.158 , 81.6119 , 47.2332 , 40.9608 , 41.1618 , 45.306 , 68.2857 , 40.9803 , 41.4302 , 53.114 , 94.3755 , 48.1546 , 38.7573 , 63.0096 , 81.7 , 43.9746 , 32.6786 , 60.8154 , 67.5454 , 28.2997 , 32.7638 , 92.282 , 85.959 , 69.3543 , 63.5553 , 49.723 , 55.0975 , 59.1345 , 42.0354 , 60.3495 , 55.3326 , 70.4524 , 33.0502 , 43.7285 , 38.8258 , 69.8299 , 51.5932 , 48.0063 , 48.7057 , 28.0939 , 57.0195 , 64.8074 , 41.814 , 64.6993 , 101.243 , 29.4929 , 74.2993 , 49.1882 , 53.1008 , 93.1817 , 42.2468 , 75.9913 , 53.1074 , 33.6884 , 76.2979 , 79.9892 , 95.0333 , 31.8484 