var1=[52.7625 , 91.828 , 70.3934 , 49.1909 , 66.1587 , 49.7001 , 79.6653 , 34.0801 , 35.421 , 56.5174 , 58.0593 , 34.1933 , 63.0995 , 46.5096 , 74.2829 , 48.2885 , 51.0348 , 93.3043 , 64.8678 , 51.4953 , 64.7106 , 36.6072 , 46.877 , 52.9302 , 39.0958 , 65.1353 , 65.9372 , 48.5311 , 34.2629 , 39.2451 , 66.3904 , 82.9755 , 79.2241 , 41.3951 , 60.0726 , 69.9041 , 37.8124 , 34.3655 , 88.5004 , 44.4384 , 46.2347 , 41.0286 , 40.9481 , 78.1455 , 62.6246 , 81.5427 , 41.8111 , 54.8738 , 49.1483 , 31.2812 , 74.6064 , 35.3821 , 37.853 , 62.9629 , 35.687 , 37.8377 , 43.7209 , 93.8863 , 58.9797 , 42.947 , 70.7774 , 35.7664 , 69.6201 , 57.8827 , 68.1945 , 86.8456 , 77.8161 , 47.7677 , 77.8883 , 55.045 , 47.2012 , 72.3913 , 77.7909 , 55.6873 , 64.7463 , 48.82 , 62.1796 , 61.0588 , 32.5722 , 64.5166 , 102.715 , 92.1733 , 57.4868 , 78.9556 , 41.4371 , 59.208 , 27.5787 , 62.9195 , 74.4299 , 40.9551 , 53.0876 , 26.9377 , 103.361 , 84.8118 , 73.3536 , 40.6585 , 73.1446 , 40.4584 , 38.7319 , 60.0574 , 54.9777 , 97.6734 , 68.0029 , 47.5288 , 59.9669 , 47.9921 , 58.2015 , 56.1397 , 34.367 , 39.4061 , 45.1026 , 49.8121 , 76.6598 , 58.4786 , 33.2429 , 91.1011 , 39.6013 , 31.2502 , 46.2597 , 35.9977 , 49.3291 , 37.0688 , 43.5588 , 69.6231 , 48.0882 , 29.2127 , 61.6895 , 57.209 , 47.6318 , 53.6414 , 34.4543 , 41.4455 , 33.8113 , 41.3305 , 85.5355 , 107.344 , 65.1507 , 38.2675 , 54.6627 , 46.0195 , 45.7621 , 61.4335 , 40.992 , 49.1577 , 71.6721 , 30.8857 , 64.0457 , 46.8044 , 39.1527 , 55.4612 , 55.533 , 57.8877 , 71.2801 , 44.0478 , 36.9386 , 49.8635 , 101.41 , 45.703 , 67.0222 , 71.3042 , 35.639 , 82.9264 , 42.7876 , 36.9979 , 50.9375 , 45.5644 , 82.0316 , 79.4101 , 45.8604 , 51.8232 , 39.8109 , 48.0111 , 51.4073 , 74.488 , 50.8193 , 61.9839 , 47.2615 , 32.421 , 48.0752 , 65.0719 , 54.1604 , 68.2969 , 33.9499 , 56.9123 , 36.9102 , 69.4667 , 47.3081 , 41.9305 , 53.5026 , 53.8115 , 43.4818 , 30.3446 , 78.3554 , 49.6843 , 62.4862 , 45.3763 , 91.6759 , 50.7005 , 91.7754 , 71.8948 , 41.0847 , 64.5634 , 45.5901 , 64.1121 , 43.0917 , 86.6454 , 50.8372 , 90.4323 , 58.827 , 37.185 , 62.259 , 42.4313 , 76.2926 , 78.9117 , 49.9915 , 61.0058 , 56.241 , 56.2808 , 49.5212 , 48.4514 , 45.0275 , 47.37 , 71.9133 , 60.9036 , 61.3103 , 75.8556 , 46.3981 , 39.6063 , 57.6406 , 44.9118 , 51.4625 , 50.7896 , 74.1741 , 60.0353 , 41.7139 , 66.0001 , 45.5393 , 50.1403 , 48.1772 , 61.0962 , 85.9997 , 39.1813 , 47.3675 , 69.0803 , 35.4899 , 62.9361 , 58.8421 , 55.7114 , 63.9844 , 42.5223 , 46.4108 , 53.2014 , 33.3804 , 53.1521 , 48.0295 , 108.069 , 39.827 , 62.7666 , 45.5965 , 51.3765 , 49.0443 , 80.4254 , 49.8996 , 40.8013 , 49.5705 , 47.952 , 112.399 , 43.3116 , 94.2437 , 79.1844 , 38.3766 , 76.5199 , 47.571 , 50.6931 , 37.1494 , 101.672 , 68.1752 , 32.9954 , 39.3595 , 75.7863 , 55.1995 , 71.2396 , 42.0124 , 22.7339 , 28.7916 , 99.4631 , 54.7493 , 45.5763 , 57.1817 , 60.6545 , 56.8693 , 70.7109 , 42.9821 , 47.7575 , 95.1548 , 62.9273 , 77.962 , 34.6718 , 24.1379 , 78.3888 , 49.849 , 48.897 , 47.1503 , 33.9172 , 57.4944 , 40.0132 , 41.1582 , 30.0461 , 82.202 , 47.5654 , 46.0608 , 28.3934 , 58.0412 , 86.8039 , 53.7557 , 34.2743 , 46.8216 , 66.6536 , 36.7252 , 58.2075 , 45.0788 , 43.0707 , 72.3739 , 58.1424 , 50.859 , 76.7478 , 36.4071 , 31.4618 , 44.3859 , 39.6672 , 62.3833 , 57.1235 , 58.9848 , 54.2455 , 44.8582 , 50.0654 , 47.5871 , 46.8382 , 50.3425 , 37.3373 , 32.2267 , 42.2325 , 28.7446 , 53.654 , 47.7104 , 23.4655 , 51.7286 , 50.2268 , 90.4763 , 36.4602 , 34.5535 , 54.6342 , 69.9377 , 59.621 , 54.4041 , 112.87 , 44.9553 , 28.764 , 43.5822 , 38.552 , 50.6778 , 82.7508 , 32.9108 , 67.7358 , 43.3731 , 48.3645 , 25.6648 , 39.0861 , 33.5907 , 37.3971 , 28.5179 , 33.3932 , 71.4085 , 71.7165 , 71.9022 , 40.8212 , 38.483 , 101.446 , 66.2893 , 45.3344 , 32.7917 , 65.6111 , 58.3426 , 59.546 , 52.6901 , 87.9508 , 50.1828 , 72.703 , 64.2173 , 46.3794 , 84.2692 , 53.1368 , 53.6858 , 38.7629 , 100.568 , 105.21 , 70.7745 , 34.5202 , 57.3814 , 41.0114 , 66.0394 , 48.7705 , 88.5247 , 75.3925 , 58.4443 , 28.3669 , 40.7022 , 80.236 , 43.3278 , 52.0787 , 49.4797 , 43.7357 , 53.9534 , 28.8356 , 41.9882 , 43.6925 , 39.1111 , 59.0356 , 55.9054 , 56.2483 , 66.8913 , 50.7531 , 35.7993 , 40.4222 , 74.0473 , 43.9027 , 62.8986 , 79.0934 , 49.5781 , 55.2231 , 64.1893 , 35.9248 , 60.6334 , 49.4866 , 40.288 , 49.3595 , 52.1308 , 28.6135 , 49.6999 , 56.7107 , 82.5325 , 79.5447 , 30.8478 , 62.9488 , 56.9742 , 42.0432 , 65.3118 , 63.7031 , 55.6913 , 42.1601 , 43.3015 , 73.3326 , 50.7604 , 32.6187 , 42.8162 , 34.6933 , 51.3916 , 60.6417 , 68.8859 , 54.1228 , 65.9283 , 52.8174 , 48.8777 , 63.8242 , 71.9394 , 71.221 , 52.8734 , 69.7571 , 64.366 , 55.7274 , 44.2316 , 36.2574 , 39.9278 , 31.8493 , 71.1255 , 38.0196 , 34.1463 , 81.9682 , 50.7449 , 53.8611 , 74.7021 , 52.8835 , 50.7053 , 73.7681 , 54.7083 , 47.6241 , 45.1158 , 43.5834 , 96.9389 , 51.5071 , 55.9825 , 44.4184 , 63.8519 , 42.0246 , 30.7742 , 40.3556 , 60.7386 , 48.5802 , 65.1872 , 53.9694 , 53.0987 , 54.1411 , 56.7795 , 46.1518 , 54.3752 , 29.2565 , 62.2315 , 76.4789 , 56.7426 , 55.8204 , 35.0716 , 43.4151 , 49.946 , 59.966 , 34.4828 , 55.8918 , 64.0934 , 99.5718 , 33.0468 , 47.2355 , 37.836 , 52.0444 , 64.8671 , 52.9558 , 31.4326 , 53.7095 , 40.4893 , 49.239 , 43.1247 , 46.2059 , 45.6053 , 50.1018 , 52.9215 , 40.4417 , 94.5698 , 30.9074 , 76.0954 , 30.3598 , 71.3786 , 41.2316 , 76.7454 , 47.3182 , 39.3808 , 25.5145 , 58.6603 , 69.6887 , 25.8738 , 55.9321 , 39.5449 , 49.018 , 47.7718 , 64.5263 , 61.5486 , 47.6076 , 50.446 , 59.0417 , 54.4724 , 42.101 , 71.8995 , 34.451 , 41.3476 , 53.951 , 48.4765 , 31.6948 , 38.0502 , 105.657 , 56.1294 , 64.2651 , 52.6012 , 89.1947 , 56.8349 , 55.4835 , 57.4176 , 88.5249 , 71.9214 , 39.898 , 46.6018 , 47.272 , 73.2004 , 42.2116 , 36.1043 , 75.9699 , 34.0709 , 49.0284 , 64.833 , 69.4272 , 30.3192 , 59.5474 , 67.7763 , 56.2368 , 92.2863 , 39.8357 , 57.0405 , 38.8256 , 51.1767 , 47.2175 , 83.0249 , 85.3649 , 40.3444 , 35.703 , 86.5613 , 46.54 , 71.7942 , 75.6545 , 82.4305 , 45.5745 , 55.8243 , 70.4664 , 33.4963 , 34.8419 , 53.705 , 49.6375 , 58.0454 , 48.784 , 37.7048 , 45.8395 , 92.6455 , 62.4607 , 36.2836 , 51.5167 , 38.6865 , 49.4118 , 65.8284 , 45.8707 , 45.3006 , 77.1521 , 57.802 , 80.4358 , 66.9922 , 49.5745 , 71.2891 , 56.9444 , 32.2587 , 35.6014 , 78.7868 , 63.4279 , 63.0488 , 54.4257 , 48.1982 , 66.6051 , 31.6743 , 41.288 , 51.8162 , 70.7862 , 79.021 , 55.936 , 31.6893 , 49.1965 , 35.8404 , 44.3248 , 33.6714 , 30.3812 , 34.5758 , 60.2362 , 45.1843 , 70.8657 , 53.61 , 62.9033 , 57.878 , 37.0416 , 65.2785 , 68.3802 , 46.4589 , 35.4589 , 41.8271 , 65.523 , 66.4307 , 72.6297 , 69.0161 , 49.4069 , 42.1252 , 77.5105 , 44.6433 , 34.5572 , 42.7502 , 41.9912 , 39.6242 , 44.1109 , 40.1294 , 76.3784 , 47.9371 , 58.8822 , 56.647 , 44.7818 , 33.1463 , 43.5118 , 53.5705 , 75.4233 , 76.0815 , 103.133 , 51.7263 , 69.7157 , 30.752 , 50.8132 , 49.1881 , 78.6336 , 65.0571 , 62.5842 , 38.4205 , 64.817 , 53.2124 , 31.7297 , 51.404 , 72.7157 , 78.8442 , 39.3943 , 47.8387 , 41.5961 , 36.6353 , 83.6107 , 32.9397 , 50.0152 , 35.9594 , 42.9277 , 59.6786 , 48.7859 , 56.4336 , 49.8644 , 51.4379 , 80.4955 , 45.8222 , 50.0283 , 41.0676 , 44.1302 , 59.0577 , 45.366 , 47.1588 , 47.7757 , 40.8311 , 73.4244 , 49.4149 , 61.5498 , 65.2081 , 43.1722 , 56.2345 , 60.9361 , 64.3717 , 91.0561 , 38.5623 , 71.9568 , 54.5132 , 49.0198 , 50.098 , 86.905 , 32.6082 , 87.0771 , 43.4405 , 39.5829 , 54.7036 , 48.5038 , 82.73 , 52.9001 , 46.7244 , 49.4802 , 62.074 , 49.7381 , 77.1336 , 68.289 , 45.109 , 55.7275 , 53.7293 , 66.5388 , 42.6585 , 67.9545 , 63.8199 , 66.5553 , 62.4765 , 38.0517 , 70.6908 , 35.6841 , 73.0039 , 42.8245 , 94.0625 , 40.0677 , 41.1232 , 58.893 , 50.1548 , 85.8132 , 69.9892 , 60.598 , 36.5202 , 43.1644 , 43.4963 , 40.7961 , 51.5156 , 48.9595 , 61.4713 , 37.0635 , 51.2331 , 49.9634 , 56.0661 , 53.6586 , 71.0028 , 41.1358 , 95.8003 , 64.3307 , 26.8407 , 62.958 , 60.5659 , 60.4483 , 86.7976 , 36.2595 , 57.4194 , 45.7044 , 53.9137 , 49.9074 , 71.496 , 46.5375 , 