var1=[45.8158 , 65.9319 , 35.8843 , 75.5045 , 35.6318 , 65.9027 , 57.8829 , 95.5626 , 82.1781 , 83.6804 , 62.8537 , 49.5866 , 69.0624 , 77.5872 , 72.9078 , 85.5896 , 62.9221 , 64.1544 , 33.4446 , 90.4224 , 31.3685 , 50.5449 , 32.133 , 104.653 , 50.1223 , 61.9364 , 72.0197 , 51.8231 , 70.0117 , 39.7754 , 53.6497 , 39.3982 , 65.7325 , 57.7495 , 56.4681 , 104.242 , 100.48 , 42.1181 , 70.5327 , 79.4608 , 63.7229 , 71.7854 , 48.7379 , 48.2159 , 94.9121 , 46.618 , 112.929 , 71.9022 , 41.2704 , 75.7067 , 48.4833 , 93.9318 , 84.4283 , 64.5188 , 99.4131 , 63.6837 , 108.834 , 76.0945 , 90.211 , 29.4725 , 49.2536 , 64.4655 , 63.6912 , 82.5884 , 78.6833 , 47.8461 , 102.977 , 44.5397 , 100.492 , 65.1855 , 74.724 , 54.4371 , 56.1002 , 50.0421 , 78.9081 , 53.3273 , 41.1929 , 52.615 , 49.3401 , 38.5039 , 78.6029 , 108.773 , 62.2928 , 53.6097 , 72.8618 , 48.6884 , 61.3879 , 79.9265 , 36.127 , 70.4664 , 35.8555 , 60.9628 , 61.1848 , 40.1497 , 33.8496 , 75.4276 , 75.0537 , 84.6236 , 94.9826 , 49.0933 , 90.2753 , 39.0575 , 46.4505 , 104.882 , 77.799 , 33.5494 , 44.5766 , 68.9351 , 37.313 , 49.0691 , 86.4028 , 74.8016 , 77.3611 , 74.5631 , 71.1778 , 72.2952 , 107.76 , 63.8648 , 44.56 , 58.4183 , 63.1223 , 54.3154 , 25.4121 , 59.8766 , 95.1137 , 69.3353 , 105.544 , 32.7171 , 96.2417 , 82.1552 , 39.4662 , 83.834 , 107.152 , 49.1676 , 99.5923 , 98.5557 , 58.5367 , 50.5481 , 39.4096 , 62.5966 , 88.3589 , 58.2168 , 21.1025 , 62.7524 , 56.6051 , 103.046 , 72.1531 , 97.5381 , 77.1214 , 82.9641 , 53.3035 , 54.3101 , 67.1559 , 67.2393 , 40.3152 , 30.3735 , 119.074 , 70.2099 , 64.6883 , 36.9927 , 69.3421 , 75.1053 , 100.706 , 36.8101 , 59.3871 , 77.2991 , 59.8351 , 70.3469 , 72.5656 , 96.7666 , 63.7298 , 23.3963 , 46.4722 , 69.1289 , 67.2006 , 11.6411 , 93.7081 , 51.9831 , 61.3819 , 113.906 , 71.7278 , 62.0408 , 44.9134 , 72.1243 , 57.9228 , 61.1494 , 78.6706 , 43.8952 , 92.6658 , 45.1911 , 53.7765 , 48.3041 , 64.7787 , 27.2926 , 57.6993 , 55.8055 , 85.5211 , 87.0225 , 49.9734 , 43.8358 , 46.8575 , 70.049 , 77.98 , 59.8876 , 78.8842 , 62.8201 , 104.084 , 81.1002 , 58.6949 , 54.4469 , 64.8885 , 88.847 , 84.3449 , 82.6425 , 83.9142 , 51.0809 , 70.1738 , 82.4774 , 61.53 , 86.2629 , 77.4604 , 46.5831 , 72.8534 , 55.3256 , 55.2392 , 48.477 , 99.5895 , 72.3306 , 77.1613 , 32.2229 , 51.4017 , 85.6252 , 52.5311 , 91.9813 , 61.2622 , 39.4121 , 129.767 , 74.391 , 69.3999 , 79.0232 , 67.3147 , 67.3223 , 93.1915 , 87.1633 , 56.2874 , 64.1161 , 53.3564 , 71.7265 , 78.5844 , 73.779 , 115.104 , 45.0027 , 89.6445 , 48.1253 , 55.0804 , 53.5048 , 17.2313 , 86.177 , 76.8109 , 69.1564 , 59.7192 , 101.219 , 77.8447 , 42.8737 , 28.1046 , 46.4289 , 55.6411 , 80.3145 , 47.438 , 72.029 , 58.4448 , 48.6126 , 54.0815 , 88.3128 , 39.6134 , 44.6321 , 51.5309 , 89.7719 , 43.7559 , 75.1519 , 72.891 , 85.6192 , 41.2779 , 33.4426 , 54.4714 , 53.9861 , 58.0308 , 60.2624 , 65.3094 , 21.5238 , 60.0351 , 46.6072 , 32.7173 , 41.0387 , 82.2822 , 107.997 , 70.3909 , 42.1926 , 63.6648 , 52.4952 , 73.9501 , 13.17 , 50.0366 , 50.1585 , 49.6906 , 68.6468 , 61.2512 , 105.19 , 63.1328 , 88.8788 , 63.0804 , 69.1562 , 93.1201 , 52.7697 , 37.6112 , 72.428 , 55.0653 , 76.4334 , 36.7349 , 58.5803 , 89.791 , 85.5337 , 105.734 , 49.9086 , 63.0669 , 63.2254 , 70.5408 , 53.7513 , 70.6043 , 72.4092 , 69.3569 , 86.2347 , 54.4538 , 34.1343 , 54.2278 , 71.6751 , 64.2774 , 36.009 , 72.4176 , 42.7048 , 71.3114 , 53.7877 , 24.3253 , 55.3193 , 81.6143 , 31.157 , 49.6986 , 65.5421 , 54.5997 , 78.6744 , 93.8742 , 45.9201 , 43.5716 , 108.45 , 59.4065 , 76.2218 , 80.2851 , 68.0098 , 79.1613 , 109.466 , 73.6004 , 83.0281 , 65.5331 , 81.4527 , 70.5183 , 33.0468 , 84.5047 , 71.5582 , 25.7498 , 61.9699 , 63.7939 , 35.9099 , 60.7632 , 85.3877 , 79.0742 , 61.0197 , 61.4435 , 51.1504 , 58.2321 , 92.278 , 62.4421 , 95.7308 , 78.686 , 81.3235 , 67.8687 , 67.1114 , 60.6003 , 82.2108 , 49.4138 , 69.0782 , 74.7698 , 70.9447 , 67.0982 , 78.6457 , 60.0627 , 26.6404 , 114.798 , 18.6224 , 108.499 , 69.5759 , 64.3557 , 106.318 , 67.6254 , 47.2928 , 47.1883 , 79.3294 , 64.8016 , 63.6563 , 61.7644 , 128.653 , 106.445 , 77.9374 , 85.6405 , 91.7201 , 118.231 , 44.3819 , 41.7799 , 59.6706 , 28.9457 , 67.2723 , 52.7645 , 79.6841 , 37.8013 , 51.0342 , 88.4833 , 53.0339 , 49.6236 , 55.5378 , 92.8049 , 64.0454 , 74.9786 , 73.2344 , 62.5427 , 69.2538 , 79.7079 , 78.3324 , 60.9229 , 43.1314 , 60.6549 , 89.1625 , 121.718 , 60.3035 , 62.094 , 53.1437 , 76.3716 , 43.7203 , 36.5914 , 111.82 , 40.0899 , 65.2344 , 103.48 , 52.2079 , 77.7082 , 47.4524 , 59.4977 , 58.5104 , 157.964 , 95.5364 , 51.8746 , 54.3774 , 65.0338 , 71.1828 , 64.357 , 56.0384 , 79.9529 , 54.613 , 59.8912 , 40.494 , 69.602 , 60.2133 , 82.319 , 78.3649 , 35.11 , 82.4646 , 42.0987 , 44.9163 , 85.9244 , 57.6893 , 38.3683 , 49.2971 , 32.1658 , 61.1372 , 92.11 , 53.6014 , 90.5212 , 36.1233 , 124.86 , 73.4993 , 33.7722 , 37.302 , 48.4413 , 46.461 , 59.9735 , 108.912 , 49.4085 , 53.4256 , 56.6778 , 69.3942 , 56.2315 , 36.9318 , 97.0989 , 38.3138 , 54.7915 , 53.6968 , 70.8545 , 61.8092 , 43.9365 , 93.6433 , 41.5237 , 53.6324 , 86.6115 , 72.7547 , 40.8724 , 93.1008 , 78.4659 , 71.0222 , 88.5971 , 95.9058 , 79.8248 , 61.719 , 52.1817 , 56.4117 , 56.5762 , 61.6728 , 67.945 , 48.5985 , 56.1019 , 64.631 , 20.8529 , 40.8774 , 63.4424 , 75.6676 , 106.486 , 95.388 , 46.8933 , 64.5924 , 80.9462 , 92.8705 , 64.2472 , 48.2034 , 52.8356 , 59.4661 , 76.0659 , 69.0406 , 81.8526 , 40.5331 , 70.6509 , 49.2096 , 80.8747 , 106.045 , 53.44 , 67.5383 , 113.414 , 61.7106 , 37.2024 , 58.3488 , 38.5021 , 67.4215 , 37.0387 , 65.7708 , 85.7476 , 30.1673 , 108.086 , 69.6056 , 55.5168 , 66.0492 , 35.6004 , 51.1542 , 66.1373 , 73.3326 , 37.753 , 51.1149 , 81.8014 , 65.768 , 68.2661 , 78.2569 , 65.8647 , 61.7156 , 81.063 , 30.2633 , 94.7345 , 121.227 , 62.6047 , 59.0107 , 55.9592 , 42.8453 , 75.1234 , 74.153 , 72.2085 , 48.8284 , 102.775 , 48.6571 , 65.7306 , 57.1227 , 55.2426 , 36.785 , 49.8593 , 59.3471 , 64.111 , 61.3315 , 76.8234 , 49.6617 , 43.3814 , 92.3746 , 90.8395 , 64.045 , 60.4787 , 57.8065 , 78.2113 , 24.5924 , 47.3087 , 70.0638 , 50.8481 , 51.8731 , 97.1415 , 62.3122 , 72.2931 , 103.955 , 88.3758 , 56.6707 , 50.746 , 50.7035 , 50.2472 , 65.4344 , 71.824 , 82.6696 , 99.8377 , 79.9999 , 91.106 , 116.392 , 121.603 , 69.9233 , 34.2798 , 45.4101 , 25.8158 , 97.0636 , 24.7558 , 55.9019 , 27.0308 , 63.5588 , 70.739 , 63.3765 , 74.1414 , 48.8167 , 41.8134 , 71.656 , 25.0487 , 37.5077 , 70.0936 , 65.3542 , 61.8584 , 75.1897 , 44.5962 , 102.321 , 56.1953 , 65.7284 , 62.3619 , 72.0305 , 117.52 , 73.7476 , 54.7644 , 70.0078 , 52.5907 , 82.3865 , 73.9163 , 89.96 , 66.1527 , 72.1849 , 62.3428 , 74.9368 , 47.385 , 75.2643 , 68.9121 , 62.0101 , 6.13974 , 85.7123 , 80.7676 , 34.1932 , 58.3805 , 90.8965 , 54.026 , 44.034 , 44.7314 , 170.674 , 62.7665 , 71.3427 , 45.5189 , 55.4168 , 68.6376 , 59.2037 , 33.1496 , 56.2064 , 77.287 , 105.692 , 48.335 , 72.5596 , 76.127 , 53.9624 , 103.853 , 93.3653 , 59.81 , 43.8747 , 33.4554 , 66.2473 , 113.957 , 50.6499 , 61.2007 , 71.1006 , 67.5123 , 87.9791 , 38.6931 , 61.0026 , 104.02 , 75.0779 , 33.8148 , 65.8076 , 55.3049 , 62.3789 , 67.8605 , 47.5509 , 79.2077 , 36.5745 , 82.7986 , 55.2517 , 68.5729 , 59.0132 , 65.9214 , 75.9455 , 81.4795 , 46.8737 , 58.6641 , 72.8584 , 65.931 , 53.378 , 52.4677 , 84.0377 , 61.8983 , 64.9574 , 52.042 , 65.6868 , 75.7932 , 66.9357 , 73.3415 , 42.6099 , 42.5303 , 71.799 , 46.4651 , 104.956 , 37.2893 , 42.4445 , 69.6209 , 87.613 , 49.6141 , 34.8624 , 49.5162 , 75.0474 , 108.178 , 61.2003 , 68.0867 , 38.1783 , 85.4733 , 118.087 , 101.293 , 83.59 , 51.2076 , 55.2941 , 33.0883 , 66.0464 , 69.9455 , 45.9926 , 85.1618 , 72.2603 , 81.0378 , 57.0632 , 70.2993 , 49.8788 , 76.2396 , 55.7718 , 62.4963 , 52.7053 , 25.2917 , 51.376 , 71.272 , 54.3989 , 27.4114 , 76.8881 , 99.3142 , 46.2145 , 94.7558 , 62.0891 , 70.5522 , 50.4615 , 87.5336 , 94.776 , 74.5475 , 92.1195 , 131.886 , 66.5327 , 66.3997 , 49.5302 , 61.6163 , 33.6913 , 81.0659 , 101.402 , 84.5884 , 73.9507 , 94.2229 , 58.0126 , 