var1=[66.0908 , 76.9897 , 74.493 , 123.205 , 60.814 , 8.45035 , 96.2411 , 87.531 , 71.3289 , 52.3594 , 69.4877 , 69.227 , 111.924 , 55.2206 , 65.1326 , 65.1818 , 12.393 , 84.1319 , 105.175 , 50.666 , 82.044 , 76.45 , 84.27 , 54.8621 , 83.0151 , 76.368 , 47.9711 , 45.2702 , 69.0387 , 58.4431 , 59.4675 , 81.5074 , 115.062 , 102.841 , 57.7368 , 41.192 , 88.7928 , 51.3378 , 53.9159 , 78.9722 , 58.013 , 74.8364 , 74.9563 , 102.748 , 57.3794 , 51.083 , 57.8657 , 59.6509 , 82.8576 , 65.3028 , 106.907 , 61.5829 , 58.2698 , 37.8836 , 46.594 , 65.495 , 60.0716 , 21.2953 , 61.7761 , 73.1748 , 73.7936 , 51.6795 , 73.648 , 110.49 , 17.3419 , 57.4948 , 16.5223 , 68.9247 , 77.536 , 96.6948 , 89.0992 , 66.8736 , 75.1194 , 122.238 , 67.4447 , 103.998 , 156.38 , 64.0398 , 96.362 , 49.0714 , 67.9887 , 75.8802 , 74.7267 , 54.7734 , 82.5041 , 56.0445 , 81.194 , 69.6796 , 45.9233 , 69.4775 , 82.9548 , 66.0572 , 82.2631 , 22.8472 , 54.4904 , 49.4124 , 71.1897 , 55.3325 , 54.2221 , 148.548 , 65.6897 , 115.22 , 59.7799 , 76.4591 , 47.742 , 119.32 , 99.5944 , 88.6312 , 87.0453 , 110.083 , 60.6858 , 76.4442 , 71.092 , 87.4615 , 44.1379 , 70.2178 , 98.8672 , 68.0325 , 77.9218 , 35.5463 , 52.5532 , 64.1406 , 56.2704 , 79.4917 , 40.7486 , 30.2248 , 77.8123 , 52.5989 , 60.6508 , 74.2317 , 36.679 , 40.4687 , 77.2478 , 92.1579 , 54.383 , 104.159 , 66.2203 , 80.4297 , 71.5057 , 76.484 , 50.8223 , 139.602 , 66.9518 , 61.7522 , 57.528 , 57.6101 , 93.587 , 104.246 , 84.2455 , 91.2272 , 42.9343 , 84.8847 , 88.1785 , 77.6975 , 67.8183 , 75.569 , 76.0239 , 89.7051 , 55.5929 , 18.7333 , 64.6954 , 45.4867 , 102.914 , 67.8934 , 63.1303 , 60.824 , 52.4828 , 82.9066 , 93.964 , 13.4051 , 45.2663 , 72.5227 , 49.5855 , 103.572 , 76.4671 , 36.7285 , 31.5362 , 40.8371 , 56.9462 , 81.7428 , 111.394 , 77.9774 , 59.5167 , 40.3203 , 39.0686 , 102.938 , 134.175 , 82.939 , 55.0791 , 41.427 , 40.3242 , 62.4964 , 64.0558 , 35.7966 , 54.4573 , 62.8356 , 43.7158 , 77.2822 , 42.6485 , 53.106 , 55.7358 , 102.151 , 60.4306 , 68.7902 , 55.9104 , 87.7863 , 118.232 , 85.357 , 50.6298 , 58.1428 , 65.4843 , 49.9454 , 122.377 , 68.1865 , 80.2844 , 85.849 , 44.7778 , 127.556 , 35.7551 , 62.5963 , 56.3224 , 86.7414 , 107.664 , 68.1601 , 89.9002 , 100.73 , 65.7633 , 66.8208 , 63.6087 , 63.9482 , 113.618 , 55.5476 , 48.43 , 39.312 , 72.4856 , 85.0463 , 70.9642 , 106.339 , 88.6773 , 81.3237 , 67.6478 , 43.503 , 16.7603 , 111.972 , 60.9199 , 82.0303 , 55.4635 , 39.9591 , 73.7214 , 38.0916 , 74.1767 , 41.3361 , 71.4497 , 74.8116 , 52.013 , 39.8453 , 84.0098 , 69.8252 , 47.2607 , 31.1928 , 40.5038 , 60.2685 , 48.0056 , 90.1601 , 38.5211 , 103.656 , 91.9886 , 51.4177 , 62.2345 , 7.14957 , 65.3091 , 73.7727 , 81.286 , 66.4745 , 47.8282 , 57.8478 , 60.3946 , 75.5989 , 41.3875 , 61.0042 , 64.3506 , 59.4015 , 56.0131 , 79.065 , 72.2809 , 121.013 , 80.6911 , 114.077 , 74.711 , 60.9688 , 146.335 , 103.839 , 78.4989 , 42.6701 , 58.7593 , 52.04 , 84.1138 , 88.7229 , 67.5924 , 87.5051 , 75.0598 , 94.1276 , 81.4087 , 61.4316 , 34.6336 , 66.4427 , 70.4153 , 40.8008 , 53.3835 , 23.9252 , 62.6247 , 95.5534 , 65.3102 , 68.772 , 97.0967 , 50.4339 , 63.3225 , 102.28 , 75.5798 , 96.5586 , 101.131 , 63.2527 , 98.7164 , 88.2724 , 48.9736 , 80.6932 , 84.1064 , 37.7702 , 39.9936 , 75.6424 , 75.0225 , 58.4412 , 91.6753 , 48.5882 , 50.0117 , 83.6113 , 59.0368 , 56.1322 , 36.1395 , 48.0676 , 57.4954 , 53.0837 , 119.849 , 63.0597 , 116.653 , 33.9844 , 64.8004 , 163.087 , 77.3477 , 86.8209 , 71.7081 , 43.6223 , 49.9144 , 83.7308 , 60.2685 , 42.3779 , 94.5041 , 82.6988 , 55.157 , 92.5619 , 46.6653 , 82.9807 , 49.5354 , 97.9051 , 73.9177 , 43.1321 , 108.875 , 53.994 , 135.577 , 31.4062 , 82.7777 , 63.9996 , 60.4009 , 74.3832 , 63.3707 , 55.0611 , 84.6888 , 21.895 , 55.6511 , 84.5499 , 91.7978 , 52.5094 , 53.905 , 60.1999 , 56.943 , 38.0651 , 25.5845 , 79.126 , 62.4698 , 48.1855 , 58.0814 , 89.2245 , 61.6906 , 66.8249 , 71.1981 , 41.3988 , 68.4231 , 56.3502 , 85.3417 , 62.9114 , 66.9967 , 75.1905 , 30.0487 , 107.42 , 55.7032 , 89.8453 , 66.064 , 49.5826 , 61.3772 , 78.9643 , 59.6602 , 61.4201 , 78.8787 , 101.669 , 84.8633 , 57.4067 , 52.1714 , 61.3142 , 43.3806 , 94.7687 , 50.1253 , 46.7357 , 55.1199 , 50.3445 , 74.2688 , 79.0788 , 78.191 , 86.624 , 36.2501 , 75.2082 , 72.933 , 56.7081 , 56.2939 , 84.7079 , 39.2748 , 58.195 , 43.0724 , 40.5 , 57.9672 , 41.7447 , 55.5262 , 79.5124 , 64.1068 , 74.9098 , 63.5326 , 101.345 , 54.6348 , 77.395 , 76.6835 , 73.8863 , 48.5038 , 75.9129 , 69.247 , 45.3059 , 75.0843 , 83.6354 , 55.8948 , 35.3748 , 76.9844 , 50.0366 , 51.1116 , 113.983 , 70.229 , 102.969 , 71.3122 , 66.586 , 71.2851 , 57.1424 , 57.7613 , 43.8439 , 52.1252 , 52.1635 , 59.6375 , 43.9897 , 64.7965 , 103.501 , 80.6877 , 79.154 , 117.769 , 102.249 , 67.5182 , 91.754 , 94.3964 , 87.0933 , 54.867 , 61.6295 , 75.9971 , 60.8575 , 83.9793 , 70.347 , 73.0831 , 102.13 , 59.585 , 80.7068 , 71.537 , 74.4776 , 56.7286 , 81.9183 , 68.0536 , 75.893 , 32.7076 , 54.9944 , 82.1805 , 34.6501 , 79.7196 , 89.4562 , 52.2133 , 40.4749 , 49.648 , 73.4382 , 90.4237 , 93.247 , 87.9393 , 72.6254 , 64.921 , 82.1153 , 82.7987 , 73.2095 , 31.8421 , 55.0678 , 54.2691 , 67.1001 , 44.7488 , 109.56 , 67.8265 , 53.1599 , 78.7306 , 45.9338 , 78.9055 , 53.1753 , 54.9368 , 71.0552 , 57.5928 , 68.8 , 74.34 , 63.9738 , 85.7539 , 119.273 , 50.1737 , 55.73 , 142.235 , 66.7604 , 76.3527 , 91.7768 , 76.9185 , 106.6 , 31.8022 , 13.6775 , 77.3471 , 82.6957 , 44.2907 , 101.147 , 49.4069 , 55.2589 , 78.256 , 51.5678 , 58.9176 , 76.7994 , 51.2085 , 60.0668 , 55.5867 , 60.3881 , 46.5684 , 85.0946 , 43.6379 , 84.7327 , 90.3337 , 67.0235 , 133.655 , 42.9905 , 55.6428 , 86.2497 , 47.8759 , 82.6772 , 71.0226 , 138.133 , 38.7336 , 78.1004 , 33.3707 , 80.0986 , 101.086 , 67.92 , 37.9478 , 84.1721 , 50.5349 , 71.2678 , 78.3745 , 83.7663 , 67.2777 , 54.2728 , 74.7032 , 62.1021 , 58.0786 , 58.4122 , 35.7931 , 67.2536 , 78.2005 , 47.0313 , 66.4724 , 65.1076 , 58.7856 , 56.4565 , 66.1516 , 73.953 , 80.6767 , 96.399 , 67.5971 , 58.7043 , 71.6748 , 56.3856 , 42.8036 , 65.0765 , 36.84 , 58.6022 , 69.6758 , 90.848 , 58.2695 , 69.7593 , 47.777 , 67.3892 , 88.6577 , 97.0194 , 85.5512 , 87.6245 , 87.8351 , 49.9505 , 99.8734 , 128.264 , 91.8037 , 78.0972 , 78.4691 , 66.1634 , 56.9048 , 59.9401 , 27.0854 , 90.9135 , 71.722 , 44.5721 , 113.229 , 60.9361 , 75.0654 , 71.8734 , 68.8087 , 108.264 , 64.8677 , 60.0288 , 72.3993 , 54.8901 , 69.8362 , 101.907 , 87.0012 , 46.8813 , 65.8163 , 84.5797 , 88.4376 , 28.9745 , 48.882 , 53.5995 , 78.8049 , 55.0101 , 53.8155 , 86.5681 , 51.7893 , 54.3103 , 89.3973 , 64.0874 , 45.4194 , 55.4523 , 47.5351 , 111.034 , 55.1976 , 51.2884 , 55.8794 , 62.3356 , 81.423 , 69.805 , 39.3658 , 57.7754 , 72.1201 , 55.9362 , 53.0192 , 83.452 , 87.1118 , 54.6181 , 46.412 , 60.3706 , 49.0118 , 125.64 , 40.4794 , 49.8271 , 37.8503 , 60.6765 , 59.1097 , 73.4351 , 67.1929 , 55.9518 , 25.623 , 58.3743 , 117.529 , 53.2841 , 55.3422 , 59.5055 , 112.225 , 80.9289 , 85.4703 , 61.4528 , 88.9421 , 63.7772 , 70.4004 , 89.0367 , 77.2637 , 128.156 , 68.9926 , 52.2149 , 60.877 , 47.7329 , 56.5096 , 103.702 , 129.56 , 66.119 , 46.2077 , 50.6911 , 77.1447 , 87.7037 , 63.5408 , 65.3437 , 127.273 , 46.1733 , 121.596 , 67.7819 , 21.2678 , 84.2618 , 69.8125 , 64.9555 , 61.312 , 57.587 , 112.302 , 88.1268 , 60.091 , 61.8965 , 95.0215 , 49.8803 , 18.0221 , 85.4249 , 77.7145 , 50.4252 , 72.3726 , 106.007 , 59.0832 , 85.2725 , 84.4359 , 68.1166 , 73.3986 , 58.9216 , 27.251 , 49.4391 , 58.9297 , 41.0956 , 77.9667 , 84.9286 , 77.3792 , 81.6919 , 89.017 , 78.1192 , 22.8973 , 58.3088 , 128.479 , 53.6804 , 44.4165 , 101.334 , 83.4409 , 55.0591 , 67.1444 , 64.4891 , 65.5032 , 76.5764 , 61.2262 , 66.758 , 26.8765 , 65.4116 , 7.9784 , 77.4961 , 124.383 , 76.8325 , 61.2949 , 79.5811 , 53.1747 , 53.6918 , 64.0344 , 39.2977 , 52.8126 , 49.9842 , 27.2041 , 69.1165 , 55.6316 , 34.2745 , 80.7441 , 71.3926 , 62.5941 , 135.144 , 46.1019 , 69.3057 , 133.914 , 73.6122 , 67.9413 , 71.4504 , 83.8875 , 65.612 , 51.9401 , 116.74 , 89.348 , 32.078 