var1=[48.2831 , 57.7704 , 64.7831 , 120.319 , 38.1828 , 63.3848 , 48.9714 , 50.3591 , 46.0425 , 59.2648 , 69.1617 , 51.9142 , 86.7682 , 29.0575 , 89.0268 , 24.6313 , 63.6541 , 46.1577 , 59.6116 , 76.5718 , 53.2299 , 39.2778 , 93.2334 , 50.7237 , 57.3947 , 120.582 , 63.0075 , 58.1629 , 31.7163 , 91.6573 , 37.3114 , 72.4032 , 58.0692 , 87.2644 , 40.3567 , 75.8197 , 56.5536 , 74.4977 , 36.4188 , 74.6013 , 85.955 , 39.8895 , 78.1618 , 44.6153 , 61.3709 , 41.718 , 73.4898 , 100.898 , 59.6388 , 49.1213 , 90.1122 , 54.5444 , 43.995 , 37.6529 , 35.5647 , 23.2979 , 61.9059 , 81.8317 , 44.4568 , 29.8812 , 83.2258 , 82.7209 , 35.897 , 36.3974 , 110.138 , 100.356 , 38.6655 , 46.0791 , 89.9042 , 53.9316 , 52.2503 , 53.1567 , 104.243 , 98.9796 , 46.3987 , 99.6632 , 56.5326 , 39.3082 , 38.5744 , 35.1982 , 73.1063 , 71.1669 , 41.8407 , 59.1189 , 45.38 , 42.6047 , 40.28 , 35.9756 , 59.489 , 51.7959 , 74.2008 , 15.226 , 70.2117 , 105.44 , 81.0746 , 68.8291 , 36.9658 , 38.9883 , 51.3251 , 78.9244 , 79.6301 , 69.2209 , 56.4356 , 57.2419 , 41.2216 , 68.4046 , 42.0679 , 64.2009 , 69.5689 , 65.3249 , 48.1623 , 66.6089 , 43.4345 , 74.2083 , 25.7055 , 88.6583 , 72.2935 , 63.8481 , 81.9824 , 80.9905 , 46.1077 , 90.3772 , 56.9407 , 91.9385 , 44.8873 , 79.0532 , 82.1304 , 43.5067 , 74.2379 , 77.1143 , 51.5704 , 51.2589 , 46.432 , 93.0099 , 49.8614 , 53.9736 , 70.7886 , 59.5918 , 87.1938 , 32.9997 , 61.399 , 50.6357 , 51.6208 , 73.8848 , 84.3265 , 32.1398 , 51.2554 , 30.7705 , 66.0232 , 36.5047 , 37.7901 , 81.159 , 85.9885 , 59.9043 , 40.9723 , 52.9722 , 79.4271 , 79.2477 , 102.376 , 39.0237 , 76.638 , 50.4369 , 42.2787 , 46.6113 , 35.0945 , 51.3822 , 43.5992 , 105.99 , 53.3409 , 57.8341 , 72.825 , 30.7396 , 48.2419 , 55.94 , 62.8804 , 64.3171 , 43.5757 , 52.7643 , 47.0426 , 61.0617 , 90.0288 , 40.0317 , 66.9433 , 48.1234 , 23.3802 , 52.5596 , 35.2624 , 74.9934 , 90.1423 , 48.8673 , 68.9047 , 94.0382 , 45.9298 , 43.209 , 102.615 , 47.9646 , 80.9874 , 68.6599 , 90.064 , 39.6305 , 49.3504 , 78.6224 , 39.3748 , 41.7314 , 47.6706 , 51.2771 , 50.6017 , 59.833 , 55.6481 , 33.2861 , 65.7621 , 37.9548 , 54.4765 , 56.4279 , 133.179 , 49.5125 , 69.0812 , 50.0438 , 78.8781 , 56.9387 , 44.7804 , 104.085 , 39.7102 , 51.1445 , 67.5337 , 52.137 , 57.3225 , 27.9683 , 40.9612 , 24.4175 , 51.6377 , 73.1899 , 56.4091 , 35.0723 , 69.8939 , 55.3807 , 78.5231 , 46.2056 , 46.717 , 71.1106 , 77.5212 , 61.355 , 73.4854 , 86.4144 , 52.522 , 59.2438 , 44.8318 , 88.782 , 42.6238 , 105.911 , 92.3726 , 72.1212 , 72.9648 , 72.7789 , 62.6668 , 51.1107 , 59.1316 , 40.8265 , 40.5685 , 87.8753 , 68.1693 , 55.7261 , 30.8481 , 66.3783 , 39.08 , 71.3298 , 45.2455 , 31.9752 , 63.5715 , 56.987 , 33.047 , 75.5356 , 68.8386 , 49.7012 , 47.2108 , 46.6054 , 71.2909 , 56.3131 , 67.3031 , 44.8501 , 25.5989 , 49.3485 , 41.7626 , 30.518 , 55.6513 , 22.1329 , 90.1193 , 65.7897 , 79.3661 , 43.5924 , 37.5739 , 60.5291 , 71.8726 , 53.9749 , 49.785 , 40.1097 , 74.1871 , 55.8458 , 45.1676 , 48.2027 , 44.2333 , 98.1723 , 45.3575 , 37.5727 , 55.2302 , 71.4247 , 58.9529 , 35.2438 , 40.6535 , 50.1112 , 64.0469 , 30.9435 , 39.742 , 66.9566 , 61.3433 , 71.4491 , 88.9247 , 80.9287 , 109.406 , 59.025 , 80.3345 , 49.5966 , 50.9387 , 62.9148 , 67.0033 , 53.8539 , 54.9501 , 62.7737 , 60.4315 , 46.0088 , 57.6114 , 48.2485 , 49.3058 , 62.958 , 78.5315 , 42.2406 , 86.6984 , 48.3362 , 55.0709 , 52.0526 , 55.3625 , 76.8798 , 31.0339 , 79.5036 , 36.7718 , 28.8461 , 48.1849 , 75.3603 , 84.1349 , 64.7381 , 70.0926 , 43.6899 , 42.7473 , 55.1164 , 50.5027 , 98.5651 , 75.6606 , 73.1501 , 33.1585 , 86.6097 , 84.9977 , 67.3017 , 75.3176 , 40.3466 , 61.4488 , 55.5475 , 43.088 , 66.4257 , 50.735 , 51.4835 , 69.6783 , 32.6558 , 54.6103 , 82.4837 , 86.0011 , 88.1665 , 47.8881 , 44.1785 , 43.3964 , 40.3409 , 109.46 , 98.4499 , 43.3729 , 112.886 , 52.7632 , 66.148 , 45.3838 , 62.7531 , 60.4386 , 62.0007 , 102.401 , 72.266 , 51.9895 , 37.4785 , 66.8764 , 47.8999 , 35.0603 , 32.842 , 42.6374 , 73.4317 , 62.4939 , 49.3137 , 91.5248 , 66.5498 , 49.7838 , 67.1539 , 69.031 , 48.2724 , 73.6486 , 60.6475 , 50.7156 , 43.1709 , 46.6016 , 56.9298 , 93.9742 , 68.023 , 44.5596 , 62.0071 , 112.295 , 63.0255 , 38.0464 , 73.8531 , 49.7279 , 32.506 , 54.0184 , 44.6491 , 32.8615 , 36.7512 , 42.9745 , 31.2367 , 81.9143 , 80.852 , 34.2523 , 43.564 , 72.1298 , 66.5377 , 74.4973 , 69.9152 , 20.6706 , 55.7333 , 40.5437 , 52.4443 , 20.3823 , 69.0822 , 80.1501 , 41.2081 , 64.2928 , 65.5403 , 34.8364 , 93.1847 , 89.8338 , 36.1376 , 42.849 , 50.9975 , 49.1882 , 69.9743 , 58.0498 , 45.6616 , 90.3082 , 104.412 , 25.2737 , 71.8671 , 64.88 , 37.9071 , 53.7494 , 47.7425 , 83.2178 , 53.5532 , 70.3845 , 80.0522 , 49.3912 , 44.4301 , 53.9747 , 75.7659 , 42.6976 , 66.1176 , 95.8117 , 73.0002 , 58.7209 , 59.6872 , 65.3581 , 38.5183 , 86.338 , 87.9173 , 89.2263 , 35.9918 , 57.1491 , 62.6983 , 51.1216 , 82.7866 , 81.8494 , 54.1283 , 94.0986 , 50.8231 , 35.1839 , 49.8618 , 47.5651 , 62.5727 , 53.7376 , 46.0353 , 33.9658 , 47.2972 , 47.7586 , 50.5938 , 62.7119 , 47.4799 , 46.5127 , 60.8873 , 51.7193 , 111.405 , 61.5311 , 81.0863 , 43.107 , 47.8642 , 78.7208 , 58.9832 , 62.3187 , 62.7918 , 78.6794 , 39.9724 , 33.7624 , 61.8525 , 65.5683 , 57.9939 , 63.1922 , 68.854 , 77.8631 , 51.6235 , 45.5239 , 41.9713 , 59.604 , 45.1131 , 66.4117 , 56.0743 , 43.687 , 31.714 , 73.4031 , 89.5157 , 106.202 , 36.9068 , 55.2813 , 49.6661 , 90.9949 , 41.9547 , 88.1247 , 55.3758 , 61.0611 , 83.6661 , 97.147 , 56.8962 , 68.9528 , 113.711 , 56.4136 , 95.2248 , 48.6499 , 80.0553 , 31.2353 , 50.166 , 84.0324 , 42.6346 , 40.1921 , 60.4202 , 42.998 , 76.5618 , 52.092 , 48.5523 , 87.2487 , 90.0666 , 45.7511 , 46.8191 , 60.7504 , 71.5289 , 44.4004 , 64.0912 , 60.0148 , 53.8856 , 28.8484 , 41.6275 , 72.0859 , 46.1649 , 75.1904 , 43.6625 , 75.4754 , 56.24 , 40.1784 , 45.8951 , 53.2433 , 42.6237 , 63.1937 , 73.853 , 78.1753 , 48.0734 , 55.7044 , 41.8101 , 61.7032 , 61.933 , 28.3581 , 75.6432 , 73.4779 , 72.7279 , 43.3533 , 30.1151 , 84.9148 , 68.1439 , 37.9961 , 52.4002 , 42.7417 , 54.1755 , 63.4367 , 48.7894 , 47.3642 , 100.196 , 67.8541 , 38.1215 , 59.567 , 57.7621 , 42.6003 , 110.345 , 86.4168 , 79.2447 , 47.1915 , 43.3709 , 39.7989 , 61.9776 , 57.1296 , 39.1229 , 70.7491 , 89.5865 , 52.9486 , 62.7762 , 46.1338 , 92.3 , 56.9595 , 53.6157 , 57.0564 , 42.1066 , 61.1083 , 46.2194 , 47.7018 , 74.5466 , 38.0237 , 29.5637 , 48.1358 , 46.4223 , 38.9836 , 46.5332 , 47.9462 , 99.2257 , 47.1234 , 60.7455 , 23.9643 , 47.4325 , 101.575 , 34.5406 , 48.347 , 38.2685 , 87.1825 , 117.573 , 47.768 , 62.4582 , 77.3764 , 54.5532 , 107.599 , 26.542 , 40.0877 , 62.4331 , 55.4399 , 73.8904 , 100.386 , 56.8271 , 47.5766 , 48.6241 , 99.0455 , 91.3104 , 48.5248 , 62.695 , 62.8961 , 48.2754 , 68.544 , 74.1871 , 36.7 , 49.6447 , 70.3552 , 63.8918 , 45.1449 , 51.7789 , 52.2239 , 33.345 , 82.3925 , 53.9416 , 57.531 , 21.8385 , 80.1615 , 91.4654 , 50.5165 , 40.1631 , 53.3845 , 26.9827 , 73.4234 , 58.0571 , 59.3046 , 44.9043 , 46.6948 , 81.1951 , 48.0893 , 45.5641 , 56.0786 , 81.0287 , 60.7808 , 57.177 , 122.607 , 32.7767 , 87.2868 , 37.2097 , 91.2181 , 65.5374 , 79.7697 , 77.1195 , 44.9354 , 60.6105 , 84.8747 , 92.5199 , 63.7163 , 48.5009 , 126.613 , 67.9937 , 96.5872 , 51.9558 , 80.5473 , 43.4028 , 51.8 , 68.6986 , 84.0596 , 45.5313 , 69.8283 , 62.4374 , 100.559 , 55.0399 , 49.9237 , 38.3321 , 61.028 , 69.3791 , 68.8235 , 102.779 , 55.7647 , 81.4752 , 55.0936 , 53.1835 , 67.5051 , 93.4393 , 52.139 , 73.477 , 78.0493 , 51.0444 , 63.2331 , 71.3642 , 48.3933 , 53.679 , 96.0356 , 35.2774 , 71.0365 , 120.154 , 76.2622 , 60.5526 , 68.3764 , 41.9398 , 62.8961 , 74.7647 , 43.8532 , 67.8199 , 92.3605 , 36.8858 , 54.9348 , 40.969 , 52.6843 , 62.4373 , 59.521 , 64.5623 , 52.7479 , 52.7104 , 64.8271 , 42.4773 , 53.5364 , 56.431 , 52.4888 , 51.1428 , 66.7046 , 120.677 , 58.2002 , 53.5896 , 48.153 , 38.0937 , 63.8088 , 45.4523 , 41.0527 , 70.7048 , 67.6177 , 66.2921 , 39.9323 , 30.3603 , 29.0649 , 62.9783 , 54.4021 , 83.6594 , 82.806 , 33.6469 , 38.8064 , 64.6121 , 