var1=[35.0468 , 51.1736 , 39.5995 , 68.3988 , 60.6367 , 48.1535 , 31.0955 , 67.8997 , 78.1683 , 70.9403 , 64.5916 , 56.5011 , 56.1016 , 70.0869 , 53.8121 , 67.0297 , 28.6487 , 55.0234 , 54.854 , 62.4529 , 38.1571 , 44.4696 , 56.8343 , 52.8485 , 49.2386 , 45.8777 , 73.6216 , 65.4169 , 45.6057 , 44.2306 , 79.2003 , 49.9652 , 69.3705 , 55.8463 , 40.868 , 48.8842 , 27.3047 , 51.8318 , 91.6197 , 95.2375 , 54.8401 , 24.3615 , 73.1417 , 66.0354 , 76.4968 , 46.0472 , 58.1356 , 80.6244 , 84.5781 , 34.2127 , 77.5633 , 73.5333 , 80.7532 , 45.637 , 42.248 , 74.2137 , 81.1117 , 46.9427 , 34.6355 , 52.9003 , 77.081 , 46.7982 , 88.7307 , 77.4533 , 64.9169 , 46.5998 , 57.8832 , 31.2923 , 38.4134 , 71.5853 , 78.0109 , 40.7447 , 32.7385 , 95.8287 , 53.5848 , 47.5835 , 79.9613 , 49.7084 , 39.1226 , 45.6668 , 62.1863 , 57.6969 , 43.7031 , 46.5274 , 45.5275 , 34.6841 , 59.6237 , 59.0865 , 61.9054 , 53.5298 , 80.9021 , 83.4059 , 60.6113 , 43.19 , 60.558 , 38.0398 , 77.6955 , 52.5352 , 59.2343 , 43.8126 , 40.9812 , 59.421 , 45.4183 , 45.2709 , 53.0511 , 31.4666 , 73.4255 , 37.7259 , 65.0137 , 117.362 , 63.9127 , 85.45 , 47.1453 , 70.6398 , 53.3044 , 63.4047 , 38.8861 , 37.5505 , 60.4165 , 37.9719 , 60.6735 , 39.4811 , 52.8048 , 71.6505 , 57.3156 , 62.1793 , 52.8758 , 83.0963 , 36.5386 , 89.8955 , 60.2321 , 34.5622 , 50.2065 , 90.1774 , 40.1753 , 30.2271 , 56.3543 , 73.8734 , 55.4079 , 41.2753 , 50.8387 , 37.9352 , 37.8798 , 63.1415 , 58.619 , 52.5045 , 65.7802 , 57.2217 , 68.1934 , 66.375 , 55.467 , 44.2147 , 79.5227 , 43.9176 , 49.3559 , 63.8215 , 33.2906 , 22.6045 , 56.3189 , 50.9552 , 55.0876 , 67.3106 , 45.0308 , 75.0378 , 79.0472 , 71.4284 , 61.8066 , 67.8057 , 71.3997 , 68.7936 , 62.9766 , 51.3462 , 36.3818 , 75.6853 , 54.1162 , 86.7662 , 45.5677 , 42.3886 , 54.186 , 64.9552 , 59.9447 , 53.1123 , 68.6642 , 84.2526 , 50.0782 , 69.8419 , 39.7896 , 93.3705 , 49.2195 , 43.6764 , 69.0398 , 44.7448 , 68.4336 , 46.6968 , 49.7083 , 51.3551 , 55.0421 , 44.3201 , 52.826 , 48.2417 , 38.2014 , 32.9807 , 35.3385 , 76.5844 , 39.1582 , 55.5795 , 45.2682 , 53.2616 , 55.6802 , 45.2812 , 39.2296 , 35.4126 , 89.542 , 58.2197 , 43.0684 , 38.805 , 45.8059 , 90.2081 , 107.669 , 64.3899 , 32.6428 , 35.0874 , 66.041 , 34.0302 , 69.9301 , 55.9581 , 73.2263 , 67.0002 , 55.2897 , 38.7744 , 72.3557 , 50.4027 , 69.7483 , 38.3558 , 33.1319 , 52.9098 , 42.8322 , 38.7468 , 47.3444 , 58.7334 , 66.4765 , 48.361 , 36.8406 , 68.0401 , 46.9464 , 71.2055 , 45.4133 , 34.3658 , 42.2828 , 74.0064 , 48.3692 , 54.249 , 79.422 , 30.1158 , 34.8291 , 110.694 , 47.3351 , 75.3627 , 50.6068 , 66.828 , 60.4713 , 60.5207 , 45.6625 , 56.8199 , 49.7028 , 38.2128 , 47.9854 , 53.2153 , 39.6227 , 46.975 , 53.4735 , 73.1671 , 34.1396 , 55.3826 , 46.1431 , 44.3227 , 56.5043 , 58.9507 , 31.8234 , 59.5641 , 49.5242 , 31.9461 , 51.2057 , 26.6174 , 74.8103 , 50.4675 , 50.7854 , 68.6534 , 44.4793 , 36.4471 , 71.6909 , 34.7823 , 67.8234 , 63.9243 , 24.1753 , 53.7798 , 43.209 , 46.3107 , 50.8958 , 47.6011 , 59.7196 , 57.1064 , 35.3764 , 50.9448 , 62.2218 , 55.1051 , 98.4106 , 61.9881 , 60.0001 , 56.0703 , 93.7907 , 64.5353 , 73.2853 , 59.7721 , 118.809 , 45.8214 , 33.0674 , 65.9291 , 63.6359 , 44.2124 , 62.0788 , 55.8305 , 58.3736 , 44.6559 , 98.3619 , 81.0098 , 47.4348 , 47.2238 , 67.31 , 53.8281 , 81.0951 , 40.8113 , 59.318 , 35.226 , 53.6067 , 36.0945 , 90.2582 , 35.3182 , 28.9223 , 55.4854 , 52.8546 , 60.0717 , 56.9763 , 70.1566 , 57.916 , 45.5237 , 33.315 , 56.8741 , 77.0098 , 50.7758 , 118.438 , 77.7326 , 58.0061 , 42.8345 , 90.134 , 84.6498 , 45.7053 , 31.1256 , 57.2352 , 40.4825 , 109.84 , 67.1075 , 55.1233 , 77.1697 , 73.7447 , 34.9106 , 81.0957 , 38.8031 , 48.7904 , 61.7323 , 49.2219 , 45.0255 , 60.6125 , 66.0219 , 40.6924 , 68.0863 , 73.6864 , 57.4778 , 56.4034 , 48.3443 , 40.5967 , 66.3287 , 65.1609 , 32.1123 , 37.9585 , 42.8883 , 79.8592 , 79.6979 , 66.2068 , 35.4831 , 30.2437 , 72.3922 , 58.2186 , 39.1109 , 24.0802 , 61.8633 , 58.6337 , 28.7504 , 89.4887 , 58.2004 , 51.4501 , 48.2248 , 94.7275 , 43.6254 , 87.6124 , 34.5327 , 65.6129 , 64.2133 , 64.1543 , 80.5503 , 38.432 , 42.2797 , 48.5832 , 42.8444 , 49.6248 , 54.2481 , 60.9914 , 74.1106 , 52.4068 , 47.3951 , 46.3563 , 72.4949 , 31.2812 , 62.0571 , 43.3147 , 51.6513 , 42.838 , 63.0493 , 36.1306 , 50.6343 , 51.3696 , 53.1763 , 84.7932 , 49.7629 , 62.6668 , 90.8946 , 44.7617 , 56.2819 , 64.7313 , 125.046 , 43.7403 , 40.8492 , 85.632 , 36.5096 , 61.7679 , 45.4265 , 46.8663 , 39.6536 , 54.4234 , 51.2026 , 55.8005 , 29.1273 , 93.4371 , 20.4213 , 50.1093 , 45.8206 , 54.7228 , 41.4311 , 48.9125 , 71.8123 , 64.9631 , 50.3544 , 30.3488 , 85.4962 , 60.1505 , 42.7684 , 62.6632 , 40.0452 , 59.7286 , 43.86 , 44.1177 , 47.6952 , 73.0625 , 34.3593 , 97.0857 , 39.3321 , 73.8081 , 72.1357 , 83.6245 , 38.0137 , 37.3302 , 51.4335 , 43.1065 , 33.9436 , 85.5793 , 35.3885 , 56.0462 , 56.8911 , 43.488 , 47.9887 , 61.6106 , 60.4638 , 103.451 , 40.3202 , 83.0015 , 57.2866 , 43.7145 , 46.775 , 50.3012 , 76.5141 , 52.5287 , 49.5512 , 49.5801 , 62.5617 , 56.9829 , 59.7359 , 44.4443 , 54.2802 , 117.86 , 62.0943 , 36.1019 , 77.1843 , 42.5758 , 53.2848 , 52.2345 , 53.7483 , 51.2652 , 63.2711 , 31.5343 , 100.258 , 42.6558 , 58.1795 , 43.326 , 48.2904 , 55.931 , 49.9888 , 33.9347 , 48.888 , 51.4597 , 43.0536 , 43.3388 , 50.3435 , 65.6868 , 52.9744 , 68.0572 , 45.6371 , 54.08 , 47.1742 , 77.7951 , 42.2984 , 65.2285 , 33.3783 , 67.9471 , 76.4929 , 49.0553 , 91.9436 , 56.0789 , 74.4102 , 57.7393 , 39.1621 , 54.6426 , 34.9825 , 45.9168 , 35.9791 , 68.6229 , 69.5733 , 34.0075 , 70.0967 , 94.5988 , 59.5304 , 41.0434 , 80.4106 , 51.0098 , 29.1582 , 54.6001 , 55.3034 , 69.8853 , 38.897 , 54.0621 , 66.0737 , 77.7967 , 71.8458 , 61.0652 , 106.439 , 63.4345 , 33.3052 , 29.8363 , 53.3087 , 43.9536 , 93.6592 , 84.4014 , 36.4125 , 75.9257 , 27.1734 , 54.6434 , 60.5583 , 39.2854 , 34.0444 , 68.1988 , 57.0306 , 54.3208 , 32.4077 , 52.4589 , 53.2069 , 59.1956 , 104.901 , 48.6726 , 45.6095 , 56.1786 , 54.1289 , 43.3637 , 59.899 , 45.1936 , 48.6704 , 91.0572 , 82.6506 , 85.4373 , 75.2302 , 39.944 , 55.188 , 50.1522 , 94.897 , 47.9387 , 29.0771 , 61.5412 , 48.1363 , 89.8818 , 75.6741 , 72.0809 , 52.0452 , 41.7839 , 92.1249 , 37.7116 , 42.5734 , 63.1156 , 38.2009 , 40.0724 , 94.6061 , 109.156 , 68.5086 , 26.9621 , 39.1708 , 38.2029 , 55.6896 , 56.8085 , 82.6322 , 52.7631 , 70.3306 , 42.5216 , 65.6561 , 43.3701 , 51.0393 , 37.5838 , 41.1008 , 77.8599 , 49.9656 , 59.378 , 36.9954 , 52.8657 , 60.1379 , 60.1258 , 60.2232 , 48.126 , 36.9781 , 31.6246 , 67.223 , 76.6704 , 78.5098 , 54.4504 , 62.723 , 44.5368 , 52.9422 , 44.2772 , 56.0064 , 80.1588 , 67.2735 , 79.7802 , 39.1913 , 107.818 , 51.3662 , 50.3236 , 61.4097 , 45.9692 , 77.2887 , 72.389 , 56.4025 , 55.4863 , 34.0655 , 75.7379 , 53.1674 , 63.2304 , 77.0071 , 69.9677 , 46.9273 , 57.0494 , 83.3012 , 41.2328 , 63.9313 , 57.5804 , 41.7858 , 79.8973 , 42.819 , 46.177 , 70.2786 , 34.6411 , 90.5881 , 69.4786 , 63.8422 , 32.9729 , 74.4948 , 33.7117 , 52.5811 , 60.9016 , 37.8048 , 43.6756 , 37.3879 , 86.5193 , 54.8611 , 32.6901 , 46.528 , 67.8164 , 42.4879 , 80.8982 , 47.8304 , 61.171 , 30.6318 , 34.0762 , 67.0168 , 46.9398 , 37.2219 , 31.5187 , 123.445 , 54.3795 , 32.2863 , 98.6522 , 50.4508 , 74.3549 , 44.7361 , 54.4767 , 53.7945 , 37.5778 , 80.5162 , 67.8794 , 29.5569 , 53.0536 , 73.0336 , 47.421 , 69.9757 , 35.8634 , 58.538 , 78.8241 , 29.4525 , 53.8879 , 33.9122 , 38.2224 , 67.3484 , 73.7402 , 51.0243 , 47.9149 , 55.4808 , 64.5078 , 42.4973 , 86.8634 , 27.8324 , 72.6098 , 51.2336 , 35.7371 , 30.6041 , 34.6768 , 54.5991 , 46.3434 , 95.4109 , 53.6133 , 58.746 , 39.7689 , 52.2395 , 36.8964 , 51.4915 , 25.2817 , 45.1996 , 42.4461 , 55.8664 , 72.6037 , 66.481 , 78.3042 , 69.0711 , 43.1195 , 40.0288 , 58.8524 , 79.2616 , 42.9696 , 31.1882 , 67.4255 , 36.2896 , 68.3468 , 26.4874 , 38.4852 , 47.1419 , 41.0632 , 95.5863 , 69.824 , 25.5093 , 43.4328 , 48.9452 , 27.7301 , 53.8041 , 49.4003 , 45.8413 , 34.4725 , 72.782 , 78.8516 , 44.8664 , 32.869 , 36.1154 , 40.1953 , 54.8573 , 