var1=[37.4051 , 69.0479 , 66.7569 , 76.2713 , 56.4551 , 44.9215 , 71.9641 , 32.1068 , 52.3294 , 69.022 , 63.9047 , 88.3384 , 51.9292 , 38.0724 , 41.7044 , 39.8166 , 56.3558 , 61.168 , 73.5695 , 65.9532 , 74.796 , 36.6169 , 58.1403 , 36.3191 , 33.8711 , 55.2408 , 42.3331 , 28.153 , 54.0096 , 50.6723 , 30.2334 , 44.5567 , 94.3427 , 40.4041 , 41.1423 , 89.02 , 43.0236 , 49.6396 , 38.5789 , 92.6045 , 66.483 , 38.4236 , 107.92 , 56.9498 , 37.9298 , 64.5432 , 39.8623 , 35.8436 , 67.1082 , 50.7575 , 88.1286 , 38.0837 , 46.6557 , 41.4919 , 58.1876 , 80.0342 , 70.8235 , 52.5301 , 45.1239 , 34.2703 , 53.6845 , 61.2687 , 46.1279 , 85.461 , 61.9513 , 42.5566 , 54.7124 , 50.7748 , 76.3959 , 69.0592 , 48.0662 , 45.6272 , 74.6391 , 62.2994 , 52.6924 , 51.3934 , 68.5168 , 56.2842 , 91.8592 , 67.8662 , 61.8324 , 88.2302 , 51.0421 , 91.2654 , 46.0095 , 63.9402 , 28.1522 , 51.2765 , 63.4892 , 31.5931 , 39.8416 , 68.3836 , 57.755 , 68.731 , 69.2523 , 85.6052 , 51.7414 , 62.231 , 72.1737 , 48.3415 , 37.9137 , 65.4292 , 56.8159 , 90.958 , 50.1928 , 63.7234 , 61.4153 , 34.7969 , 28.4877 , 58.3239 , 49.4988 , 61.6938 , 68.0892 , 89.647 , 61.2497 , 90.6391 , 28.2878 , 40.9075 , 24.4152 , 62.1737 , 47.3619 , 30.3832 , 36.142 , 48.0067 , 60.0076 , 38.7215 , 48.1106 , 35.0812 , 39.4432 , 30.2395 , 51.0847 , 70.2401 , 59.057 , 71.497 , 62.9853 , 93.7378 , 68.7033 , 25.2514 , 38.5278 , 49.7211 , 43.2474 , 51.8079 , 53.2869 , 52.9158 , 52.8739 , 37.9194 , 28.2103 , 52.2065 , 41.7889 , 46.6241 , 44.0826 , 34.6665 , 44.9478 , 30.2995 , 29.7673 , 52.4949 , 82.8112 , 33.2948 , 74.6206 , 25.2074 , 60.4469 , 51.3926 , 40.3503 , 70.2248 , 47.9165 , 51.8169 , 68.7669 , 81.6819 , 60.1312 , 49.3 , 31.6918 , 58.1012 , 79.3601 , 71.1178 , 33.5839 , 71.2239 , 49.736 , 42.0414 , 33.6572 , 73.3372 , 53.3969 , 62.7277 , 56.5098 , 42.1185 , 33.3348 , 69.6521 , 56.4152 , 62.2762 , 52.8455 , 45.73 , 37.6762 , 67.5637 , 93.5775 , 54.9138 , 58.7463 , 70.6045 , 68.5745 , 35.8735 , 62.6122 , 59.5726 , 29.4454 , 82.7131 , 59.5005 , 73.2575 , 45.1714 , 48.311 , 68.8481 , 92.6819 , 59.1792 , 42.4116 , 29.6105 , 40.4227 , 55.4932 , 47.8488 , 43.4833 , 37.0676 , 49.6597 , 38.5962 , 45.9924 , 53.9307 , 29.7275 , 56.0728 , 79.1062 , 61.2483 , 65.2726 , 49.8859 , 84.1313 , 45.5854 , 68.242 , 35.8041 , 59.4046 , 38.0043 , 56.3358 , 44.2314 , 45.8262 , 35.7588 , 46.8871 , 41.3543 , 46.7721 , 41.1903 , 51.4537 , 50.8978 , 40.1957 , 71.477 , 47.6978 , 52.6005 , 89.4239 , 63.9189 , 66.9605 , 74.2287 , 34.5989 , 52.1057 , 58.0676 , 35.1292 , 49.3654 , 34.844 , 32.6044 , 44.695 , 45.0614 , 93.1646 , 63.674 , 49.2873 , 34.6107 , 56.5655 , 31.1396 , 72.3494 , 56.3915 , 71.912 , 56.3626 , 44.7273 , 49.9135 , 63.3937 , 35.041 , 62.5249 , 69.7995 , 97.1527 , 63.6768 , 30.5846 , 63.6253 , 44.847 , 52.4484 , 38.2653 , 40.8134 , 68.8639 , 40.9953 , 44.0856 , 45.7969 , 88.9318 , 44.4197 , 48.1063 , 72.4673 , 46.4167 , 29.0683 , 30.3459 , 76.5037 , 58.7621 , 28.3358 , 37.1175 , 33.5744 , 33.8273 , 73.1512 , 77.0852 , 35.9671 , 36.727 , 52.3459 , 47.9785 , 68.2902 , 46.4116 , 75.1668 , 67.6283 , 50.572 , 63.3816 , 70.3983 , 56.5184 , 54.6405 , 48.8163 , 51.1459 , 65.6419 , 33.5086 , 42.6363 , 45.5068 , 42.3382 , 78.2543 , 54.3806 , 64.8609 , 72.8605 , 49.4501 , 65.4966 , 47.2 , 61.5479 , 44.3085 , 62.4041 , 47.1861 , 40.239 , 58.4785 , 31.3278 , 60.8615 , 36.6842 , 31.2958 , 31.8129 , 32.325 , 70.8163 , 45.5308 , 28.2277 , 52.1289 , 31.5763 , 43.8437 , 47.5843 , 78.2348 , 66.3318 , 55.823 , 64.7118 , 28.2419 , 44.7701 , 73.4307 , 70.6389 , 74.4139 , 67.8926 , 39.1614 , 37.6157 , 35.5621 , 76.0184 , 57.4142 , 59.248 , 56.3686 , 42.2594 , 37.2496 , 38.0675 , 48.1528 , 72.0771 , 46.1693 , 33.307 , 70.9114 , 77.3006 , 54.6785 , 32.3144 , 63.8992 , 62.2676 , 32.4959 , 29.0758 , 78.0945 , 42.3398 , 58.9788 , 52.7602 , 38.7323 , 59.495 , 40.5901 , 45.6474 , 54.4637 , 51.492 , 74.9311 , 64.0234 , 53.683 , 26.7048 , 81.3867 , 68.0797 , 64.051 , 42.8957 , 47.0118 , 70.3883 , 41.0438 , 42.2987 , 49.5111 , 76.2044 , 48.8295 , 44.8463 , 59.5507 , 41.4173 , 41.3891 , 57.9895 , 39.9191 , 69.3308 , 67.922 , 37.2784 , 55.1386 , 33.4374 , 42.5304 , 47.7984 , 62.2599 , 33.9872 , 32.5326 , 34.2963 , 52.8493 , 61.1381 , 63.9624 , 44.3683 , 49.6109 , 31.8998 , 33.8836 , 73.4179 , 49.1674 , 51.9502 , 67.6348 , 53.118 , 38.5063 , 42.2329 , 34.5452 , 59.1975 , 66.9944 , 78.9806 , 65.1653 , 34.5796 , 43.509 , 54.6508 , 47.3549 , 49.0598 , 57.7598 , 59.0423 , 29.2297 , 70.9794 , 65.3682 , 83.1005 , 60.744 , 43.074 , 61.4686 , 39.944 , 55.4325 , 37.1737 , 82.5822 , 40.8184 , 67.1388 , 81.8856 , 42.7724 , 79.9397 , 56.8528 , 59.9267 , 47.2893 , 31.1332 , 40.9295 , 45.2423 , 59.2142 , 33.497 , 34.0962 , 67.917 , 88.0944 , 70.168 , 38.4419 , 69.7761 , 59.3077 , 56.9936 , 68.9595 , 42.179 , 37.3042 , 44.3787 , 37.211 , 32.5499 , 47.2266 , 44.8915 , 38.0766 , 57.347 , 94.3475 , 64.1272 , 58.0007 , 36.7295 , 34.1607 , 42.038 , 33.3007 , 82.7674 , 57.2828 , 37.3572 , 49.2861 , 47.6144 , 49.4343 , 74.7812 , 47.0882 , 39.5262 , 55.5741 , 45.6055 , 37.9773 , 73.2198 , 62.0561 , 67.5066 , 32.6334 , 37.1439 , 59.8338 , 80.4823 , 70.2558 , 80.0573 , 72.7236 , 58.3142 , 38.8564 , 43.4476 , 67.5818 , 45.3016 , 44.9864 , 53.1476 , 49.9202 , 38.9916 , 65.0159 , 51.3595 , 27.3512 , 78.8577 , 76.9902 , 64.7901 , 82.1865 , 22.7113 , 59.3156 , 37.2201 , 68.6897 , 51.2008 , 58.5138 , 37.3696 , 77.9695 , 35.3744 , 39.8711 , 44.9564 , 43.2327 , 67.6915 , 48.9532 , 42.805 , 52.7974 , 54.0495 , 66.087 , 40.8753 , 92.0251 , 49.8204 , 64.3661 , 51.9107 , 71.1662 , 52.8786 , 39.056 , 36.0137 , 46.5729 , 44.074 , 37.3124 , 43.7129 , 44.6632 , 61.6845 , 41.8253 , 59.3551 , 48.6857 , 42.4071 , 74.1235 , 48.5507 , 39.4033 , 40.3015 , 55.5107 , 31.6395 , 47.6955 , 46.071 , 89.0371 , 56.7828 , 60.9254 , 41.4036 , 60.1672 , 32.986 , 43.4347 , 49.6948 , 46.9909 , 32.6417 , 68.2961 , 39.114 , 80.3247 , 28.0999 , 76.5892 , 32.7786 , 67.0733 , 47.4396 , 44.2639 , 59.6453 , 80.0726 , 47.5775 , 51.8894 , 44.4656 , 73.7327 , 56.6804 , 43.3665 , 72.0066 , 60.7308 , 36.2907 , 36.7888 , 55.0197 , 46.5302 , 46.4148 , 43.0352 , 28.7411 , 52.8428 , 56.6663 , 54.3385 , 34.6099 , 44.7914 , 67.1734 , 31.0109 , 42.144 , 69.1367 , 44.1005 , 33.1604 , 24.9123 , 68.6787 , 51.3057 , 56.049 , 82.8361 , 27.575 , 32.4441 , 72.5116 , 58.5383 , 44.3533 , 44.6204 , 38.5956 , 71.8405 , 38.8128 , 52.7179 , 38.4905 , 66.9456 , 54.0166 , 37.91 , 35.5505 , 50.9178 , 46.4573 , 59.273 , 42.7193 , 52.6035 , 57.5698 , 55.7612 , 34.1957 , 36.974 , 58.4552 , 36.4327 , 60.046 , 78.2197 , 47.6421 , 60.1711 , 35.7677 , 32.1528 , 42.3321 , 46.0505 , 92.1835 , 72.2408 , 69.0457 , 37.5863 , 55.0443 , 30.0654 , 43.9509 , 38.9105 , 42.7259 , 40.779 , 38.2323 , 40.2855 , 34.0884 , 63.61 , 65.9255 , 41.8959 , 62.9639 , 65.7956 , 44.533 , 41.8916 , 37.0379 , 66.2105 , 36.337 , 42.9118 , 43.0942 , 76.1103 , 67.3292 , 41.1161 , 52.7626 , 92.0162 , 92.3499 , 43.3717 , 42.8322 , 57.9674 , 58.568 , 28.562 , 76.0537 , 53.8244 , 53.5134 , 39.3304 , 44.4592 , 56.2035 , 35.5414 , 62.0606 , 41.6105 , 40.7651 , 57.2776 , 74.9612 , 69.4372 , 28.7293 , 27.6367 , 69.4954 , 78.3129 , 42.3561 , 65.7256 , 93.1256 , 72.7706 , 68.463 , 60.0374 , 50.5456 , 73.5839 , 34.1343 , 41.8565 , 70.5448 , 51.5515 , 69.8114 , 96.5045 , 48.5437 , 63.523 , 74.8458 , 43.1802 , 48.0406 , 52.1338 , 64.1745 , 66.7926 , 52.9724 , 44.0038 , 29.9406 , 62.6416 , 55.3599 , 44.1406 , 77.3461 , 51.5116 , 42.0733 , 56.7477 , 49.0806 , 77.1775 , 61.0021 , 89.9619 , 26.3653 , 58.9565 , 62.0338 , 49.0972 , 33.7546 , 53.9837 , 76.0195 , 41.4132 , 62.8525 , 37.1372 , 32.0296 , 79.5371 , 39.9274 , 37.7737 , 94.2162 , 78.1431 , 32.5439 , 63.1 , 33.9401 , 62.6323 , 30.676 , 40.6261 , 45.2781 , 75.8079 , 45.7965 , 53.7338 , 39.025 , 58.477 , 58.2128 , 37.5458 , 35.5293 , 61.1875 , 43.8327 , 76.0354 , 62.6378 , 35.5346 , 50.2502 , 34.7676 , 38.2044 , 78.7805 , 49.585 , 27.0458 , 69.4486 , 34.467 , 70.7785 , 64.3467 , 36.877 , 46.0078 , 41.1464 , 43.4224 , 44.3371 , 36.201 , 62.4575 , 