var1=[34.337 , 66.9822 , 52.6327 , 63.4293 , 55.2031 , 59.5225 , 62.2668 , 39.5951 , 43.2415 , 49.8844 , 78.5706 , 85.9284 , 67.7359 , 95.2314 , 56.8864 , 67.0629 , 84.661 , 39.761 , 45.5367 , 42.5568 , 84.6448 , 48.5897 , 62.1983 , 76.7022 , 37.4158 , 65.9278 , 55.077 , 49.5511 , 49.0349 , 33.6563 , 41.1395 , 40.7722 , 75.8781 , 92.3474 , 33.4761 , 52.6235 , 81.9746 , 65.2986 , 80.0099 , 80.2876 , 75.6089 , 30.0971 , 75.4126 , 70.973 , 60.0499 , 39.5823 , 40.4446 , 37.8069 , 69.0527 , 41.9136 , 52.3351 , 41.9823 , 32.6896 , 50.8982 , 65.6461 , 66.1493 , 97.2302 , 43.5038 , 62.6479 , 45.0298 , 66.4064 , 38.4677 , 45.1165 , 50.0029 , 47.9225 , 50.9632 , 67.1164 , 47.78 , 54.6163 , 42.3007 , 60.9649 , 62.9075 , 53.8503 , 69.047 , 57.1466 , 54.3998 , 62.7975 , 38.0662 , 33.5069 , 34.3717 , 51.3053 , 51.7103 , 68.5653 , 68.5796 , 72.333 , 43.0121 , 39.6992 , 75.912 , 31.0578 , 76.0611 , 65.146 , 44.1538 , 53.3865 , 33.3812 , 35.56 , 47.0025 , 72.955 , 45.3826 , 41.7879 , 34.8472 , 60.4575 , 37.4893 , 89.9456 , 37.7284 , 54.5543 , 41.3572 , 65.0534 , 40.7419 , 47.2973 , 59.2762 , 43.9968 , 53.7139 , 55.6525 , 62.7657 , 53.03 , 60.9434 , 31.0974 , 46.1229 , 56.2356 , 34.6328 , 58.2099 , 48.4396 , 48.5267 , 39.7508 , 46.8185 , 51.7854 , 49.9299 , 35.6318 , 43.7938 , 64.2225 , 68.1695 , 30.5264 , 72.5084 , 90.2767 , 58.8519 , 77.2745 , 87.231 , 66.424 , 75.0367 , 65.4048 , 64.2209 , 70.5218 , 69.9419 , 77.0828 , 80.9224 , 44.9377 , 34.9414 , 35.7277 , 43.0192 , 64.4398 , 45.6921 , 73.3577 , 64.7997 , 30.2229 , 51.7009 , 40.5405 , 72.3438 , 36.4874 , 80.9641 , 43.8451 , 34.0025 , 58.2798 , 44.2261 , 70.5657 , 64.8003 , 54.4806 , 42.4544 , 58.3536 , 89.2198 , 54.711 , 56.7532 , 57.9609 , 53.5106 , 50.3888 , 44.4804 , 79.8335 , 35.585 , 35.5229 , 49.0943 , 95.0206 , 50.2336 , 59.0343 , 80.7547 , 52.6908 , 49.8062 , 69.1418 , 33.1689 , 53.523 , 44.5055 , 32.024 , 49.6701 , 43.3784 , 67.5513 , 90.9694 , 53.4507 , 41.7258 , 41.2892 , 53.8813 , 45.5092 , 101.121 , 61.4376 , 52.0056 , 42.4397 , 55.4406 , 51.1237 , 38.7613 , 53.3829 , 88.2127 , 46.9518 , 54.2076 , 77.3904 , 25.8976 , 58.0595 , 59.3595 , 57.4478 , 52.5801 , 38.5563 , 69.5296 , 52.8459 , 58.2123 , 57.1465 , 82.0117 , 43.7292 , 36.1114 , 65.8995 , 62.7191 , 47.4352 , 29.5929 , 50.2105 , 46.6703 , 76.3698 , 96.9169 , 63.472 , 40.3707 , 52.261 , 39.3517 , 47.0628 , 35.2668 , 45.8512 , 87.9095 , 76.711 , 48.0122 , 46.7366 , 56.7988 , 78.8726 , 57.9602 , 48.9865 , 49.9488 , 62.0458 , 83.0042 , 52.9158 , 52.7264 , 51.5701 , 60.5284 , 61.3731 , 65.1507 , 66.9534 , 33.9968 , 59.9835 , 65.4471 , 36.276 , 53.6284 , 30.2512 , 55.7288 , 45.4152 , 47.325 , 44.0614 , 63.3116 , 79.0189 , 65.9953 , 28.4051 , 55.2897 , 64.0088 , 37.9226 , 87.4676 , 30.9877 , 33.7567 , 37.3161 , 55.9914 , 57.6744 , 54.0624 , 44.2312 , 54.8586 , 39.6937 , 49.0542 , 72.6497 , 62.9199 , 38.3118 , 64.7949 , 30.2832 , 39.5001 , 31.9058 , 39.1929 , 44.6867 , 135.147 , 61.7708 , 51.4592 , 43.89 , 31.1489 , 48.1606 , 49.9396 , 56.512 , 39.2975 , 42.7714 , 57.9273 , 51.1423 , 36.7969 , 54.8574 , 74.757 , 82.8701 , 57.1847 , 40.8657 , 41.5584 , 61.4931 , 64.9397 , 52.9247 , 46.0148 , 38.0832 , 57.3952 , 51.664 , 40.8072 , 68.526 , 79.2651 , 91.6806 , 33.8898 , 46.9557 , 69.1373 , 41.5675 , 45.5081 , 51.6292 , 57.9354 , 63.7638 , 55.9225 , 58.5873 , 39.5605 , 28.174 , 81.3091 , 50.7901 , 53.881 , 25.9921 , 27.0371 , 47.6051 , 57.825 , 43.5704 , 33.7129 , 39.1924 , 47.9201 , 46.2698 , 53.9464 , 61.4661 , 68.1936 , 62.5718 , 50.2124 , 44.5822 , 48.469 , 65.2607 , 65.8717 , 38.3412 , 39.3519 , 39.8032 , 50.1661 , 65.5862 , 74.1114 , 39.0145 , 69.6761 , 107.537 , 54.5326 , 40.3895 , 57.119 , 73.5934 , 62.9921 , 68.8559 , 50.2402 , 46.085 , 72.3946 , 38.3112 , 49.2347 , 52.0572 , 31.0314 , 74.7498 , 36.5343 , 106.447 , 38.0865 , 70.2454 , 32.8978 , 69.1265 , 51.2603 , 54.4525 , 34.8397 , 94.9587 , 59.4423 , 35.7808 , 72.2627 , 26.7321 , 32.7076 , 44.238 , 49.977 , 60.5661 , 47.5088 , 41.3975 , 83.2727 , 36.2703 , 51.0384 , 34.808 , 41.827 , 42.4808 , 48.1484 , 69.6644 , 46.8866 , 44.5297 , 39.8852 , 34.3605 , 41.3249 , 46.6563 , 92.0907 , 57.3988 , 93.5333 , 52.5169 , 74.6888 , 51.8385 , 57.8809 , 40.0596 , 46.04 , 30.2638 , 53.4209 , 55.4103 , 102.628 , 54.608 , 52.1936 , 61.8311 , 93.3394 , 76.2399 , 61.5611 , 38.0193 , 80.8219 , 49.9274 , 64.4136 , 47.7184 , 58.5619 , 59.8019 , 75.6954 , 62.7271 , 95.6388 , 38.8752 , 44.6319 , 40.3797 , 84.4946 , 41.352 , 68.5346 , 43.3516 , 37.4192 , 66.8805 , 71.3729 , 42.4488 , 63.3778 , 44.2293 , 55.5912 , 39.5743 , 87.396 , 71.9302 , 61.8054 , 32.7054 , 29.5719 , 63.6224 , 56.327 , 92.9427 , 54.1457 , 26.6696 , 39.6863 , 68.3117 , 35.8352 , 49.1773 , 90.4837 , 64.2026 , 78.8301 , 50.5028 , 41.678 , 98.1525 , 50.263 , 45.7978 , 54.514 , 33.374 , 39.513 , 35.0525 , 51.4931 , 53.8927 , 39.3069 , 80.505 , 88.8459 , 70.2337 , 63.5185 , 61.9585 , 38.4514 , 44.8209 , 36.3021 , 74.8417 , 38.8802 , 31.6794 , 70.1425 , 62.2361 , 29.7254 , 52.2431 , 42.1724 , 80.7099 , 63.172 , 40.4846 , 47.7506 , 75.8244 , 61.7793 , 47.7073 , 67.5797 , 44.0189 , 31.4708 , 45.8752 , 49.365 , 85.2969 , 72.276 , 64.863 , 53.2824 , 76.3736 , 35.8641 , 60.0365 , 57.0816 , 54.6065 , 57.8072 , 41.6817 , 58.5648 , 54.1339 , 48.4965 , 60.0278 , 32.112 , 42.3678 , 74.6232 , 62.3192 , 66.0638 , 38.2116 , 78.2837 , 60.3181 , 73.9299 , 30.1015 , 63.2916 , 69.2712 , 75.2252 , 50.859 , 56.4097 , 58.9436 , 28.617 , 34.2078 , 55.8092 , 48.2978 , 36.0327 , 49.4956 , 45.7263 , 38.2738 , 86.2167 , 83.3801 , 92.6131 , 34.9679 , 30.3998 , 41.7457 , 69.3034 , 63.0861 , 36.8373 , 31.275 , 59.055 , 42.161 , 78.3706 , 55.724 , 67.756 , 68.6522 , 25.9197 , 63.2723 , 82.0774 , 100.595 , 65.674 , 47.8024 , 49.7318 , 62.8706 , 38.9267 , 38.0593 , 45.7249 , 34.4391 , 51.2854 , 36.5324 , 69.3334 , 29.1389 , 31.0938 , 54.571 , 41.8404 , 55.3719 , 99.6063 , 27.5375 , 32.9128 , 43.6138 , 41.3398 , 42.3394 , 39.3274 , 26.6234 , 73.7597 , 49.8961 , 36.1665 , 33.4447 , 60.4305 , 43.7152 , 37.2136 , 49.7023 , 31.6257 , 52.2243 , 31.5808 , 33.8095 , 54.9289 , 32.5782 , 46.6979 , 54.5586 , 68.8195 , 51.396 , 63.0972 , 46.3985 , 29.4758 , 43.2909 , 46.6832 , 53.8476 , 64.5753 , 55.556 , 61.3874 , 51.4485 , 52.1515 , 72.0143 , 95.8619 , 78.143 , 43.894 , 61.8473 , 40.462 , 25.6479 , 61.9299 , 47.9676 , 55.623 , 35.9655 , 79.3384 , 64.838 , 48.2067 , 35.4911 , 64.6257 , 61.8393 , 77.9472 , 43.309 , 44.3838 , 51.7931 , 39.9622 , 49.989 , 39.7158 , 71.1523 , 44.8753 , 38.8066 , 40.0149 , 68.6974 , 43.9996 , 82.8775 , 29.6597 , 31.6892 , 42.9723 , 55.8682 , 54.0161 , 45.4101 , 60.3412 , 76.1307 , 32.2927 , 65.3083 , 34.5924 , 57.0525 , 41.1177 , 70.7102 , 54.2347 , 32.862 , 30.1855 , 53.2125 , 29.4554 , 33.2363 , 71.5927 , 137.157 , 56.0674 , 33.3863 , 63.879 , 30.6755 , 55.3039 , 44.4006 , 54.5115 , 54.7071 , 58.7519 , 54.3725 , 94.4989 , 72.1904 , 42.4158 , 77.9965 , 51.0439 , 59.8064 , 44.5062 , 44.9512 , 30.2455 , 79.5431 , 76.6233 , 42.6031 , 56.4596 , 48.9651 , 47.9267 , 52.4839 , 37.267 , 36.5655 , 58.2682 , 63.9461 , 73.4459 , 44.0939 , 64.0312 , 35.561 , 59.9732 , 49.1127 , 79.387 , 39.737 , 40.0438 , 37.7599 , 64.8106 , 78.8742 , 48.0683 , 65.5737 , 43.574 , 46.0071 , 52.5689 , 41.9 , 49.1217 , 34.716 , 45.0933 , 75.3611 , 75.7871 , 53.3268 , 55.1368 , 48.912 , 34.4585 , 48.1981 , 54.6846 , 90.6961 , 82.8137 , 54.4624 , 69.323 , 48.4426 , 38.7703 , 86.5478 , 29.9513 , 33.387 , 56.9732 , 63.6397 , 36.5563 , 48.4171 , 55.8823 , 26.0039 , 46.8205 , 51.6259 , 73.2055 , 66.9173 , 55.9962 , 24.9563 , 64.6342 , 64.9715 , 75.0786 , 34.4309 , 80.0659 , 36.2135 , 30.3563 , 44.4002 , 40.36 , 59.4739 , 30.8591 , 38.225 , 81.0405 , 43.9094 , 45.0887 , 77.4494 , 50.4018 , 28.475 , 46.7195 , 33.4306 , 63.8293 , 57.8115 , 58.9533 , 43.7046 , 88.8139 , 36.5685 , 75.1121 , 50.7061 , 42.708 , 75.8793 , 67.128 , 57.1848 , 63.461 , 36.6544 , 54.3488 , 56.3346 , 64.8586 , 86.0674 , 50.2441 , 68.0311 , 56.6718 , 37.2045 , 26.1245 , 47.0474 , 49.4402 , 48.9271 , 90.4491 , 43.6653 , 38.0318 , 