var1=[55.3227 , 28.3653 , 61.3317 , 41.5577 , 75.7019 , 44.8133 , 53.7048 , 36.1083 , 42.3889 , 35.9186 , 88.1589 , 64.2891 , 55.369 , 106.146 , 50.9013 , 40.9255 , 35.9951 , 71.8345 , 24.006 , 57.6898 , 49.8498 , 39.2394 , 33.0291 , 77.3812 , 90.9494 , 61.3328 , 43.1984 , 55.1438 , 65.6526 , 35.6179 , 94.4678 , 52.038 , 100.914 , 71.9616 , 67.3167 , 55.5712 , 76.8073 , 60.2956 , 116.748 , 60.0807 , 34.1772 , 47.5638 , 70.705 , 46.741 , 43.8668 , 52.1736 , 53.6226 , 34.8641 , 63.4686 , 49.9111 , 70.3002 , 51.7633 , 33.2419 , 35.0412 , 87.8606 , 52.8317 , 39.9901 , 46.0332 , 53.6064 , 58.2432 , 115.713 , 93.0303 , 59.0484 , 89.9868 , 60.4663 , 52.0454 , 71.3568 , 34.6271 , 39.0292 , 42.7305 , 73.1506 , 53.0339 , 66.1587 , 70.1123 , 39.5155 , 65.4299 , 43.8218 , 42.7613 , 28.2972 , 64.636 , 81.64 , 86.4522 , 38.4816 , 137.368 , 49.5451 , 52.7611 , 47.0447 , 83.4668 , 60.6874 , 56.2257 , 61.3513 , 46.023 , 41.0564 , 55.2567 , 39.4564 , 42.0425 , 69.3746 , 89.3848 , 42.8067 , 59.654 , 65.7473 , 30.1426 , 73.6956 , 65.9389 , 53.1394 , 51.1854 , 81.5977 , 54.1187 , 78.028 , 46.5111 , 83.6863 , 63.1875 , 99.3816 , 47.5429 , 44.4114 , 55.5532 , 58.1929 , 42.0161 , 55.9863 , 36.6767 , 48.1297 , 50.2403 , 34.5992 , 58.6099 , 107.941 , 48.7356 , 28.4407 , 49.2236 , 39.8368 , 51.9982 , 104.687 , 55.9355 , 69.1838 , 49.3763 , 67.7011 , 79.3709 , 44.074 , 131.96 , 50.4076 , 67.9477 , 74.9456 , 40.2885 , 34.9107 , 81.8267 , 108.927 , 68.4565 , 68.2945 , 85.774 , 43.4728 , 46.6755 , 71.2705 , 52.3563 , 43.2505 , 36.0524 , 43.5142 , 38.3841 , 53.8788 , 29.0351 , 71.1566 , 40.9326 , 52.9195 , 64.315 , 75.2359 , 113.645 , 47.9588 , 37.6105 , 79.0607 , 51.6816 , 50.6957 , 82.4142 , 47.6487 , 53.6649 , 33.9591 , 40.6068 , 63.0159 , 56.0066 , 38.9742 , 86.8603 , 37.971 , 22.7482 , 86.6829 , 92.623 , 42.1295 , 79.4708 , 37.5173 , 69.5282 , 56.0381 , 43.038 , 57.5994 , 56.1546 , 60.709 , 70.6258 , 82.6108 , 62.2814 , 48.3124 , 40.6504 , 80.9993 , 44.0065 , 24.4872 , 62.92 , 55.518 , 42.2083 , 48.4688 , 83.8232 , 47.7641 , 57.6817 , 68.6806 , 92.6155 , 75.0012 , 57.3148 , 107.724 , 63.1798 , 64.7843 , 57.0243 , 55.2927 , 48.8511 , 66.0362 , 72.7683 , 96.4109 , 80.663 , 38.3817 , 71.4694 , 75.2069 , 58.3245 , 36.2203 , 66.0718 , 70.769 , 63.0822 , 54.4627 , 57.1511 , 33.539 , 67.8097 , 55.665 , 56.7831 , 63.809 , 52.3563 , 44.5995 , 84.0844 , 40.7698 , 72.8565 , 106.088 , 40.5156 , 70.6944 , 78.7574 , 66.7525 , 53.3453 , 37.1523 , 59.6036 , 49.2931 , 53.1636 , 60.1925 , 83.8541 , 42.4667 , 42.4778 , 56.3048 , 55.1331 , 50.4328 , 57.4418 , 55.3697 , 61.8619 , 68.9096 , 43.2122 , 32.6272 , 57.5167 , 54.3414 , 43.3952 , 72.8275 , 36.2812 , 72.2666 , 65.1229 , 32.7059 , 48.1237 , 41.3701 , 59.2529 , 50.8311 , 72.018 , 43.4348 , 51.0075 , 44.0565 , 56.4709 , 115.466 , 63.2016 , 53.7613 , 73.1062 , 46.5968 , 85.1052 , 64.0462 , 67.9635 , 42.0434 , 47.9397 , 48.8085 , 74.6776 , 29.1952 , 60.7104 , 35.1745 , 41.0973 , 43.3844 , 98.6731 , 56.1494 , 45.3059 , 74.8966 , 45.8034 , 31.4005 , 54.9648 , 39.6453 , 113.707 , 30.8136 , 75.1855 , 49.1597 , 53.0319 , 75.193 , 38.5351 , 53.1241 , 53.1869 , 61.7325 , 59.0888 , 48.4705 , 32.1462 , 80.6944 , 44.4621 , 61.2362 , 49.3863 , 87.6561 , 67.8572 , 41.7334 , 62.9121 , 38.3426 , 37.939 , 44.5327 , 74.4131 , 67.9003 , 28.637 , 56.3983 , 50.1643 , 25.4773 , 51.9563 , 47.7883 , 48.7113 , 55.8948 , 37.2987 , 48.6686 , 49.2308 , 47.9795 , 40.79 , 91.1756 , 41.694 , 42.1384 , 35.1212 , 97.8463 , 40.7749 , 83.6277 , 52.8177 , 37.7766 , 38.7957 , 65.8062 , 59.9516 , 68.1774 , 44.5409 , 34.3772 , 52.6488 , 63.6 , 49.1898 , 38.5715 , 49.5603 , 80.683 , 61.9002 , 54.0494 , 53.1362 , 77.2977 , 45.4264 , 66.2509 , 103.115 , 67.8658 , 48.8176 , 70.4611 , 32.4703 , 44.0466 , 79.4593 , 47.8333 , 61.1376 , 39.9374 , 64.0195 , 53.1411 , 82.6871 , 56.6579 , 57.723 , 49.6903 , 67.7759 , 66.9237 , 46.9688 , 51.1816 , 105.073 , 57.4768 , 96.1185 , 43.8021 , 35.9362 , 66.3832 , 49.6585 , 88.6119 , 85.9133 , 75.7009 , 54.8006 , 30.3727 , 110.343 , 38.6085 , 45.6271 , 76.7177 , 100.127 , 43.1153 , 104.595 , 43.3758 , 46.3909 , 61.9647 , 43.7123 , 61.5903 , 24.8635 , 39.6797 , 64.9912 , 80.3371 , 44.3927 , 44.2612 , 53.4926 , 49.6668 , 55.1103 , 57.0404 , 48.095 , 50.3113 , 40.291 , 50.3096 , 65.895 , 80.3314 , 47.3047 , 64.3604 , 72.187 , 70.6623 , 38.2272 , 36.9076 , 98.1454 , 48.2451 , 70.0362 , 48.8969 , 101.607 , 102.257 , 68.4268 , 32.9285 , 58.1799 , 88.665 , 83.128 , 43.272 , 39.4714 , 65.2146 , 43.1117 , 58.7094 , 71.5272 , 70.8108 , 42.6267 , 38.2737 , 83.6774 , 110.2 , 57.4896 , 48.1367 , 60.7583 , 52.6339 , 68.8255 , 34.7278 , 50.2655 , 73.7645 , 62.7896 , 49.4107 , 44.3585 , 31.7151 , 36.5324 , 76.9814 , 70.096 , 66.8393 , 42.0081 , 62.9305 , 96.9148 , 51.8857 , 56.9464 , 50.0987 , 44.7014 , 53.698 , 55.4358 , 45.4 , 45.5767 , 111.604 , 72.3986 , 73.2243 , 51.6919 , 65.2423 , 65.741 , 78.1785 , 36.962 , 29.0828 , 52.3363 , 58.3965 , 58.1497 , 63.0229 , 66.8212 , 70.5925 , 40.7889 , 44.705 , 57.3833 , 72.9345 , 30.3855 , 43.0414 , 35.4842 , 89.0817 , 38.5454 , 46.3575 , 84.0131 , 45.4676 , 42.4736 , 42.6467 , 80.5179 , 79.5445 , 85.3525 , 81.363 , 44.4947 , 49.3049 , 58.6389 , 57.5791 , 28.4668 , 46.0924 , 34.5413 , 65.2256 , 61.6147 , 44.5425 , 38.5183 , 74.4996 , 43.5434 , 56.2848 , 35.1237 , 75.8211 , 48.4521 , 68.0532 , 83.3409 , 35.5713 , 77.1803 , 93.2315 , 36.7999 , 59.1662 , 57.3059 , 43.1357 , 61.4698 , 54.5723 , 29.9979 , 45.3123 , 52.1667 , 63.6085 , 52.1208 , 52.9143 , 54.9439 , 43.3956 , 62.0323 , 60.1598 , 70.6935 , 67.7757 , 30.4009 , 57.9752 , 72.0229 , 109.886 , 54.9762 , 50.2469 , 26.8953 , 36.339 , 57.1303 , 31.7572 , 53.5451 , 57.6485 , 76.9869 , 67.713 , 50.2694 , 79.2511 , 67.3928 , 29.6256 , 90.6481 , 43.026 , 76.69 , 27.9835 , 77.3193 , 67.9559 , 54.2798 , 63.7126 , 52.2411 , 44.1178 , 37.1489 , 52.8153 , 55.2475 , 94.666 , 70.7117 , 64.5001 , 53.6969 , 50.0817 , 45.3445 , 48.9038 , 58.1798 , 66.0616 , 22.344 , 39.617 , 39.84 , 65.2695 , 54.7204 , 98.4577 , 77.6394 , 45.488 , 90.0716 , 66.2148 , 46.5922 , 73.2022 , 56.4363 , 60.6049 , 49.7586 , 38.5327 , 57.5053 , 83.6294 , 49.9323 , 76.0844 , 47.5952 , 44.5358 , 67.5677 , 35.8203 , 62.1552 , 72.2733 , 27.917 , 45.5228 , 51.4111 , 59.973 , 69.3316 , 35.6506 , 61.6007 , 43.422 , 42.5893 , 43.6106 , 58.3263 , 49.986 , 39.6062 , 48.6822 , 44.4418 , 38.4176 , 49.001 , 81.4674 , 74.0025 , 127.281 , 46.5739 , 58.0296 , 70.6574 , 47.2731 , 47.7372 , 34.8102 , 43.3891 , 65.4696 , 65.787 , 65.0304 , 44.5114 , 80.9869 , 42.7328 , 52.2942 , 92.231 , 86.6038 , 49.7388 , 104.778 , 43.5418 , 42.0672 , 61.7364 , 38.1203 , 27.7509 , 55.6648 , 50.1856 , 31.8035 , 79.0501 , 89.007 , 55.789 , 38.3542 , 80.0879 , 27.8186 , 51.8858 , 69.2814 , 26.9298 , 58.0653 , 34.4873 , 50.1134 , 51.3614 , 28.4281 , 75.2201 , 50.9075 , 59.1583 , 118.788 , 60.1464 , 43.7128 , 40.8705 , 61.9754 , 45.4346 , 73.533 , 61.2541 , 74.7159 , 50.1068 , 67.9604 , 61.7596 , 37.327 , 48.1233 , 36.7211 , 73.5133 , 83.3069 , 44.7524 , 42.5779 , 32.373 , 55.3088 , 49.0931 , 63.6245 , 76.9766 , 50.6026 , 48.7259 , 101.087 , 53.8634 , 94.9315 , 40.5627 , 131.904 , 47.6987 , 85.4862 , 63.9815 , 74.2119 , 33.755 , 67.9871 , 70.3534 , 60.143 , 65.3612 , 68.8267 , 85.8398 , 44.355 , 72.0357 , 83.73 , 50.0935 , 46.8133 , 85.4988 , 27.1014 , 36.3864 , 51.0457 , 77.8407 , 41.2924 , 49.1753 , 72.6196 , 36.7331 , 61.1785 , 37.5671 , 38.8897 , 94.1775 , 38.6754 , 82.9594 , 54.2609 , 63.3654 , 48.6549 , 90.5018 , 31.4916 , 41.0728 , 63.4642 , 62.5318 , 42.7737 , 36.0358 , 53.0171 , 69.9593 , 48.875 , 77.4971 , 34.1234 , 33.3834 , 49.2591 , 46.8178 , 54.6802 , 85.8285 , 45.4807 , 76.3626 , 59.2152 , 56.963 , 29.8242 , 48.8229 , 119.206 , 48.8964 , 44.3404 , 57.8052 , 44.6158 , 52.9235 , 37.1183 , 43.6996 , 53.0787 , 58.2093 , 65.7087 , 90.1956 , 35.2499 , 49.6713 , 64.9035 , 56.8147 , 71.3244 , 42.0556 , 74.3009 , 55.8078 , 41.0354 , 62.0552 , 32.4348 , 84.7235 , 65.124 , 44.021 , 37.2466 , 49.1977 , 37.1739 , 79.0051 , 34.374 , 83.1117 , 