var1=[68.5706 , 44.6716 , 71.0503 , 94.5685 , 81.6691 , 80.8717 , 72.5163 , 47.1719 , 67.0517 , 86.4506 , 50.212 , 77.2591 , 45.3377 , 94.4356 , 42.2732 , 84.1135 , 71.396 , 55.2594 , 108.437 , 110.369 , 72.5099 , 90.5765 , 43.4274 , 60.6165 , 91.1195 , 67.2408 , 56.0196 , 75.313 , 37.5522 , 85.4001 , 58.8364 , 93.7473 , 85.8325 , 41.7077 , 66.4884 , 67.6704 , 70.5272 , 39.7001 , 76.5331 , 50.4367 , 66.1063 , 64.0667 , 59.4404 , 105.079 , 75.3344 , 83.8437 , 62.2489 , 53.2427 , 52.5415 , 54.0859 , 49.9019 , 71.8826 , 58.604 , 10.1694 , 54.5999 , 77.3407 , 46.6107 , 88.2376 , 54.6849 , 101.119 , 53.1323 , 52.3015 , 154.932 , 151.435 , 94.3969 , 48.0685 , 91.2648 , 94.9862 , 71.5701 , 53.4595 , 62.3522 , 94.0534 , 53.8952 , 54.3359 , 30.1123 , 54.33 , 66.3663 , 101.902 , 59.1672 , 142.732 , 26.9641 , 76.4242 , 55.8877 , 68.6664 , 16.4951 , 75.207 , 43.6784 , 37.5628 , 62.8251 , 88.9945 , 70.3228 , 91.9941 , 82.7801 , 65.5906 , 90.6194 , 35.1331 , 53.2297 , 107.022 , 71.4086 , 105.355 , 61.3833 , 52.3565 , 48.1455 , 51.1593 , 58.3072 , 60.7343 , 80.6635 , 70.1474 , 79.8162 , 69.2689 , 62.9925 , 62.7037 , 53.6827 , 69.4801 , 41.7916 , 78.9762 , 35.2866 , 91.104 , 56.1162 , 70.7671 , 54.3898 , 61.8909 , 55.1078 , 61.0181 , 34.9317 , 67.7946 , 58.6073 , 62.5512 , 96.8399 , 86.8381 , 101.814 , 94.1454 , 79.8549 , 101.453 , 62.9943 , 90.7826 , 68.7278 , 55.9005 , 77.4479 , 46.7976 , 51.2327 , 68.3812 , 49.8333 , 58.1837 , 72.5974 , 43.4254 , 76.0233 , 66.2982 , 92.5918 , 71.7833 , 63.6041 , 87.7701 , 74.8159 , 70.6532 , 57.8572 , 60.6084 , 58.6973 , 83.2487 , 78.6549 , 53.35 , 50.9402 , 43.1884 , 47.7221 , 43.8686 , 57.0262 , 65.8155 , 55.0574 , 84.0732 , 49.451 , 101.93 , 64.7063 , 105.831 , 57.5958 , 105.123 , 90.394 , 39.4485 , 86.1619 , 59.6899 , 47.9322 , 81.1137 , 59.5738 , 139.767 , 85.592 , 67.0617 , 115.685 , 101.301 , 56.76 , 73.8165 , 73.8646 , 73.3631 , 77.0028 , 54.9803 , 71.2097 , 29.8828 , 105.703 , 81.859 , 41.5156 , 75.8275 , 43.1696 , 87.0427 , 90.0201 , 42.5061 , 92.7118 , 56.4541 , 71.8011 , 77.7674 , 65.8358 , 62.2904 , 96.169 , 45.5441 , 64.2677 , 56.1865 , 82.8803 , 73.6597 , 60.1614 , 110.627 , 97.3685 , 41.0185 , 73.6548 , 51.7257 , 50.4227 , 34.5413 , 45.338 , 57.5356 , 68.8845 , 58.4109 , 67.3233 , 71.5813 , 94.3846 , 77.2613 , 130.183 , 54.7657 , 63.6486 , 80.4946 , 57.5591 , 63.7129 , 89.6424 , 73.157 , 32.6748 , 79.4057 , 95.3064 , 52.2669 , 70.8833 , 71.7141 , 69.9054 , 75.9399 , 77.4553 , 47.4413 , 47.1965 , 61.1374 , 55.7304 , 94.1386 , 71.1173 , 89.8689 , 116.917 , 79.4344 , 60.0128 , 61.7971 , 46.8046 , 95.2775 , 81.2342 , 67.2731 , 66.5468 , 66.3194 , 83.0809 , 56.5958 , 64.2511 , 89.3553 , 93.115 , 44.0005 , 59.0852 , 63.6402 , 82.4433 , 63.9713 , 93.4339 , 104.041 , 96.2498 , 54.4692 , 60.9697 , 63.6697 , 49.3398 , 49.9448 , 66.9655 , 36.7949 , 96.7997 , 51.2643 , 79.6015 , 77.7548 , 86.9671 , 56.2619 , 85.8984 , 40.2206 , 46.2884 , 50.2025 , 64.58 , 95.8643 , 57.3933 , 60.0762 , 37.6375 , 73.9122 , 87.1396 , 54.7718 , 90.8307 , 47.395 , 77.2425 , 88.2364 , 65.7091 , 42.1681 , 56.7911 , 58.1593 , 51.7597 , 56.3947 , 70.571 , 64.0886 , 77.0995 , 92.2585 , 58.6746 , 67.6853 , 84.752 , 85.0022 , 58.4332 , 89.4786 , 96.546 , 71.7676 , 61.8476 , 75.6333 , 72.3745 , 36.422 , 85.8546 , 123.71 , 96.4933 , 91.4633 , 66.1817 , 34.4058 , 90.2111 , 62.9558 , 135.69 , 63.3196 , 68.5083 , 71.4108 , 61.5926 , 104.453 , 65.2968 , 38.806 , 77.6162 , 64.0457 , 82.1605 , 74.3369 , 95.0356 , 45.3517 , 55.4469 , 47.9422 , 60.9751 , 82.5576 , 89.756 , 81.8615 , 71.9448 , 64.3796 , 66.8896 , 58.7159 , 78.6316 , 77.7751 , 68.6083 , 111.941 , 53.2498 , 59.2038 , 50.754 , 69.2214 , 37.2322 , 86.1339 , 80.6385 , 53.9919 , 36.8235 , 69.3703 , 52.3578 , 96.0936 , 35.1615 , 66.4481 , 81.213 , 116.55 , 50.4378 , 20.4629 , 27.965 , 85.3891 , 82.3942 , 86.6661 , 57.0223 , 110.998 , 85.2555 , 71.4047 , 65.9198 , 65.9797 , 65.0324 , 62.0818 , 51.5114 , 94.8149 , 64.6225 , 50.4246 , 80.366 , 84.0265 , 57.6049 , 83.2993 , 46.8991 , 74.0243 , 55.0669 , 87.2335 , 44.0179 , 61.5038 , 76.4396 , 84.205 , 51.1322 , 81.4419 , 43.7077 , 132.687 , 70.7006 , 42.0228 , 46.9602 , 101.26 , 36.8011 , 88.1 , 43.648 , 75.8236 , 74.0026 , 71.5811 , 120.176 , 75.0559 , 84.3291 , 62.2299 , 70.1293 , 84.542 , 77.0219 , 98.4288 , 109.722 , 26.0941 , 57.1631 , 92.3151 , 105.261 , 94.0039 , 53.8766 , 89.1152 , 64.0792 , 90.9463 , 53.8949 , 66.3107 , 54.6701 , 70.8407 , 38.6033 , 73.402 , 37.504 , 84.2287 , 96.6698 , 41.3691 , 45.0202 , 92.3956 , 57.401 , 54.6404 , 64.8075 , 84.7806 , 79.0508 , 65.2034 , 49.6899 , 59.3332 , 76.6222 , 91.7126 , 63.9715 , 59.3457 , 44.0075 , 65.022 , 113.019 , 76.9162 , 41.4031 , 60.2815 , 86.2017 , 95.1525 , 63.8665 , 62.9488 , 66.648 , 40.1871 , 56.7655 , 71.1946 , 129.243 , 94.7091 , 74.1545 , 57.7297 , 60.1581 , 80.0306 , 57.6278 , 77.3102 , 92.1944 , 78.6457 , 87.0148 , 37.9422 , 121.147 , 57.9026 , 58.7277 , 65.5757 , 60.9151 , 77.5474 , 85.6687 , 125.318 , 47.9614 , 78.4072 , 72.1767 , 52.2804 , 88.7882 , 59.9557 , 10.6833 , 48.4209 , 74.2052 , 73.6785 , 31.4707 , 88.4374 , 53.5786 , 61.6469 , 80.2018 , 67.7736 , 66.9046 , 72.1423 , 62.757 , 68.2008 , 109.089 , 47.6718 , 40.7141 , 45.8932 , 95.4434 , 67.0573 , 89.6188 , 95.032 , 92.806 , 48.1853 , 76.1092 , 31.9875 , 58.0563 , 86.2985 , 62.2817 , 47.3383 , 79.4178 , 52.4536 , 101.533 , 42.151 , 48.8353 , 46.8234 , 46.8466 , 22.877 , 73.154 , 47.1835 , 61.2879 , 62.8272 , 61.8853 , 57.6813 , 83.6341 , 43.6467 , 64.4259 , 89.8783 , 127.436 , 54.2008 , 77.0815 , 67.1958 , 61.2783 , 87.7078 , 57.7457 , 84.9013 , 62.1699 , 87.6682 , 52.5182 , 35.713 , 108.331 , 78.8258 , 65.0438 , 68.2532 , 80.1291 , 63.4392 , 59.4437 , 83.1122 , 54.9488 , 54.5203 , 60.5683 , 80.8238 , 68.0702 , 56.0901 , 73.4943 , 85.4467 , 69.24 , 48.5814 , 152.757 , 71.7995 , 73.1989 , 137.387 , 144.524 , 42.5191 , 90.052 , 70.6442 , 47.834 , 104.802 , 44.6766 , 36.6781 , 99.4923 , 50.9794 , 76.0137 , 44.824 , 41.3231 , 141.872 , 83.9259 , 52.6157 , 75.5348 , 122.321 , 59.0123 , 76.5627 , 82.227 , 82.0564 , 66.0662 , 61.663 , 79.8495 , 117.831 , 67.2376 , 99.9512 , 106.13 , 27.6896 , 45.3455 , 61.3823 , 67.3412 , 47.8728 , 74.0895 , 43.6663 , 72.1647 , 39.7925 , 79.3631 , 82.5005 , 48.0394 , 87.6093 , 62.0011 , 104.411 , 84.2493 , 52.6865 , 80.1767 , 61.443 , 58.5888 , 54.2715 , 68.143 , 57.4504 , 55.0972 , 81.9326 , 44.2957 , 61.6955 , 88.8843 , 53.1255 , 81.5678 , 54.7454 , 100.717 , 35.7171 , 39.5455 , 81.0703 , 55.9548 , 75.6344 , 58.4973 , 39.5003 , 130.657 , 15.9426 , 85.2395 , 57.702 , 23.5351 , 50.6349 , 56.2775 , 110.192 , 55.9372 , 106.64 , 85.6239 , 64.8167 , 57.8807 , 66.5391 , 63.5543 , 95.1379 , 69.7369 , 42.18 , 81.9098 , 58.0255 , 91.5678 , 35.7933 , 54.4051 , 98.8433 , 48.9807 , 108.02 , 60.4566 , 53.4648 , 56.4755 , 86.5664 , 39.1714 , 64.9102 , 63.9094 , 69.4221 , 46.8186 , 96.1411 , 55.1857 , 49.044 , 59.1982 , 27.5914 , 165.081 , 45.1112 , 66.1087 , 62.8625 , 72.9419 , 60.5672 , 80.9741 , 82.7318 , 100.355 , 81.2194 , 64.251 , 110.807 , 47.8638 , 95.8998 , 79.0248 , 63.9459 , 58.2672 , 92.2558 , 77.9287 , 38.7107 , 66.422 , 64.1032 , 81.3952 , 79.7553 , 64.8072 , 68.346 , 92.1191 , 74.5859 , 103.524 , 50.2135 , 55.5981 , 94.7844 , 87.8515 , 81.3379 , 90.1504 , 111.294 , 64.1431 , 53.2701 , 45.6771 , 56.319 , 79.9279 , 48.0157 , 74.3257 , 123.734 , 105.651 , 114.689 , 102.658 , 103.377 , 88.5228 , 88.2917 , 85.9389 , 43.321 , 92.2147 , 42.5264 , 60.6536 , 71.2938 , 60.4056 , 70.9395 , 53.3181 , 27.6801 , 50.3847 , 53.3354 , 40.9577 , 43.9598 , 80.4898 , 87.3906 , 95.8403 , 115.973 , 26.3023 , 55.9605 , 104.702 , 48.948 , 62.0641 , 101.212 , 71.7588 , 80.6581 , 124.203 , 77.012 , 48.2052 , 52.5066 , 88.2144 , 42.5436 , 66.4301 , 66.6685 , 109.589 , 63.8545 , 59.4404 , 35.6105 , 42.517 , 84.6334 , 60.5506 , 34.551 , 86.1384 , 76.1094 , 53.2822 , 55.1194 , 56.0893 , 86.9336 , 51.0728 , 41.7954 , 63.1678 , 42.5831 , 22.4924 , 168.493 , 80.9813 , 108.238 , 127.029 , 69.545 , 84.031 , 53.6191 , 65.521 , 127.032 