var1=[37.167 , 85.9813 , 32.5392 , 42.3664 , 49.063 , 71.0286 , 46.2088 , 56.0929 , 51.377 , 102.317 , 31.3477 , 69.6756 , 82.9624 , 43.1007 , 45.2234 , 37.8389 , 40.5935 , 40.1603 , 53.1714 , 64.922 , 73.2679 , 50.8071 , 35.6611 , 46.486 , 35.7589 , 71.28 , 44.5678 , 55.6644 , 41.4978 , 46.9474 , 39.8508 , 71.6685 , 66.1588 , 45.5617 , 41.5528 , 49.748 , 50.2658 , 35.7947 , 57.2878 , 97.8146 , 44.9191 , 38.7289 , 72.404 , 69.3076 , 48.8944 , 54.8165 , 42.6616 , 46.6545 , 64.4666 , 64.1176 , 40.0477 , 53.1154 , 29.9665 , 74.1254 , 35.0527 , 64.2538 , 49.1917 , 36.3246 , 64.9492 , 48.7432 , 48.0786 , 64.8172 , 63.3556 , 74.6441 , 61.7983 , 80.1372 , 96.3299 , 40.9273 , 47.1842 , 71.6453 , 41.8332 , 32.7678 , 45.4801 , 35.1878 , 51.9328 , 54.8993 , 82.5873 , 57.6371 , 46.3991 , 63.6627 , 76.9662 , 49.5404 , 31.3468 , 52.7998 , 56.0122 , 35.4502 , 45.5374 , 58.1345 , 58.4164 , 48.1454 , 69.7447 , 66.9328 , 62.7401 , 40.2751 , 61.1156 , 56.0548 , 64.7668 , 70.1504 , 53.3795 , 50.9147 , 64.3387 , 58.5193 , 65.1766 , 77.115 , 40.6329 , 44.4321 , 63.506 , 51.6425 , 93.3815 , 45.4486 , 50.1012 , 56.2845 , 51.2442 , 95.8373 , 67.5808 , 67.312 , 69.9647 , 41.0551 , 34.3285 , 87.3894 , 57.7941 , 40.8342 , 47.5851 , 51.3905 , 55.5387 , 63.199 , 42.8411 , 69.1329 , 57.1612 , 55.1554 , 69.1303 , 44.6266 , 68.213 , 32.6478 , 38.3152 , 58.8975 , 62.5324 , 80.1309 , 35.1852 , 58.4741 , 51.4572 , 59.3951 , 42.6676 , 38.3453 , 65.4443 , 50.7564 , 89.1034 , 43.9059 , 72.805 , 67.599 , 45.3803 , 55.3826 , 79.7968 , 32.6666 , 54.3655 , 72.3895 , 90.9721 , 34.4735 , 49.5978 , 49.5626 , 42.9142 , 51.6519 , 31.0333 , 46.8395 , 64.9688 , 42.7977 , 49.8077 , 85.003 , 59.6535 , 25.95 , 41.8113 , 40.2766 , 58.9524 , 76.448 , 44.6975 , 26.5861 , 63.4045 , 46.3561 , 27.806 , 108.38 , 32.4612 , 77.4403 , 62.7055 , 35.4543 , 38.4065 , 48.003 , 85.8229 , 67.2786 , 54.3642 , 42.8396 , 45.0587 , 36.1391 , 52.5179 , 72.8524 , 44.9981 , 37.1335 , 43.8738 , 45.9229 , 72.9636 , 66.1233 , 48.2975 , 56.8269 , 67.0815 , 51.3457 , 31.3504 , 53.0004 , 90.2773 , 45.5253 , 58.0542 , 60.7876 , 66.0023 , 37.014 , 96.5841 , 76.6154 , 32.4967 , 43.3426 , 78.2566 , 71.7391 , 73.6271 , 35.7486 , 78.2514 , 56.0595 , 75.4436 , 59.7102 , 40.9829 , 57.8043 , 45.7442 , 72.7814 , 47.8078 , 36.2129 , 90.0675 , 63.0464 , 46.1625 , 49.393 , 28.1693 , 50.0993 , 37.8937 , 76.6472 , 46.0429 , 53.2889 , 67.8635 , 42.2242 , 47.853 , 75.2133 , 53.1765 , 39.0441 , 34.9072 , 68.0039 , 47.065 , 74.7321 , 43.3972 , 43.8588 , 82.6037 , 34.8494 , 67.2341 , 81.8717 , 49.2947 , 51.5543 , 57.3029 , 46.8093 , 71.4772 , 49.2297 , 66.3124 , 77.5065 , 48.3565 , 64.7659 , 84.6356 , 64.6755 , 49.5239 , 51.2495 , 32.9998 , 45.289 , 40.8784 , 50.2997 , 40.2749 , 45.3323 , 34.5697 , 39.1464 , 83.6687 , 69.1278 , 74.5287 , 39.3636 , 62.0301 , 42.4458 , 109.18 , 60.5592 , 42.6954 , 55.7536 , 35.4382 , 37.9092 , 41.4002 , 55.2334 , 40.0809 , 59.6734 , 42.887 , 90.1493 , 39.9371 , 44.2908 , 59.7453 , 32.3893 , 47.1606 , 62.6445 , 68.2195 , 45.9373 , 51.659 , 42.9392 , 63.822 , 67.6731 , 40.953 , 34.1896 , 52.758 , 57.9171 , 62.3685 , 56.5313 , 57.4002 , 33.3047 , 68.923 , 56.5125 , 61.8744 , 43.1407 , 59.4488 , 62.432 , 57.0319 , 40.3864 , 67.1199 , 75.1563 , 26.1494 , 54.7269 , 53.3669 , 68.7229 , 38.276 , 98.5977 , 48.1643 , 42.7449 , 47.3311 , 57.688 , 70.4449 , 65.1366 , 57.2055 , 25.9717 , 46.3066 , 49.8415 , 87.8273 , 78.112 , 42.7295 , 29.6317 , 66.7757 , 67.4281 , 66.0523 , 45.9868 , 78.9371 , 39.326 , 50.6166 , 58.9569 , 65.7151 , 42.8907 , 39.0112 , 47.6017 , 64.8072 , 36.647 , 57.6726 , 52.5876 , 56.587 , 79.3981 , 55.8874 , 44.9029 , 52.8413 , 87.2876 , 56.7997 , 41.9207 , 51.0296 , 78.3718 , 41.7383 , 40.4267 , 55.7563 , 32.254 , 72.0391 , 40.314 , 35.5131 , 42.9781 , 53.902 , 51.659 , 33.7249 , 56.1155 , 34.8674 , 54.6925 , 33.758 , 53.7979 , 30.1943 , 50.2597 , 37.6754 , 50.5485 , 44.8009 , 56.1929 , 39.1797 , 37.0266 , 37.6831 , 36.8349 , 74.7282 , 41.3536 , 65.7507 , 30.2449 , 73.8063 , 49.2835 , 64.3963 , 56.3484 , 44.2201 , 65.8138 , 48.4808 , 85.0828 , 43.1642 , 66.6795 , 39.5153 , 49.6223 , 53.4882 , 78.4126 , 58.7922 , 39.3063 , 37.4107 , 58.6035 , 53.3914 , 58.9821 , 33.7158 , 51.3388 , 84.2576 , 99.0745 , 37.9559 , 26.4193 , 43.6222 , 84.0631 , 77.5306 , 52.6184 , 104.771 , 59.524 , 42.2272 , 48.697 , 50.4787 , 31.5703 , 50.5026 , 80.8409 , 51.8026 , 107.994 , 82.4573 , 35.8266 , 47.4069 , 57.5862 , 47.5802 , 41.6968 , 39.9534 , 50.8203 , 28.0475 , 74.5184 , 101.196 , 37.1988 , 40.6663 , 32.3171 , 39.5403 , 43.186 , 67.2953 , 72.2532 , 50.5178 , 57.1363 , 38.951 , 60.1696 , 41.4472 , 44.1714 , 59.7153 , 54.5874 , 66.3706 , 63.7524 , 45.2537 , 34.5858 , 55.2466 , 51.5282 , 54.3649 , 45.0614 , 46.1402 , 52.4331 , 61.8083 , 51.3842 , 50.8712 , 58.3312 , 39.1802 , 71.1692 , 64.2387 , 81.2349 , 43.1282 , 54.2574 , 48.7899 , 77.2958 , 49.7771 , 85.0649 , 83.7777 , 68.408 , 76.5294 , 42.4316 , 31.7234 , 60.9182 , 64.9282 , 66.7168 , 78.6927 , 55.0889 , 65.353 , 85.9692 , 33.4253 , 42.1002 , 55.1445 , 72.259 , 44.0121 , 126.149 , 54.9642 , 67.2432 , 55.2251 , 89.9244 , 51.4795 , 43.4305 , 47.9365 , 32.368 , 37.9304 , 53.1301 , 42.6768 , 35.4539 , 71.0596 , 69.8254 , 68.2314 , 44.3317 , 44.1493 , 34.0822 , 60.2298 , 34.8746 , 25.6765 , 35.2693 , 52.1625 , 58.1403 , 63.1687 , 49.3067 , 60.5609 , 51.4071 , 88.9867 , 41.9062 , 54.015 , 39.2721 , 57.0351 , 35.4752 , 44.8865 , 51.0569 , 36.6611 , 33.4469 , 34.2313 , 52.8532 , 72.4359 , 84.8067 , 52.102 , 55.2928 , 68.9081 , 44.7627 , 64.6518 , 49.9734 , 37.3035 , 50.6104 , 39.0905 , 65.3468 , 66.2898 , 49.5204 , 39.643 , 45.5135 , 76.7302 , 33.4202 , 55.7575 , 33.3994 , 64.8114 , 58.8838 , 51.0039 , 66.9286 , 52.795 , 52.9256 , 75.7185 , 52.7489 , 49.5061 , 41.3063 , 110.492 , 28.1128 , 59.1935 , 36.867 , 58.3243 , 47.8642 , 44.0571 , 87.4882 , 34.2963 , 53.0615 , 80.1896 , 41.7947 , 40.5642 , 29.9906 , 49.1682 , 61.3804 , 61.0388 , 45.4241 , 39.7626 , 66.2258 , 29.8621 , 38.565 , 42.7585 , 95.6049 , 71.8195 , 51.7347 , 48.7908 , 32.9805 , 40.1391 , 36.2341 , 43.3157 , 62.6588 , 48.6989 , 81.5546 , 52.5931 , 45.4926 , 50.5606 , 48.5874 , 55.2155 , 34.8053 , 56.0887 , 65.6823 , 57.9152 , 57.7637 , 44.0406 , 33.1475 , 46.5174 , 105.733 , 66.0126 , 55.754 , 61.9988 , 79.622 , 47.9258 , 40.8615 , 63.1429 , 60.7791 , 54.802 , 36.8046 , 47.3049 , 100.992 , 30.1247 , 47.8575 , 36.3539 , 67.3612 , 31.1952 , 38.0166 , 35.7703 , 40.9346 , 56.6504 , 37.7216 , 59.0138 , 42.8321 , 36.6477 , 32.7631 , 50.2794 , 60.8333 , 62.4412 , 61.6127 , 41.4762 , 48.2149 , 42.4942 , 49.9808 , 33.2719 , 39.0038 , 57.0496 , 44.6657 , 88.1742 , 65.0061 , 67.9924 , 46.5613 , 67.4633 , 33.8394 , 62.1944 , 49.0871 , 46.6087 , 56.8522 , 46.6 , 33.0385 , 69.1858 , 58.2292 , 64.4633 , 56.3391 , 73.0793 , 74.435 , 59.9075 , 34.9589 , 76.0869 , 66.6776 , 75.263 , 87.9891 , 33.4355 , 34.0027 , 36.058 , 66.2682 , 32.7579 , 20.9191 , 43.247 , 63.7881 , 39.9427 , 40.0482 , 34.3497 , 48.6881 , 70.5464 , 38.3457 , 80.3503 , 57.5794 , 41.9505 , 49.764 , 52.7088 , 77.7387 , 54.4794 , 54.3123 , 85.9969 , 32.1432 , 91.5236 , 37.9774 , 27.4258 , 71.9713 , 42.3413 , 56.1733 , 46.6681 , 32.2333 , 45.2412 , 47.1811 , 73.5925 , 46.9255 , 55.1342 , 53.3899 , 32.187 , 49.1949 , 84.9854 , 48.9165 , 77.3967 , 45.3949 , 53.6842 , 86.4599 , 57.0105 , 60.9523 , 26.5906 , 76.8701 , 86.1326 , 42.5183 , 49.5325 , 30.5124 , 74.4919 , 39.2576 , 36.0293 , 56.8844 , 36.181 , 51.6106 , 69.2404 , 66.3477 , 67.8333 , 86.763 , 70.4414 , 73.6137 , 55.998 , 55.5852 , 64.8978 , 41.4685 , 84.8726 , 83.9363 , 60.6193 , 57.4683 , 54.1598 , 44.6156 , 69.5848 , 56.3564 , 60.6604 , 60.2549 , 63.4247 , 52.3239 , 90.3979 , 46.1949 , 45.3654 , 37.6898 , 62.306 , 42.7029 , 46.3675 , 88.38 , 36.6594 , 57.0277 , 57.2897 , 36.4485 , 37.812 , 44.5401 , 41.0009 , 45.5553 , 64.3589 , 78.4817 , 40.9099 , 64.6081 , 28.8437 , 50.1109 , 46.3967 , 55.6351 , 45.0269 , 61.5864 , 43.9374 , 33.1886 , 89.486 , 26.1829 , 92.2929 , 68.5257 , 32.2068 , 50.9194 , 94.6614 , 