var1=[31.8479 , 44.4427 , 84.3682 , 44.3137 , 50.202 , 57.599 , 62.2205 , 56.9009 , 48.7236 , 51.504 , 45.3973 , 37.8116 , 46.3024 , 55.7637 , 60.6567 , 101.453 , 60.9398 , 74.6137 , 30.1154 , 75.4128 , 30.3584 , 48.2327 , 74.1947 , 56.6001 , 59.5062 , 70.1233 , 67.5707 , 48.6854 , 33.2613 , 73.7862 , 77.4632 , 55.3 , 62.7083 , 44.7661 , 60.7897 , 56.8975 , 48.4507 , 88.2071 , 43.295 , 37.9266 , 78.1208 , 62.6252 , 102.457 , 50.3864 , 62.0797 , 40.7026 , 65.618 , 37.2293 , 49.0576 , 73.9592 , 121.649 , 35.5464 , 60.1446 , 74.9781 , 61.9432 , 84.8071 , 75.0057 , 52.0648 , 61.7302 , 69.6414 , 91.5774 , 70.8099 , 62.7554 , 56.7934 , 64.1919 , 36.733 , 65.5111 , 37.7245 , 41.7147 , 35.2966 , 70.8098 , 58.9372 , 48.3273 , 50.0423 , 64.3467 , 54.648 , 39.3054 , 77.6796 , 65.6963 , 67.0652 , 83.4589 , 92.1864 , 53.8983 , 96.0169 , 45.503 , 39.6248 , 27.5727 , 53.4197 , 95.911 , 49.1728 , 112.245 , 54.6572 , 45.9557 , 96.7431 , 79.7172 , 60.6946 , 55.7392 , 49.1137 , 53.8762 , 74.6364 , 58.6247 , 71.7036 , 84.4338 , 56.2727 , 90.2999 , 61.7761 , 57.6509 , 36.2497 , 103.386 , 67.5886 , 46.5454 , 51.9768 , 53.7639 , 23.9797 , 44.1605 , 58.5794 , 49.9707 , 35.5686 , 56.5749 , 30.4368 , 73.4959 , 45.781 , 23.1676 , 53.3816 , 56.2067 , 48.6604 , 34.1328 , 56.5397 , 53.8245 , 67.4801 , 48.1531 , 66.8229 , 48.6269 , 49.7286 , 74.0732 , 52.5796 , 54.5769 , 88.2722 , 78.4962 , 51.6294 , 75.8056 , 38.455 , 43.0316 , 115.133 , 116.264 , 28.3856 , 42.6235 , 71.2129 , 87.2766 , 40.2147 , 40.9459 , 75.5215 , 45.5184 , 70.453 , 35.0527 , 69.3951 , 63.885 , 34.2997 , 67.5471 , 41.6061 , 36.4291 , 48.7815 , 60.9588 , 43.0375 , 58.098 , 78.6901 , 41.8596 , 56.1326 , 79.5581 , 58.0173 , 72.4258 , 50.1245 , 26.749 , 142.059 , 28.6695 , 66.0882 , 55.559 , 56.0576 , 37.0768 , 68.9751 , 23.7155 , 49.5774 , 82.5955 , 59.8239 , 82.1631 , 84.7552 , 81.769 , 37.9213 , 52.625 , 64.1406 , 91.7092 , 41.252 , 54.8974 , 62.8464 , 67.9305 , 42.2634 , 68.6847 , 28.9912 , 52.5772 , 58.3611 , 39.4048 , 53.6646 , 66.8027 , 55.5138 , 51.2067 , 43.3412 , 69.9472 , 66.7858 , 66.2037 , 39.3662 , 65.3853 , 36.3791 , 100.152 , 37.471 , 47.0228 , 84.9402 , 53.8267 , 41.5435 , 75.2214 , 71.597 , 59.9605 , 65.0876 , 33.7046 , 67.9769 , 50.2758 , 50.1306 , 67.6973 , 53.4146 , 48.6959 , 45.4156 , 73.0187 , 67.7944 , 62.7699 , 30.2778 , 49.8596 , 41.9321 , 32.2808 , 64.4781 , 57.6879 , 54.7494 , 49.644 , 54.0829 , 57.5821 , 124.681 , 43.0084 , 57.734 , 59.3259 , 70.5338 , 34.5365 , 60.7725 , 37.8751 , 53.2424 , 44.7936 , 47.7175 , 47.7279 , 37.0789 , 49.1339 , 87.7394 , 40.4475 , 57.7445 , 53.2733 , 37.84 , 28.9798 , 50.0132 , 39.0293 , 43.3734 , 46.3073 , 41.3319 , 59.8537 , 67.7523 , 44.9475 , 33.9728 , 110.484 , 96.9276 , 79.4951 , 61.6915 , 111.801 , 43.6897 , 61.5874 , 40.9695 , 36.2437 , 41.0242 , 46.1751 , 54.2983 , 27.9832 , 47.9434 , 76.1649 , 55.7872 , 117.574 , 65.2693 , 48.0673 , 48.3153 , 63.2486 , 99.4183 , 28.6685 , 57.1108 , 29.1439 , 41.1098 , 55.2227 , 46.8335 , 34.47 , 39.6417 , 34.1552 , 69.3275 , 47.742 , 36.3303 , 58.4724 , 72.6171 , 62.7273 , 49.4148 , 56.4657 , 34.4884 , 46.5862 , 78.1829 , 64.9915 , 50.7295 , 55.0775 , 37.6274 , 27.8923 , 61.4386 , 53.046 , 46.3339 , 54.7232 , 44.9041 , 55.2201 , 92.5286 , 59.2646 , 75.6894 , 58.1759 , 45.5961 , 87.1891 , 53.2252 , 32.2367 , 49.2515 , 39.2595 , 50.1732 , 50.9412 , 59.1259 , 69.4318 , 76.1679 , 58.2974 , 67.5491 , 73.3105 , 47.7571 , 28.2612 , 55.7377 , 72.6773 , 54.5181 , 55.7575 , 35.7407 , 54.7509 , 31.0333 , 51.984 , 42.4339 , 58.467 , 54.4496 , 83.6074 , 58.5877 , 68.5179 , 27.3248 , 58.4649 , 67.9065 , 72.6655 , 54.4013 , 54.0239 , 38.6723 , 73.1012 , 50.131 , 69.9142 , 53.7283 , 86.9694 , 84.306 , 70.1956 , 28.4747 , 39.3223 , 54.1959 , 36.3363 , 49.2857 , 41.0422 , 53.3008 , 83.4408 , 64.6003 , 60.304 , 91.6801 , 49.2213 , 82.5235 , 58.0124 , 58.3862 , 24.9941 , 52.7683 , 55.8332 , 52.5029 , 53.8142 , 64.4938 , 46.0328 , 50.1331 , 73.1399 , 95.7839 , 45.9725 , 65.6187 , 66.7297 , 34.5629 , 46.6289 , 64.784 , 49.198 , 45.6132 , 46.7869 , 47.2986 , 37.2867 , 64.6267 , 75.5342 , 43.8906 , 46.7806 , 27.6138 , 54.1302 , 41.5737 , 39.903 , 58.5283 , 73.3981 , 41.5504 , 45.977 , 57.014 , 39.816 , 60.4476 , 74.6702 , 31.2962 , 61.9915 , 52.4753 , 68.7438 , 43.1523 , 51.4264 , 67.0448 , 118.172 , 40.5668 , 59.0673 , 75.0244 , 37.1931 , 55.0131 , 39.9784 , 44.1023 , 41.0082 , 68.429 , 67.6271 , 57.5869 , 46.2112 , 29.9995 , 53.4399 , 50.2594 , 56.8564 , 50.8738 , 116.053 , 34.0932 , 99.2756 , 67.0959 , 63.7195 , 61.4043 , 60.9408 , 39.7211 , 62.7261 , 73.9002 , 86.3784 , 57.1204 , 73.7833 , 44.858 , 65.1456 , 53.3654 , 89.6892 , 58.2779 , 45.1992 , 76.1663 , 48.0074 , 52.7892 , 34.8867 , 51.873 , 71.8205 , 33.4534 , 68.3934 , 42.4595 , 51.7286 , 76.5689 , 41.9446 , 71.111 , 37.7618 , 50.6856 , 73.3779 , 63.4545 , 105.861 , 63.8811 , 52.6364 , 96.8648 , 42.3127 , 60.2821 , 58.3968 , 78.0993 , 80.9321 , 68.2467 , 46.6313 , 37.2139 , 45.0896 , 60.6026 , 35.3338 , 40.6372 , 42.9913 , 41.9248 , 64.7191 , 40.6352 , 41.0256 , 62.0138 , 44.4945 , 69.1876 , 79.4084 , 61.9128 , 32.3611 , 80.3192 , 79.0825 , 76.014 , 72.7994 , 67.5982 , 26.4376 , 53.2774 , 49.7749 , 79.1476 , 77.3606 , 61.2211 , 80.2554 , 49.7392 , 120.43 , 53.2857 , 46.889 , 69.6416 , 64.349 , 37.463 , 89.9749 , 51.9208 , 77.0168 , 35.5415 , 89.1773 , 29.3521 , 117.479 , 54.297 , 64.8935 , 42.1268 , 90.4889 , 50.0362 , 64.2781 , 68.0725 , 29.8428 , 52.757 , 51.6977 , 57.9888 , 53.4781 , 53.1206 , 54.8462 , 54.8946 , 77.9316 , 46.1523 , 47.0399 , 67.2683 , 61.8615 , 43.9969 , 61.2018 , 50.4395 , 50.2468 , 42.2176 , 30.934 , 44.4461 , 46.5897 , 69.6421 , 44.0949 , 43.269 , 106.464 , 28.1487 , 76.8754 , 80.0748 , 86.399 , 38.4434 , 42.8662 , 69.0238 , 44.4096 , 95.7419 , 55.775 , 28.9466 , 55.4311 , 33.0816 , 53.6163 , 52.4126 , 48.0115 , 30.5033 , 47.95 , 61.01 , 85.0144 , 61.0636 , 59.2968 , 77.0361 , 113.16 , 54.4797 , 50.412 , 42.9459 , 50.1831 , 34.0442 , 70.9228 , 31.7769 , 41.1171 , 59.4776 , 62.525 , 56.2426 , 52.8007 , 74.6988 , 96.9938 , 54.8917 , 52.6382 , 60.1763 , 76.0345 , 72.0077 , 35.4106 , 70.4637 , 71.1842 , 64.9436 , 70.8437 , 52.8526 , 48.2638 , 74.1332 , 48.9797 , 59.5025 , 51.1633 , 36.6327 , 98.8467 , 47.4758 , 86.5302 , 53.8144 , 53.0904 , 87.0334 , 47.1044 , 60.3874 , 64.3301 , 58.1278 , 40.7646 , 45.0923 , 69.6713 , 43.3135 , 46.7162 , 29.2113 , 77.4283 , 64.0113 , 83.4364 , 40.9329 , 53.5356 , 30.318 , 81.7934 , 72.392 , 52.3357 , 51.0449 , 49.9616 , 68.6632 , 65.9005 , 86.8768 , 58.4559 , 58.599 , 61.2063 , 42.7936 , 72.1997 , 44.0758 , 58.4379 , 33.5685 , 28.0506 , 68.7815 , 73.5835 , 35.4706 , 68.1025 , 30.3289 , 41.6798 , 34.7669 , 45.6038 , 40.0059 , 69.2745 , 48.0595 , 107.735 , 38.7058 , 63.6722 , 67.9971 , 75.5403 , 55.7836 , 42.5231 , 93.2609 , 40.5924 , 40.8733 , 67.9928 , 60.8268 , 46.6409 , 73.811 , 101.87 , 72.169 , 82.2476 , 37.4956 , 91.0849 , 68.3489 , 65.5081 , 40.0867 , 32.1191 , 50.3195 , 67.9367 , 39.8478 , 58.9908 , 55.632 , 98.3157 , 74.1876 , 46.7309 , 43.9006 , 48.8197 , 107.098 , 60.8579 , 92.1987 , 55.3613 , 30.1617 , 58.0363 , 50.4662 , 76.3925 , 58.9064 , 32.5611 , 49.1289 , 58.9698 , 40.8673 , 63.332 , 68.9332 , 61.3332 , 46.7426 , 79.9739 , 40.6846 , 67.783 , 62.7035 , 59.1984 , 64.2752 , 48.5181 , 54.289 , 92.8408 , 33.4072 , 64.765 , 85.0468 , 44.9493 , 78.2365 , 55.4469 , 42.5805 , 68.2865 , 36.735 , 46.945 , 42.8466 , 38.8963 , 40.6753 , 48.2636 , 44.4273 , 60.7032 , 50.243 , 45.4132 , 43.9465 , 44.8182 , 69.4426 , 41.2353 , 44.4872 , 52.8295 , 52.1027 , 38.1141 , 73.5577 , 32.2765 , 89.8255 , 57.9676 , 77.5129 , 48.2553 , 40.4537 , 68.6007 , 41.7622 , 73.1992 , 39.8705 , 134.191 , 68.9872 , 82.2047 , 42.4601 , 62.7983 , 124.741 , 67.0811 , 54.784 , 30.1158 , 56.2453 , 58.1415 , 60.0708 , 44.0299 , 56.0048 , 53.3177 , 67.449 , 31.7931 , 69.9563 , 58.3199 , 50.1256 , 57.0264 , 49.1228 , 45.874 , 65.6552 , 38.6451 , 31.314 , 35.0608 , 31.2547 , 93.0125 , 62.202 , 46.6027 , 74.5311 , 71.3518 , 48.7804 , 63.3236 , 63.0251 