var1=[68.889 , 74.5678 , 65.7558 , 64.8905 , 32.4944 , 68.6414 , 72.5502 , 40.9716 , 89.4043 , 60.0703 , 59.4276 , 66.127 , 65.9638 , 64.3911 , 26.5919 , 49.5716 , 66.7617 , 94.8063 , 70.884 , 42.9834 , 79.5989 , 32.2107 , 73.4195 , 63.6308 , 64.6332 , 76.102 , 43.1643 , 69.8137 , 57.5356 , 37.6527 , 56.012 , 105.7 , 48.5763 , 66.2797 , 58.2647 , 80.8179 , 51.8839 , 71.135 , 61.7941 , 76.6767 , 30.7615 , 47.0597 , 117.186 , 46.5879 , 132.954 , 52.2432 , 71.0011 , 54.3547 , 56.6821 , 60.9683 , 57.1058 , 52.0975 , 65.0404 , 76.1456 , 47.1605 , 39.7191 , 48.3668 , 21.4088 , 112.444 , 76.7328 , 71.545 , 84.4429 , 80.4452 , 54.3027 , 87.8051 , 76.4832 , 55.7932 , 78.5217 , 50.453 , 55.7767 , 80.0687 , 64.0205 , 149.28 , 60.7341 , 95.1441 , 40.2034 , 50.8591 , 58.1185 , 57.1855 , 104.753 , 45.5247 , 75.7597 , 73.0774 , 41.3016 , 55.3915 , 71.3523 , 83.6945 , 47.9125 , 39.566 , 60.1208 , 53.0418 , 44.26 , 117.398 , 73.1141 , 28.9762 , 49.4639 , 65.7933 , 57.2879 , 77.3048 , 48.1834 , 74.0057 , 45.7508 , 72.5117 , 57.8119 , 63.3723 , 62.577 , 24.0555 , 61.4569 , 39.2201 , 30.6572 , 52.3594 , 93.1382 , 61.3752 , 62.0535 , 86.5338 , 51.4626 , 79.8312 , 79.531 , 54.1538 , 54.3241 , 68.2802 , 44.6975 , 67.8595 , 118.199 , 89.1617 , 71.7312 , 48.0386 , 65.5493 , 43.1069 , 45.4193 , 65.1975 , 84.4405 , 65.3656 , 45.1912 , 55.3351 , 58.1583 , 88.0627 , 64.6976 , 33.0376 , 50.9984 , 66.6407 , 40.0659 , 55.4661 , 81.2764 , 59.9486 , 73.0904 , 43.0614 , 103.599 , 68.3697 , 43.0957 , 74.9332 , 48.1154 , 81.7566 , 58.8248 , 65.3036 , 50.265 , 88.6994 , 53.0027 , 44.332 , 44.5719 , 52.2412 , 40.8286 , 48.7711 , 82.1931 , 64.214 , 84.3663 , 55.5959 , 71.4785 , 83.2841 , 84.5582 , 40.7667 , 36.3107 , 89.8378 , 46.2846 , 49.4916 , 95.7557 , 94.6704 , 45.3568 , 41.9977 , 85.8267 , 66.3873 , 70.277 , 61.6215 , 48.0925 , 59.1579 , 83.9678 , 50.989 , 32.0851 , 50.475 , 64.9074 , 49.9336 , 49.3385 , 74.8288 , 63.3046 , 40.1331 , 46.4843 , 55.7101 , 91.9681 , 66.7359 , 74.8395 , 61.7302 , 52.1444 , 56.2169 , 77.0498 , 53.618 , 82.2173 , 41.3889 , 82.5515 , 94.5417 , 47.1677 , 69.4069 , 56.8696 , 80.2979 , 26.6884 , 75.0177 , 47.4114 , 51.5111 , 46.183 , 74.4633 , 107.683 , 67.8329 , 60.8813 , 76.903 , 43.9801 , 84.0228 , 47.8831 , 58.8205 , 59.7878 , 50.4122 , 62.8536 , 85.3078 , 97.865 , 93.7749 , 45.576 , 51.2085 , 46.7547 , 68.5377 , 50.2342 , 61.2362 , 88.473 , 84.477 , 55.482 , 57.7449 , 44.3803 , 72.9575 , 55.4931 , 50.202 , 82.2077 , 59.1841 , 95.6096 , 54.2255 , 39.3732 , 59.7266 , 47.7591 , 61.5064 , 75.5958 , 105.863 , 73.1543 , 61.0418 , 51.3366 , 123.551 , 104.876 , 96.7538 , 44.5111 , 39.5625 , 71.1771 , 24.7609 , 74.5781 , 55.4149 , 87.7418 , 48.5448 , 46.2841 , 87.0024 , 44.9213 , 48.8035 , 37.992 , 154.98 , 41.1695 , 58.1585 , 50.7306 , 31.879 , 64.4942 , 54.6495 , 79.4956 , 82.5241 , 46.9218 , 42.5586 , 47.9031 , 76.9365 , 43.4155 , 38.3825 , 99.0677 , 111.547 , 37.2194 , 99.1188 , 74.4924 , 26.6874 , 67.9514 , 44.8013 , 49.2399 , 31.4452 , 53.6223 , 37.9537 , 92.1538 , 36.9868 , 57.2654 , 70.2089 , 68.3894 , 60.1027 , 35.3477 , 124.361 , 81.7992 , 73.7919 , 98.5858 , 61.72 , 77.9337 , 69.5887 , 56.9215 , 86.4945 , 42.258 , 122.514 , 59.6701 , 99.0766 , 81.8225 , 57.3835 , 78.6026 , 57.4651 , 64.7423 , 44.3698 , 65.6356 , 112.399 , 51.1125 , 70.5156 , 44.4278 , 52.0509 , 81.9849 , 44.1937 , 132.446 , 58.6305 , 34.0723 , 58.5679 , 62.8203 , 53.7722 , 55.1338 , 79.6632 , 78.4764 , 91.3123 , 119.452 , 60.7254 , 65.2335 , 72.7708 , 60.6629 , 63.715 , 50.7893 , 103.313 , 66.2141 , 30.2326 , 56.6521 , 46.9728 , 50.0219 , 94.8396 , 89.0553 , 62.9482 , 65.0354 , 49.7179 , 79.9197 , 62.4189 , 57.6016 , 27.4065 , 57.6239 , 73.1799 , 89.2056 , 43.5683 , 50.0347 , 45.4634 , 53.0931 , 58.1687 , 52.988 , 60.8555 , 28.0622 , 60.7581 , 84.9975 , 39.854 , 54.5558 , 67.532 , 103.516 , 73.9789 , 73.1964 , 50.4454 , 127.919 , 75.3975 , 30.6061 , 80.3812 , 92.4314 , 35.1142 , 60.6865 , 54.3952 , 47.7996 , 69.752 , 50.4394 , 91.5293 , 46.5151 , 95.6618 , 80.7855 , 32.5962 , 88.3061 , 64.66 , 70.7954 , 40.1154 , 42.346 , 90.3295 , 94.8675 , 110.335 , 47.7818 , 75.3822 , 61.5017 , 35.6498 , 80.306 , 82.9749 , 49.9733 , 58.2375 , 91.7208 , 72.7146 , 57.6611 , 72.9263 , 47.8962 , 51.1486 , 43.9052 , 67.024 , 70.1199 , 73.3079 , 77.6785 , 53.3627 , 39.6591 , 49.7563 , 137.482 , 51.6755 , 53.7575 , 53.3516 , 96 , 55.7032 , 64.0225 , 41.7539 , 46.7006 , 61.9383 , 84.5693 , 112.897 , 84.9386 , 39.4305 , 69.5321 , 74.4456 , 69.7212 , 85.4628 , 56.2492 , 63.2727 , 52.0069 , 105.012 , 63.5531 , 65.9047 , 70.1014 , 88.0059 , 49.4335 , 84.6691 , 45.2783 , 96.0449 , 62.091 , 52.5831 , 54.3023 , 42.2435 , 47.5361 , 54.4701 , 56.9435 , 91.719 , 47.3725 , 66.343 , 57.7756 , 68.2704 , 122.97 , 59.308 , 78.4636 , 90.5904 , 46.9048 , 95.2187 , 47.3187 , 78.4157 , 57.6296 , 110.825 , 79.0643 , 77.481 , 50.2058 , 127.905 , 100.665 , 64.3447 , 81.689 , 111.297 , 39.884 , 117.161 , 51.0129 , 73.6789 , 76.3181 , 64.442 , 80.0909 , 66.7966 , 79.0833 , 50.5915 , 67.3718 , 80.8197 , 73.6795 , 52.6353 , 74.582 , 69.6294 , 85.6294 , 55.8538 , 23.0182 , 67.1308 , 69.6385 , 45.3319 , 83.1254 , 48.928 , 74.5947 , 91.2861 , 64.0604 , 82.8296 , 68.8444 , 64.8474 , 62.6567 , 74.1059 , 52.6734 , 54.2327 , 58.2112 , 49.5392 , 12.5228 , 41.2784 , 63.7609 , 42.0305 , 40.2788 , 49.5856 , 76.6988 , 51.3249 , 55.8181 , 57.9995 , 80.9539 , 42.8738 , 62.3805 , 91.4291 , 93.7501 , 56.9366 , 110.297 , 98.4979 , 55.0712 , 83.1296 , 69.5344 , 69.4356 , 50.9811 , 35.4511 , 52.3136 , 68.765 , 86.8523 , 42.2959 , 48.7468 , 42.5555 , 89.8977 , 32.9922 , 87.3128 , 85.7738 , 55.539 , 80.0447 , 67.6995 , 49.309 , 86.5557 , 66.5417 , 74.5207 , 84.3469 , 60.0687 , 64.0107 , 44.4566 , 33.2705 , 54.2201 , 71.7806 , 82.7881 , 65.472 , 76.0235 , 46.6411 , 52.5065 , 56.2872 , 80.5601 , 51.5012 , 51.074 , 69.1616 , 64.6121 , 69.5819 , 77.6179 , 53.604 , 35.5795 , 117.278 , 54.6183 , 50.2681 , 43.8079 , 61.4388 , 83.6738 , 64.6315 , 39.688 , 106.976 , 54.7922 , 83.8424 , 85.1131 , 50.1888 , 73.1094 , 48.4203 , 27.6119 , 62.5492 , 64.7675 , 22.5484 , 52.4298 , 49.2385 , 89.1327 , 67.1386 , 97.8184 , 36.6767 , 42.8688 , 55.7562 , 67.3969 , 47.5873 , 53.4267 , 107.264 , 43.2137 , 75.6047 , 67.7569 , 99.7346 , 43.9957 , 52.8388 , 102.224 , 40.0832 , 66.2972 , 48.4637 , 67.2073 , 46.6299 , 31.0316 , 59.1199 , 28.8473 , 55.1245 , 56.9418 , 63.5829 , 60.8795 , 35.969 , 46.489 , 25.8655 , 77.1099 , 63.2141 , 90.969 , 50.6061 , 43.5934 , 85.7734 , 23.2983 , 64.2989 , 74.6619 , 31.9029 , 71.9497 , 64.5371 , 48.9812 , 77.8388 , 34.0133 , 66.2616 , 42.6529 , 67.5667 , 60.8081 , 69.0482 , 66.4372 , 113.741 , 86.452 , 98.5223 , 72.6281 , 49.6148 , 62.8893 , 66.5986 , 39.0566 , 62.8777 , 70.8267 , 72.4429 , 81.166 , 87.896 , 47.4867 , 47.4798 , 77.7162 , 53.0097 , 59.8575 , 61.9619 , 98.7511 , 90.7567 , 73.3887 , 78.0256 , 55.6467 , 25.8457 , 68.8624 , 59.8753 , 68.6982 , 63.2874 , 47.665 , 35.2021 , 71.996 , 88.1129 , 64.6258 , 105.388 , 47.1588 , 54.2904 , 43.8534 , 73.8753 , 40.925 , 70.658 , 64.2194 , 34.9125 , 49.8921 , 63.7536 , 66.6164 , 50.3666 , 61.0102 , 51.1576 , 90.1686 , 78.0833 , 57.6597 , 42.5224 , 44.6338 , 32.9686 , 63.5837 , 86.1995 , 79.3181 , 91.7638 , 49.5725 , 53.4942 , 25.3157 , 70.7253 , 68.5586 , 56.5888 , 64.4142 , 64.2816 , 51.2242 , 68.3323 , 52.0129 , 14.1142 , 37.9345 , 39.2324 , 117.473 , 51.625 , 68.662 , 83.1165 , 53.6158 , 14.7636 , 46.294 , 72.4402 , 91.0054 , 57.5033 , 66.5933 , 47.9793 , 36.1588 , 49.2372 , 113.889 , 47.2044 , 59.2215 , 86.5167 , 29.4732 , 57.1277 , 49.3385 , 49.2424 , 63.7784 , 52.0742 , 71.5315 , 54.9742 , 63.4517 , 78.9138 , 61.8977 , 66.6414 , 43.0222 , 75.3907 , 63.1697 , 47.0548 , 106.813 , 76.6592 , 81.3801 , 89.4191 , 55.4915 , 88.758 , 58.0007 , 30.971 , 64.4434 , 54.0747 , 78.1939 , 82.3907 , 55.0634 , 53.9433 , 64.0082 , 50.8503 , 39.6193 , 50.6727 , 93.9582 , 51.0975 , 57.4976 , 84.0228 , 75.1784 , 68.5464 , 64.7677 , 111.527 , 41.6321 , 50.2419 , 60.1188 , 52.2135 , 62.6347 , 54.1987 , 36.0466 ,