var1=[33.6742 , 49.2148 , 37.9544 , 84.804 , 65.1193 , 49.601 , 49.1172 , 65.0191 , 33.6445 , 23.6809 , 67.2811 , 60.9464 , 71.3697 , 33.2452 , 57.7887 , 40.3003 , 39.9577 , 46.084 , 143.216 , 56.8727 , 50.6963 , 55.0331 , 57.0735 , 55.6497 , 61.0391 , 84.22 , 42.5915 , 34.2412 , 63.0576 , 28.0953 , 71.5101 , 60.208 , 151.432 , 47.4624 , 50.7464 , 79.686 , 73.9109 , 39.1131 , 35.7518 , 47.7561 , 59.2259 , 91.565 , 79.5456 , 29.7375 , 73.8849 , 40.7868 , 49.5265 , 89.743 , 62.7894 , 47.7411 , 54.074 , 55.6146 , 37.6426 , 53.9272 , 40.69 , 49.3705 , 37.8222 , 48.6772 , 40.1294 , 61.7719 , 86.6677 , 83.5771 , 70.8262 , 54.4394 , 54.3509 , 77.1562 , 52.9084 , 47.1314 , 62.4542 , 84.1628 , 55.4461 , 55.223 , 54.3109 , 137.271 , 59.4669 , 82.2422 , 71.8201 , 40.9272 , 42.4003 , 74.6672 , 46.6694 , 52.0627 , 55.4065 , 69.1085 , 75.8201 , 46.2575 , 29.3636 , 81.7029 , 37.2235 , 57.3661 , 65.8095 , 32.6527 , 75.9801 , 57.6781 , 65.6539 , 51.6822 , 71.0929 , 82.1828 , 49.42 , 57.2911 , 56.8747 , 54.3523 , 72.161 , 56.084 , 104.012 , 78.1268 , 74.3351 , 92.9131 , 57.5775 , 81.3892 , 82.8824 , 36.4451 , 90.2422 , 80.5002 , 57.5142 , 80.3775 , 64.8763 , 81.4672 , 31.6571 , 63.8365 , 43.9778 , 40.8636 , 89.0614 , 61.4125 , 51.6169 , 63.8937 , 71.8618 , 31.6192 , 49.2155 , 59.9328 , 38.7157 , 51.8036 , 39.1336 , 80.4449 , 84.8331 , 42.3061 , 72.6646 , 69.3333 , 58.4061 , 35.7206 , 26.5167 , 53.6257 , 49.9764 , 50.8217 , 52.2161 , 67.1108 , 137.563 , 27.8317 , 60.0392 , 29.8763 , 56.1462 , 65.6076 , 65.5213 , 67.0535 , 37.0372 , 36.9597 , 82.8272 , 25.5147 , 47.7652 , 60.0389 , 83.0286 , 110.685 , 97.6555 , 52.8975 , 33.9861 , 93.0628 , 62.7211 , 52.0802 , 73.8873 , 47.1967 , 53.7888 , 39.1905 , 69.8192 , 59.9412 , 49.0402 , 44.9159 , 50.8839 , 60.3377 , 83.0229 , 82.6478 , 70.9732 , 48.1751 , 64.9573 , 45.8087 , 52.6656 , 47.3104 , 56.4429 , 49.1703 , 60.2293 , 63.2223 , 63.0406 , 37.7398 , 87.7442 , 95.192 , 81.9592 , 43.0495 , 55.1298 , 49.2742 , 39.2845 , 52.5052 , 57.314 , 72.8328 , 52.2443 , 64.8306 , 46.0626 , 46.9334 , 76.1927 , 109.216 , 45.0024 , 63.6528 , 55.5176 , 59.1222 , 72.3928 , 41.0879 , 74.6833 , 54.945 , 41.9622 , 61.8859 , 55.8558 , 35.6534 , 38.4965 , 28.2009 , 95.2772 , 34.312 , 94.1468 , 63.9699 , 99.3465 , 42.8975 , 51.5465 , 39.9102 , 51.2824 , 93.8976 , 69.9875 , 34.4241 , 66.6745 , 56.6743 , 37.667 , 75.1443 , 69.7102 , 50.1349 , 83.4302 , 71.5416 , 67.5641 , 25.5066 , 79.184 , 48.7965 , 43.1562 , 47.4742 , 43.7436 , 53.4049 , 62.65 , 80.4001 , 32.6303 , 65.5735 , 51.3319 , 43.624 , 71.1234 , 45.7362 , 46.2505 , 72.9686 , 75.2388 , 29.347 , 48.5664 , 32.7526 , 48.3824 , 49.7942 , 64.3305 , 45.0024 , 58.6117 , 56.2731 , 48.3402 , 80.979 , 62.7234 , 50.8314 , 62.8663 , 75.5717 , 74.5179 , 105.461 , 68.2753 , 39.2154 , 51.9743 , 92.2021 , 47.7865 , 20.9947 , 73.3922 , 42.9263 , 61.4289 , 42.1746 , 45.6269 , 55.3842 , 82.7692 , 100.678 , 34.404 , 79.6203 , 63.9628 , 58.1168 , 75.4186 , 63.164 , 59.5891 , 86.5018 , 23.725 , 45.7136 , 31.0721 , 47.0872 , 52.0406 , 73.1046 , 41.2736 , 65.7244 , 72.8373 , 41.9235 , 91.0489 , 102.41 , 59.7443 , 47.3723 , 51.3161 , 65.6891 , 45.8769 , 37.1164 , 43.3246 , 61.8941 , 81.5247 , 72.2967 , 53.7475 , 58.6014 , 62.8687 , 56.489 , 42.4561 , 41.0445 , 44.5194 , 61.1547 , 47.386 , 62.7472 , 35.0028 , 62.6302 , 53.8584 , 81.9409 , 49.5287 , 65.0668 , 53.1981 , 51.7828 , 56.2474 , 54.5911 , 59.1825 , 42.4491 , 48.049 , 33.4503 , 42.8105 , 82.5134 , 33.925 , 45.7794 , 66.6645 , 70.3663 , 68.58 , 31.8441 , 88.6867 , 87.2433 , 49.5943 , 59.1436 , 67.136 , 50.1251 , 76.9798 , 65.967 , 62.7883 , 52.5692 , 65.7759 , 46.521 , 47.5124 , 43.313 , 97.8695 , 68.0467 , 38.4209 , 65.6532 , 97.1844 , 87.8985 , 51.0188 , 49.3394 , 42.3866 , 59.8365 , 53.3219 , 48.1967 , 44.2654 , 44.2806 , 30.7986 , 61.5482 , 59.7081 , 49.7373 , 53.1403 , 65.3419 , 33.4963 , 48.7304 , 84.524 , 90.0299 , 69.1767 , 61.8849 , 61.9263 , 72.6557 , 31.7609 , 52.0254 , 93.3164 , 73.4305 , 69.9109 , 35.2544 , 77.2972 , 63.3296 , 65.7364 , 51.8308 , 81.9904 , 65.9915 , 81.8837 , 93.9294 , 64.0646 , 49.2331 , 30.5072 , 73.3629 , 68.3238 , 33.1298 , 26.5102 , 55.6453 , 56.2485 , 55.3937 , 48.6524 , 63.062 , 46.2053 , 44.5689 , 47.4456 , 100.925 , 59.3567 , 73.0981 , 65.9216 , 77.5201 , 77.2626 , 67.4201 , 89.5942 , 85.3328 , 78.7272 , 45.9908 , 59.596 , 58.5448 , 52.2268 , 56.1131 , 66.5697 , 52.9105 , 66.9899 , 60.2119 , 67.1812 , 55.4337 , 70.0426 , 90.9776 , 66.2191 , 70.1217 , 50.5167 , 21.5842 , 81.5788 , 63.7985 , 46.9274 , 67.3001 , 42.8032 , 35.7629 , 79.0684 , 66.6185 , 50.0017 , 80.8659 , 31.2959 , 93.1153 , 69.631 , 69.629 , 80.7794 , 67.3246 , 58.6864 , 80.006 , 61.4893 , 53.0626 , 32.8545 , 58.8413 , 62.1827 , 40.6816 , 71.9619 , 43.3815 , 68.0752 , 83.0216 , 50.1384 , 80.7429 , 49.2635 , 74.7225 , 61.5564 , 70.4262 , 84.0074 , 40.6732 , 68.5141 , 70.0878 , 65.3769 , 68.3654 , 72.7961 , 33.4542 , 93.4015 , 78.4321 , 52.645 , 103.582 , 82.7119 , 46.9009 , 90.2701 , 131.408 , 57.1009 , 50.9397 , 67.4153 , 31.8346 , 49.9866 , 55.1163 , 122.958 , 36.9118 , 43.182 , 60.2386 , 61.4396 , 62.7231 , 104.415 , 98.289 , 111.131 , 75.8905 , 37.6266 , 45.1478 , 41.4942 , 68.2694 , 40.0343 , 31.1568 , 57.8651 , 53.0699 , 79.6835 , 37.7931 , 83.0447 , 31.883 , 34.141 , 55.0156 , 48.4233 , 118.423 , 119.538 , 70.8158 , 50.0529 , 57.3583 , 86.1379 , 27.3867 , 46.1326 , 54.0034 , 65.7383 , 56.706 , 68.2905 , 53.3164 , 79.3802 , 35.5782 , 53.2458 , 44.477 , 38.5155 , 84.9351 , 72.0437 , 54.3998 , 91.9125 , 60.3947 , 51.4135 , 78.5777 , 78.8542 , 54.562 , 40.0398 , 71.5506 , 56.741 , 96.0464 , 54.9352 , 53.8707 , 96.8067 , 105.919 , 47.183 , 94.2049 , 78.0317 , 46.0585 , 78.4591 , 63.5435 , 62.2762 , 39.8454 , 64.7497 , 60.4914 , 52.1286 , 81.4156 , 65.1262 , 49.1331 , 97.0232 , 39.9713 , 36.6877 , 75.8775 , 77.6131 , 41.8728 , 104.582 , 52.0279 , 36.3044 , 78.4141 , 61.4583 , 52.0352 , 62.7462 , 47.1503 , 56.482 , 76.4216 , 73.8627 , 42.9906 , 84.6034 , 39.8829 , 73.9666 , 69.4261 , 89.6462 , 34.4952 , 67.1346 , 80.6463 , 72.4868 , 40.1958 , 29.9279 , 92.8875 , 51.0003 , 56.6651 , 45.4869 , 35.9525 , 40.0641 , 81.455 , 88.0456 , 49.4907 , 65.5577 , 50.7779 , 46.984 , 58.3806 , 68.8611 , 64.2035 , 40.9929 , 75.912 , 58.1188 , 48.6853 , 53.4174 , 81.8271 , 69.5912 , 37.9672 , 87.911 , 68.8488 , 41.0832 , 82.3847 , 48.528 , 89.138 , 90.8036 , 46.576 , 61.1307 , 55.7127 , 44.975 , 47.8214 , 18.6925 , 47.0805 , 51.0116 , 66.0985 , 52.6138 , 61.1754 , 67.3093 , 57.8773 , 44.0471 , 53.093 , 56.929 , 53.5312 , 62.578 , 52.9094 , 64.6911 , 50.334 , 47.8888 , 34.5053 , 57.8047 , 39.3748 , 50.5782 , 69.3573 , 96.2991 , 64.4261 , 47.4383 , 47.4789 , 64.7041 , 38.2131 , 78.5002 , 55.0176 , 44.469 , 94.1027 , 56.1737 , 61.9713 , 38.6935 , 57.564 , 43.1807 , 95.5805 , 67.6324 , 35.6201 , 41.6227 , 40.9951 , 58.3991 , 57.619 , 65.3215 , 60.6339 , 52.706 , 63.5199 , 39.4166 , 53.9612 , 30.9704 , 62.8673 , 64.7118 , 94.6729 , 53.9168 , 35.6055 , 66.5429 , 80.5207 , 84.7677 , 42.6787 , 61.826 , 64.7987 , 71.4202 , 115.633 , 37.0585 , 105.994 , 62.2101 , 61.114 , 71.9146 , 42.2258 , 58.2878 , 73.733 , 52.0109 , 50.7202 , 37.6592 , 38.7583 , 50.024 , 118.932 , 128.521 , 122.311 , 66.7054 , 32.2938 , 49.2757 , 61.3684 , 63.891 , 66.5322 , 62.6719 , 81.0478 , 52.6457 , 90.2491 , 54.6897 , 65.448 , 62.6977 , 56.6527 , 46.9468 , 60.2232 , 103.068 , 40.8032 , 56.6075 , 49.2852 , 68.7168 , 70.7412 , 43.82 , 42.3752 , 54.9195 , 55.1878 , 82.7816 , 47.3527 , 34.2643 , 109.469 , 67.2204 , 75.2534 , 63.7162 , 45.6586 , 123.006 , 82.4849 , 48.1229 , 40.8441 , 49.7302 , 62.5859 , 65.6705 , 72.7464 , 67.6733 , 69.9063 , 80.6205 , 63.7972 , 54.4027 , 87.7731 , 64.8596 , 51.8861 , 57.3887 , 68.7815 , 68.195 , 77.7884 , 72.5044 , 41.0521 , 72.8854 , 56.3495 , 44.3396 , 40.8587 , 97.0393 , 38.0219 , 30.953 , 50.7453 , 61.6718 , 57.0227 , 79.6074 , 58.7937 , 67.8842 , 64.3567 , 64.3007 , 71.5599 , 83.3203 , 86.361 , 93.1266 , 67.5482 , 71.832 , 14.7088 , 30.5144 , 53.7982 , 107.65 , 85.5285 , 