var1=[66.75 , 56.6902 , 30.5347 , 52.1885 , 70.2166 , 61.8761 , 65.9478 , 55.895 , 60.6949 , 53.7896 , 69.9488 , 55.4649 , 135.133 , 71.0853 , 54.6633 , 55.1565 , 54.7712 , 87.7955 , 55.1663 , 33.529 , 72.4461 , 38.9447 , 56.7398 , 78.9908 , 42.7363 , 51.7513 , 63.4139 , 49.684 , 41.052 , 46.191 , 40.4447 , 55.1407 , 76.6903 , 58.7961 , 33.6709 , 81.2904 , 89.9451 , 35.3254 , 53.8216 , 84.0853 , 64.1749 , 49.388 , 74.167 , 74.8881 , 69.3307 , 64.9416 , 33.1468 , 50.2966 , 50.5426 , 79.2909 , 66.494 , 51.3475 , 48.8299 , 76.4002 , 43.4694 , 49.9038 , 100.282 , 32.4823 , 56.9725 , 78.0537 , 53.3889 , 47.6925 , 52.702 , 80.2858 , 37.7034 , 57.3485 , 36.351 , 38.3471 , 32.3722 , 78.0158 , 67.0896 , 65.2808 , 54.9729 , 29.854 , 59.7944 , 45.6576 , 70.0059 , 103.324 , 47.8885 , 61.9962 , 36.6652 , 44.207 , 66.0208 , 55.0924 , 57.4929 , 50.5919 , 55.5819 , 61.2257 , 76.8142 , 62.1048 , 56.1616 , 82.5398 , 57.4758 , 52.8951 , 58.3982 , 51.5849 , 61.2756 , 51.934 , 100.403 , 69.2765 , 80.2762 , 35.7459 , 61.2637 , 36.2923 , 42.3611 , 84.4206 , 46.92 , 61.2771 , 41.8852 , 42.4119 , 68.3973 , 35.2026 , 53.6939 , 38.3897 , 62.8228 , 46.4326 , 65.242 , 30.9599 , 60.5688 , 29.357 , 27.7581 , 28.2224 , 51.0213 , 57.4481 , 66.5842 , 36.1483 , 37.9696 , 55.5869 , 51.105 , 77.2646 , 62.8617 , 39.2705 , 102.534 , 63.6842 , 31.2467 , 56.0579 , 69.284 , 51.8638 , 52.1439 , 54.1221 , 26.8668 , 46.9908 , 33.6528 , 61.5695 , 98.4811 , 48.1442 , 44.3435 , 58.4845 , 50.8104 , 33.5902 , 48.8433 , 51.3752 , 43.4604 , 23.9121 , 39.6459 , 28.8645 , 87.1706 , 48.6718 , 62.145 , 40.0192 , 80.5667 , 62.8396 , 32.1286 , 36.5889 , 49.6609 , 38.9616 , 92.26 , 60.8179 , 70.7985 , 110.25 , 33.2084 , 36.4065 , 48.0629 , 49.0979 , 59.1734 , 65.1453 , 56.9452 , 44.7699 , 53.0982 , 53.8607 , 74.8645 , 33.241 , 21.8979 , 46.4422 , 46.9216 , 63.0643 , 39.3645 , 78.9945 , 55.4406 , 98.8706 , 65.6538 , 48.6556 , 48.8431 , 65.2559 , 39.2734 , 69.352 , 43.131 , 54.4232 , 36.8691 , 54.0861 , 50.7896 , 51.2606 , 69.1522 , 53.9901 , 36.9091 , 57.1868 , 54.6948 , 62.6955 , 44.9833 , 32.0782 , 29.5442 , 79.7662 , 74.5991 , 83.5782 , 61.9713 , 61.8727 , 59.0244 , 53.3498 , 47.3247 , 65.7227 , 59.2055 , 33.2134 , 61.5026 , 56.1496 , 119.502 , 49.4273 , 38.0147 , 60.8027 , 33.2418 , 90.9098 , 89.0943 , 51.4632 , 34.176 , 60.8147 , 45.6533 , 46.8316 , 46.1552 , 76.7686 , 83.7104 , 51.3662 , 61.3893 , 62.2694 , 38.685 , 58.3278 , 73.4171 , 34.9574 , 56.7192 , 61.5609 , 31.6725 , 69.9987 , 78.9455 , 59.1647 , 96.4749 , 50.9475 , 45.6461 , 44.5497 , 36.1768 , 55.6079 , 59.2852 , 60.1618 , 49.7552 , 66.5625 , 80.3481 , 61.6113 , 50.5242 , 57.7153 , 47.6531 , 56.5582 , 52.94 , 25.834 , 32.3606 , 31.7798 , 49.5049 , 33.1194 , 44.781 , 62.7645 , 58.1229 , 37.688 , 75.2746 , 43.7431 , 44.2943 , 35.5478 , 60.9186 , 50.506 , 67.1596 , 71.0275 , 60.4459 , 48.1199 , 41.8064 , 48.6665 , 59.4192 , 40.0296 , 38.5352 , 76.9223 , 75.2747 , 61.5965 , 50.7197 , 57.2954 , 36.7249 , 81.799 , 57.1934 , 62.4438 , 99.3162 , 57.4217 , 39.5252 , 30.4339 , 56.0126 , 46.1166 , 108.898 , 54.3043 , 80.409 , 46.1757 , 82.4125 , 58.3208 , 61.4858 , 75.8387 , 67.3665 , 65.5579 , 57.8159 , 41.1489 , 89.1412 , 38.0906 , 50.5295 , 57.2135 , 61.1221 , 89.8038 , 39.3984 , 46.7589 , 83.5792 , 58.6302 , 88.0098 , 51.2717 , 53.5336 , 38.38 , 73.8409 , 42.7061 , 94.1386 , 40.3425 , 48.4557 , 66.8897 , 73.314 , 90.8028 , 35.4078 , 44.1923 , 47.6531 , 87.3474 , 27.3115 , 60.2481 , 112.469 , 42.4851 , 37.1404 , 44.9117 , 48.8362 , 101.504 , 65.2953 , 85.4929 , 55.5341 , 70.7874 , 38.7449 , 58.8141 , 58.3716 , 82.7776 , 31.679 , 39.7955 , 71.0563 , 40.3988 , 39.4348 , 64.8917 , 37.3863 , 54.8441 , 63.3888 , 67.9709 , 44.5875 , 37.6762 , 82.1171 , 35.719 , 45.6422 , 57.3111 , 35.7805 , 48.3195 , 68.6934 , 57.1808 , 55.587 , 84.3239 , 62.7476 , 80.3103 , 44.8554 , 84.0375 , 39.9378 , 54.8597 , 58.823 , 43.525 , 50.1394 , 82.291 , 59.7226 , 52.6729 , 79.786 , 36.1119 , 53.1956 , 52.1889 , 42.647 , 85.3355 , 53.6022 , 52.0874 , 57.0089 , 47.254 , 47.4413 , 54.7245 , 51.3579 , 69.8632 , 51.6392 , 58.7864 , 41.4524 , 105.429 , 68.9375 , 27.3796 , 69.5877 , 70.3833 , 87.651 , 47.4189 , 59.6646 , 47.6476 , 43.3352 , 44.6497 , 49.2948 , 42.3274 , 50.0324 , 24.6497 , 63.1362 , 36.8675 , 30.0908 , 51.8755 , 107.9 , 71.9273 , 68.3728 , 77.2868 , 51.7938 , 56.2004 , 25.0963 , 59.3385 , 93.523 , 35.0794 , 52.2327 , 47.6438 , 101.077 , 26.4885 , 53.7551 , 74.7823 , 39.9955 , 45.8098 , 41.3646 , 57.0075 , 58.7677 , 40.1157 , 73.3536 , 59.1546 , 46.8318 , 69.8278 , 59.7191 , 74.7341 , 36.572 , 45.2454 , 48.8648 , 38.4082 , 49.0594 , 69.1541 , 55.2587 , 71.9485 , 63.1432 , 55.3164 , 48.7968 , 65.45 , 95.5328 , 91.5974 , 92.9392 , 46.5106 , 81.9368 , 34.6455 , 44.224 , 63.6359 , 43.9918 , 68.9425 , 50.5378 , 49.763 , 81.8619 , 88.469 , 62.3292 , 36.7708 , 46.1156 , 70.7375 , 51.3303 , 50.4687 , 50.1069 , 36.9614 , 60.9438 , 64.6532 , 36.7709 , 52.3752 , 69.6243 , 59.4314 , 71.6692 , 78.1479 , 32.5152 , 72.5336 , 56.62 , 62.8815 , 39.9289 , 53.6807 , 32.7902 , 65.9028 , 56.6986 , 62.9058 , 55.821 , 74.6504 , 41.0965 , 62.8558 , 76.71 , 84.7809 , 34.5609 , 90.999 , 50.7349 , 37.4986 , 75.0433 , 43.1425 , 60.2152 , 73.1283 , 46.6083 , 56.972 , 51.252 , 47.0993 , 52.8188 , 72.0774 , 63.7941 , 40.4216 , 64.9609 , 50.1131 , 89.3818 , 80.1614 , 49.7889 , 60.3435 , 74.3631 , 45.6159 , 43.0309 , 48.7549 , 65.4637 , 50.4683 , 28.8791 , 64.3531 , 40.8184 , 46.6903 , 54.1501 , 77.2619 , 33.3295 , 45.0241 , 74.3828 , 36.2843 , 91.8433 , 65.3589 , 83.7224 , 35.1574 , 48.1742 , 74.8066 , 55.5293 , 49.6063 , 66.1625 , 39.5913 , 104.305 , 55.5482 , 55.3402 , 39.3667 , 55.7814 , 53.0185 , 51.4021 , 53.7284 , 49.6755 , 43.6628 , 65.4043 , 29.6187 , 38.8433 , 61.396 , 102.977 , 30.9154 , 68.9782 , 41.0099 , 33.7799 , 41.6571 , 43.3019 , 50.6803 , 68.3515 , 66.01 , 66.3658 , 66.3258 , 50.5691 , 37.9367 , 86.9645 , 36.5528 , 54.9737 , 35.6491 , 46.7482 , 50.4633 , 36.0272 , 41.8542 , 66.5461 , 53.6193 , 90.5141 , 62.9253 , 34.5991 , 90.3027 , 44.1593 , 39.3595 , 39.95 , 51.7532 , 78.73 , 62.283 , 46.4675 , 59.9418 , 101.923 , 47.669 , 40.8987 , 58.7729 , 57.8227 , 50.8292 , 124.279 , 47.6503 , 62.5211 , 86.5286 , 48.2573 , 71.4144 , 53.1236 , 54.557 , 41.069 , 34.3367 , 66.1852 , 56.9403 , 43.0937 , 46.4555 , 38.9044 , 50.2371 , 46.1118 , 37.5264 , 50.3686 , 79.9495 , 49.5604 , 42.6826 , 57.8377 , 39.9684 , 44.7127 , 54.9853 , 65.3866 , 39.1058 , 57.3282 , 39.5248 , 59.4056 , 52.4918 , 64.7042 , 58.5315 , 47.5568 , 84.0581 , 48.5591 , 54.1429 , 63.0823 , 25.7578 , 72.3793 , 32.0303 , 51.0526 , 45.745 , 66.6951 , 113.933 , 53.3411 , 61.9493 , 50.6513 , 46.2772 , 42.1364 , 33.1506 , 25.9325 , 32.1811 , 87.2094 , 58.8652 , 52.68 , 68.6232 , 78.8419 , 65.8558 , 44.9271 , 66.325 , 49.6098 , 53.9824 , 37.5827 , 73.0813 , 58.1573 , 137.456 , 53.6808 , 85.1743 , 39.4278 , 39.8395 , 82.7991 , 51.4736 , 39.8111 , 64.0222 , 58.4099 , 63.5005 , 72.1481 , 43.2903 , 61.5734 , 77.1595 , 45.4058 , 47.0778 , 80.4655 , 65.7928 , 87.7826 , 36.1067 , 81.7991 , 78.782 , 53.8703 , 31.36 , 63.5184 , 57.7616 , 41.3541 , 73.3191 , 38.6633 , 38.0696 , 76.0506 , 41.2664 , 34.7012 , 56.2211 , 88.571 , 75.8846 , 43.3855 , 67.583 , 79.4139 , 54.4321 , 49.5521 , 50.0828 , 79.6254 , 46.8583 , 49.144 , 49.7521 , 45.8288 , 35.5052 , 36.3171 , 101.036 , 81.7761 , 51.9138 , 49.4434 , 49.4788 , 44.7424 , 82.7079 , 45.5894 , 45.3099 , 49.0278 , 62.7615 , 56.6408 , 42.5437 , 75.245 , 58.3812 , 59.8957 , 70.6866 , 58.8406 , 28.5872 , 42.7651 , 47.0633 , 54.3185 , 93.0996 , 38.6983 , 70.3355 , 61.6785 , 81.8072 , 54.437 , 57.6038 , 57.501 , 59.0478 , 47.431 , 76.3079 , 68.738 , 46.0527 , 52.4987 , 48.4122 , 37.9303 , 51.8551 , 78.121 , 43.3628 , 31.4348 , 37.6925 , 54.0715 , 59.1683 , 43.2564 , 59.6878 , 77.1002 , 35.2807 , 47.4378 , 48.8916 , 50.7924 , 45.3772 , 54.4797 , 66.6634 , 53.8395 , 76.5248 , 51.9489 , 61.265 , 41.604 , 60.0705 , 80.5688 , 39.5535 , 46.3691 , 75.8566 , 50.6024 , 57.6628 , 81.7965 , 65.5218 , 81.646 , 