var1=[47.1987 , 42.5039 , 50.4876 , 66.3413 , 38.8866 , 54.7123 , 56.661 , 49.0015 , 33.6304 , 58.0322 , 34.4889 , 48.2287 , 60.3544 , 60.0015 , 43.9067 , 50.0758 , 37.3177 , 79.0076 , 44.5458 , 36.0804 , 66.1481 , 40.2922 , 61.0592 , 46.9195 , 42.0961 , 70.144 , 48.0286 , 44.9038 , 31.643 , 78.7726 , 54.2844 , 100.593 , 59.3657 , 65.9033 , 37.0068 , 85.9593 , 49.9495 , 64.2656 , 49.1633 , 73.316 , 42.5739 , 61.0477 , 46.1534 , 64.7406 , 30.02 , 110.99 , 37.1121 , 75.7138 , 29.8523 , 63.6858 , 52.8858 , 52.3542 , 80.7106 , 45.5674 , 65.4874 , 85.5261 , 71.6997 , 62.9011 , 62.7406 , 34.8418 , 58.2551 , 51.8152 , 38.4403 , 70.4623 , 59.9106 , 56.4454 , 59.7907 , 43.5841 , 56.4802 , 88.8719 , 59.5148 , 34.2854 , 57.922 , 50.1919 , 42.9582 , 54.3498 , 69.6937 , 80.2318 , 32.1681 , 89.3366 , 65.381 , 60.4715 , 64.8197 , 94.7094 , 50.6333 , 68.3426 , 32.9868 , 56.0741 , 62.3913 , 56.3109 , 86.6474 , 48.8914 , 57.1964 , 81.5235 , 50.5482 , 68.224 , 66.295 , 50.9221 , 35.0886 , 52.2525 , 30.2066 , 55.5588 , 33.6581 , 33.3112 , 66.6502 , 37.1296 , 30.2752 , 31.2416 , 67.5213 , 82.6375 , 64.6504 , 42.8933 , 89.1769 , 58.9333 , 59.8443 , 88.6495 , 64.8575 , 51.2279 , 48.8448 , 42.3212 , 62.9841 , 45.0727 , 71.2574 , 49.1801 , 61.0056 , 54.767 , 48.0038 , 44.6007 , 33.9018 , 48.407 , 39.4152 , 35.6969 , 49.7874 , 44.9465 , 69.4697 , 63.2117 , 49.3912 , 70.494 , 52.5839 , 36.2389 , 68.9375 , 35.5215 , 51.3219 , 62.3758 , 83.3009 , 41.5035 , 38.2088 , 49.9849 , 52.6029 , 61.7352 , 35.515 , 38.6459 , 81.5357 , 64.4865 , 32.3857 , 94.936 , 73.0101 , 31.1361 , 71.4681 , 34.3422 , 69.636 , 62.2687 , 36.2204 , 37.6714 , 62.0172 , 53.7994 , 42.7069 , 100.278 , 39.5335 , 40.51 , 41.0145 , 36.2752 , 45.8169 , 29.9394 , 44.3301 , 46.4944 , 60.3317 , 54.1342 , 72.6476 , 70.4946 , 48.3309 , 44.3985 , 42.8726 , 85.0538 , 47.1488 , 58.1241 , 52.387 , 66.2879 , 49.4869 , 46.0897 , 80.561 , 69.2369 , 43.2984 , 51.354 , 68.0212 , 52.9865 , 37.5318 , 31.3479 , 64.1802 , 94.4624 , 35.6261 , 34.139 , 92.0368 , 81.5589 , 31.8019 , 41.211 , 36.9256 , 73.2604 , 37.4222 , 35.321 , 52.6927 , 49.0284 , 68.5444 , 59.1649 , 34.8369 , 25.137 , 70.5164 , 67.697 , 93.4109 , 45.4621 , 38.962 , 83.4503 , 49.9162 , 38.9759 , 52.7889 , 42.7232 , 70.9527 , 34.6531 , 54.0728 , 42.4485 , 57.649 , 76.2902 , 63.454 , 42.687 , 38.9661 , 55.0784 , 40.5944 , 45.7022 , 75.0056 , 62.0032 , 57.4721 , 73.8327 , 39.0344 , 84.9738 , 67.6257 , 55.1536 , 61.3937 , 82.8231 , 29.096 , 64.8224 , 31.6806 , 45.6942 , 77.4823 , 56.3419 , 33.3065 , 49.6854 , 50.6226 , 47.7969 , 29.3571 , 64.6874 , 59.181 , 51.36 , 36.9566 , 35.3597 , 28.0509 , 36.3538 , 55.8291 , 30.8602 , 63.7657 , 49.1259 , 38.6776 , 40.6852 , 45.2211 , 54.1485 , 78.702 , 60.1544 , 43.584 , 40.7962 , 83.0992 , 36.6206 , 52.8453 , 33.0428 , 41.6187 , 62.9285 , 68.1512 , 52.6541 , 37.556 , 42.6668 , 73.8217 , 36.0385 , 68.7588 , 31.2397 , 40.4513 , 55.4796 , 70.2312 , 59.8972 , 45.657 , 59.6512 , 47.5332 , 48.8578 , 73.2207 , 63.7833 , 61.5527 , 43.9005 , 59.4151 , 55.1369 , 34.0362 , 91.684 , 71.7587 , 60.3449 , 55.025 , 43.6676 , 25.6028 , 57.1953 , 55.7655 , 52.5138 , 42.5061 , 70.3054 , 58.5837 , 57.7113 , 46.6211 , 49.5443 , 40.4845 , 68.3086 , 56.864 , 38.3734 , 34.0526 , 43.534 , 50.1943 , 48.9519 , 37.4221 , 70.3957 , 57.279 , 60.5851 , 34.3614 , 36.5804 , 63.5972 , 44.6813 , 67.0718 , 34.3057 , 50.394 , 59.2228 , 46.0631 , 51.5658 , 34.6658 , 43.9991 , 54.5376 , 70.2636 , 54.101 , 39.3496 , 63.4414 , 34.4321 , 60.4311 , 52.2853 , 46.0008 , 61.2596 , 37.0168 , 37.9238 , 78.1726 , 60.6132 , 29.31 , 53.3105 , 51.2005 , 39.3879 , 71.3738 , 29.063 , 57.9698 , 26.2507 , 38.7533 , 111.161 , 46.3702 , 27.2413 , 46.396 , 84.0923 , 36.4094 , 47.4071 , 41.4834 , 51.1451 , 38.4496 , 68.1828 , 59.156 , 61.13 , 54.4563 , 60.9223 , 43.2306 , 74.8615 , 40.7829 , 78.1448 , 55.8467 , 67.1814 , 99.6844 , 53.9208 , 43.2818 , 41.2048 , 43.6283 , 71.0029 , 48.3391 , 30.6698 , 83.2026 , 61.4089 , 78.5294 , 41.7828 , 75.1591 , 34.1889 , 47.4857 , 53.0939 , 50.4417 , 49.3594 , 37.4934 , 33.3773 , 29.949 , 45.0472 , 35.3657 , 49.258 , 56.5284 , 41.9339 , 72.4859 , 43.3908 , 74.3582 , 35.7802 , 43.1333 , 53.1746 , 34.1126 , 81.6009 , 53.1558 , 46.2168 , 52.5639 , 52.6743 , 37.1731 , 42.1496 , 65.2898 , 53.035 , 49.8154 , 62.1262 , 61.7439 , 37.0386 , 43.701 , 37.9316 , 40.901 , 60.9191 , 78.1838 , 81.5922 , 36.7066 , 80.5334 , 74.1892 , 34.7918 , 65.8689 , 72.0343 , 42.5774 , 56.3291 , 63.4193 , 74.0008 , 66.9728 , 40.2509 , 51.3944 , 40.4617 , 54.5533 , 40.4944 , 92.8396 , 65.1587 , 82.3137 , 57.9954 , 47.5487 , 50.299 , 34.9647 , 59.9702 , 39.6889 , 46.8949 , 61.3758 , 88.0957 , 43.0621 , 40.1134 , 46.2972 , 66.1784 , 69.4297 , 39.4687 , 35.5244 , 39.5279 , 49.3583 , 46.5038 , 78.2009 , 51.2636 , 29.609 , 63.0886 , 45.1956 , 38.0543 , 61.3415 , 59.2801 , 36.6056 , 41.1833 , 28.298 , 37.382 , 82.0735 , 83.1043 , 47.7497 , 60.1534 , 28.6159 , 40.3044 , 66.4368 , 53.9531 , 36.5867 , 54.7055 , 37.4285 , 36.6053 , 39.54 , 41.111 , 41.687 , 69.0739 , 53.2121 , 71.0103 , 46.7548 , 48.3523 , 44.3105 , 50.3387 , 73.3859 , 74.5892 , 41.574 , 33.5972 , 33.3072 , 65.2734 , 58.3026 , 62.488 , 57.3424 , 41.6358 , 56.6362 , 54.7732 , 37.9762 , 56.9912 , 46.9711 , 28.262 , 32.2819 , 65.6028 , 39.9649 , 83.1161 , 47.1374 , 32.6565 , 85.8946 , 44.3914 , 64.2995 , 37.8357 , 42.8758 , 33.5464 , 42.5818 , 30.2526 , 67.5898 , 56.3023 , 57.8839 , 39.8552 , 65.8396 , 48.1051 , 58.543 , 78.9273 , 55.8534 , 46.8354 , 100.401 , 49.9696 , 77.3144 , 29.939 , 79.795 , 75.5615 , 59.5041 , 56.4042 , 46.5169 , 50.492 , 53.6084 , 58.0829 , 47.0292 , 68.3696 , 36.4775 , 59.9551 , 64.5455 , 50.7372 , 60.8195 , 46.9633 , 46.1804 , 32.5348 , 51.5833 , 45.6997 , 35.8326 , 49.483 , 46.3728 , 65.4551 , 60.803 , 40.6252 , 60.3558 , 52.8257 , 40.6862 , 33.6383 , 64.3427 , 84.9736 , 39.606 , 48.2187 , 40.6179 , 45.4222 , 68.7331 , 57.9076 , 61.1559 , 42.8594 , 36.0608 , 52.6664 , 43.9598 , 54.8825 , 74.521 , 40.8306 , 85.3424 , 68.8525 , 57.4333 , 67.2304 , 39.5907 , 34.1615 , 42.5872 , 49.2807 , 53.9156 , 37.9501 , 51.9175 , 57.5263 , 41.3855 , 39.8636 , 63.1694 , 39.5327 , 57.4863 , 74.9464 , 64.3213 , 61.4975 , 29.5734 , 46.8825 , 38.88 , 75.6775 , 46.7935 , 70.8799 , 52.9355 , 97.2673 , 37.3712 , 31.4312 , 57.4035 , 47.7195 , 32.2042 , 48.3856 , 39.5095 , 53.8975 , 26.0398 , 54.9248 , 65.0539 , 67.7969 , 39.5064 , 37.7077 , 45.2842 , 48.2538 , 77.2174 , 62.2288 , 47.8528 , 36.6004 , 42.3591 , 69.8124 , 31.2846 , 55.3498 , 38.3881 , 54.3842 , 63.4022 , 37.273 , 44.0006 , 60.6925 , 49.9301 , 33.7267 , 60.7025 , 65.2804 , 57.7017 , 53.4118 , 68.3846 , 32.6795 , 42.7664 , 59.8743 , 75.6871 , 75.3617 , 55.3836 , 35.126 , 42.1025 , 40.711 , 44.6753 , 61.4769 , 80.6146 , 53.7576 , 78.2667 , 54.2674 , 39.9231 , 37.3596 , 38.0682 , 55.9214 , 65.3931 , 44.1131 , 33.0596 , 56.1975 , 56.1516 , 69.8399 , 26.6995 , 75.5787 , 44.5122 , 48.6551 , 63.0523 , 76.3378 , 59.9601 , 49.7026 , 74.797 , 38.8656 , 72.1044 , 57.9556 , 68.6089 , 73.0961 , 48.9916 , 80.3263 , 37.7802 , 61.0335 , 43.1061 , 48.6642 , 79.6373 , 30.5819 , 42.0209 , 71.4346 , 31.0224 , 39.8542 , 62.6246 , 89.0884 , 46.2023 , 66.5196 , 54.5154 , 53.9447 , 71.8264 , 57.1717 , 69.026 , 72.2094 , 53.7841 , 70.4556 , 70.8074 , 35.7156 , 62.1934 , 56.0053 , 30.7092 , 29.6225 , 43.4753 , 61.0587 , 55.8003 , 30.3735 , 72.3009 , 49.4305 , 49.9568 , 69.4202 , 37.3268 , 65.6271 , 75.1749 , 49.2666 , 55.6117 , 53.8802 , 63.1607 , 38.5361 , 34.6721 , 54.4218 , 41.9183 , 67.5373 , 53.8722 , 56.0367 , 108.814 , 59.204 , 70.874 , 57.8437 , 55.9724 , 44.7556 , 42.1131 , 37.3979 , 38.0285 , 56.9269 , 84.038 , 29.7657 , 100.234 , 42.4759 , 50.4105 , 55.6789 , 81.489 , 59.0525 , 47.6498 , 55.8076 , 37.8572 , 59.1787 , 55.8074 , 45.6867 , 54.7322 , 61.8757 , 87.458 , 50.4265 , 76.0823 , 43.4611 , 31.0167 , 39.5102 , 31.3532 , 35.6509 , 47.2032 , 63.7925 , 49.8598 , 62.5984 , 28.9925 , 40.9945 , 61.8208 , 46.958 , 69.3934 , 69.0539 , 57.0219 , 60.7008 , 68.0864 , 72.8376 , 