var1=[52.8737 , 57.0334 , 52.7713 , 79.361 , 64.9099 , 76.474 , 55.7332 , 64.298 , 116.67 , 122.224 , 54.796 , 70.0854 , 59.2172 , 64.8049 , 98.1899 , 61.0069 , 26.9459 , 38.1556 , 102.545 , 66.9195 , 70.554 , 61.1174 , 64.5537 , 77.1071 , 78.3196 , 91.8147 , 59.8066 , 65.0163 , 81.6365 , 23.4828 , 38.7666 , 61.1936 , 59.1697 , 56.1718 , 45.5505 , 76.3964 , 27.8412 , 57.6219 , 71.2986 , 54.4996 , 59.1091 , 39.108 , 78.9365 , 97.6312 , 62.0783 , 42.0875 , 92.317 , 25.7925 , 117.603 , 46.4295 , 73.2206 , 67.3372 , 57.8877 , 80.3428 , 64.0041 , 51.2363 , 89.6526 , 99.5739 , 69.4216 , 101.064 , 105.371 , 58.0538 , 67.3413 , 142.87 , 37.4267 , 92.3841 , 65.6849 , 46.1251 , 49.807 , 50.5472 , 44.5318 , 80.7689 , 58.02 , 84.5668 , 89.5362 , 63.7503 , 47.3583 , 64.7866 , 59.8953 , 53.2386 , 80.4217 , 76.4776 , 89.5546 , 67.2582 , 50.0653 , 71.1832 , 72.2243 , 35.5764 , 53.5615 , 60.2131 , 65.158 , 120.725 , 53.7258 , 40.1854 , 59.7368 , 38.5576 , 54.1655 , 58.2251 , 82.8311 , 55.8959 , 72.3538 , 113.89 , 59.3101 , 72.3386 , 67.2449 , 79.3072 , 54.135 , 80.4591 , 50.883 , 29.6306 , 69.7687 , 76.5913 , 135.681 , 59.6253 , 61.0069 , 85.0836 , 65.0495 , 65.073 , 66.8502 , 87.4738 , 79.2523 , 51.6762 , 57.2922 , 54.1962 , 80.2336 , 69.3108 , 76.72 , 64.539 , 46.8389 , 57.8905 , 44.4825 , 40.3209 , 55.2846 , 45.4432 , 38.2566 , 121.97 , 65.3468 , 69.476 , 85.5157 , 74.8536 , 38.3065 , 75.0608 , 72.9121 , 66.6467 , 61.8323 , 44.3253 , 97.8867 , 62.3601 , 92.0459 , 128.494 , 66.1525 , 49.6598 , 55.4823 , 52.975 , 50.9312 , 60.6739 , 164.777 , 39.5552 , 13.3792 , 51.4478 , 57.5481 , 95.1964 , 51.1404 , 43.1433 , 63.6591 , 88.2638 , 61.9533 , 39.1141 , 124.009 , 46.9255 , 112.483 , 57.1259 , 60.2638 , 106.203 , 78.1953 , 94.2998 , 74.7913 , 64.5916 , 60.5743 , 68.1314 , 73.6996 , 64.8198 , 78.4182 , 110.212 , 82.3794 , 92.7694 , 129.096 , 118.331 , 51.8705 , 79.0745 , 95.7056 , 64.8673 , 83.6094 , 54.0543 , 51.5646 , 67.2841 , 85.577 , 54.3543 , 51.2247 , 77.1365 , 59.2204 , 109.346 , 40.3015 , 90.5134 , 83.1743 , 48.2857 , 97.824 , 94.5435 , 50.9434 , 65.3909 , 76.3677 , 140.431 , 80.4204 , 44.4334 , 87.8717 , 53.8667 , 69.7522 , 70.6759 , 55.086 , 50.0617 , 43.6565 , 43.8694 , 69.6294 , 68.2301 , 67.2802 , 89.7841 , 67.8928 , 66.8569 , 79.6659 , 60.2189 , 65.3654 , 71.5571 , 44.2371 , 57.4827 , 96.123 , 62.0357 , 95.8531 , 53.5262 , 151.363 , 59.8455 , 61.3757 , 78.4847 , 43.4 , 34.237 , 76.66 , 59.6728 , 39.2739 , 103.193 , 54.925 , 56.1613 , 86.2481 , 66.6941 , 106.959 , 68.7575 , 73.1493 , 53.1638 , 47.3151 , 38.4562 , 61.2737 , 71.0371 , 26.2386 , 76.3022 , 61.7147 , 108.721 , 74.1328 , 61.0328 , 74.3202 , 120.035 , 38.5656 , 14.1937 , 42.2549 , 86.1055 , 63.67 , 48.6397 , 49.3177 , 100.239 , 68.0583 , 75.9294 , 95.2911 , 68.5092 , 85.4509 , 68.0976 , 58.8625 , 85.8705 , 133.342 , 29.5619 , 67.4146 , 104.949 , 54.0963 , 57.8284 , 47.0088 , 47.602 , 39.6401 , 10.1591 , 67.4356 , 90.0178 , 59.0396 , 51.8363 , 48.755 , 81.7898 , 64.9928 , 57.552 , 46.8884 , 51.6605 , 36.8563 , 59.8875 , 63.1354 , 86.0313 , 127.94 , 108.927 , 42.1361 , 47.8604 , 58.8768 , 64.5896 , 83.3566 , 48.4593 , 64.3163 , 85.9798 , 73.2731 , 61.4261 , 85.9251 , 74.6931 , 67.5944 , 29.7655 , 78.9541 , 42.6423 , 70.3512 , 95.3601 , 102.021 , 65.2627 , 72.6539 , 49.0963 , 35.4591 , 83.2563 , 53.1867 , 57.7646 , 67.4145 , 43.7891 , 52.8898 , 107.044 , 67.8997 , 39.4221 , 87.9391 , 53.8661 , 55.4592 , 49.592 , 58.1414 , 94.7501 , 63.8066 , 79.4857 , 22.5853 , 75.2376 , 41.5048 , 95.6732 , 57.0953 , 67.5485 , 88.9549 , 55.2425 , 66.6014 , 79.8739 , 55.1287 , 43.4546 , 78.5224 , 65.126 , 79.7178 , 86.2031 , 65.2778 , 81.9452 , 44.1788 , 64.2602 , 96.435 , 57.2506 , 29.9188 , 51.7352 , 70.7889 , 57.5902 , 50.8439 , 92.512 , 40.9311 , 70.6464 , 30.9405 , 53.2247 , 69.2128 , 48.5879 , 79.4054 , 65.9596 , 91.5936 , 77.9874 , 64.2964 , 67.582 , 48.8524 , 71.4385 , 60.5903 , 75.2957 , 72.0457 , 61.2059 , 84.8617 , 86.1289 , 33.5875 , 55.1343 , 59.9631 , 107.059 , 14.5139 , 114.611 , 58.3135 , 77.0741 , 74.4587 , 50.9035 , 72.1747 , 58.2835 , 73.4375 , 70.1472 , 67.6692 , 25.6704 , 41.0479 , 77.1461 , 64.4244 , 90.0249 , 60.9881 , 55.4055 , 79.1159 , 61.5104 , 33.8231 , 88.6249 , 50.424 , 45.7399 , 89.0337 , 56.552 , 70.5835 , 60.7087 , 73.0209 , 97.3953 , 69.5628 , 71.4425 , 86.0591 , 130.611 , 71.1952 , 94.9188 , 56.9764 , 46.7494 , 60.6719 , 58.5712 , 42.681 , 59.2759 , 41.6934 , 63.0861 , 62.5279 , 66.3946 , 94.6925 , 42.1961 , 52.5433 , 60.7756 , 66.5224 , 65.4415 , 55.8569 , 50.2786 , 49.6895 , 83.7888 , 85.3929 , 68.5552 , 77.5008 , 83.2992 , 81.4036 , 68.6732 , 84.2433 , 62.3313 , 102.404 , 69.6832 , 56.2112 , 72.7029 , 61.7751 , 61.0006 , 86.6934 , 96.6454 , 18.8946 , 34.0509 , 87.2841 , 67.2382 , 54.8402 , 22.46 , 82.2944 , 51.5849 , 73.205 , 70.7139 , 103.766 , 80.9583 , 65.8082 , 82.7393 , 74.6586 , 71.2299 , 71.8115 , 28.5176 , 78.9479 , 84.0804 , 116.353 , 65.8485 , 70.9189 , 10.7374 , 58.1479 , 56.442 , 33.5834 , 66.5737 , 69.8855 , 130.498 , 85.2326 , 73.9014 , 102.214 , 60.4968 , 86.1733 , 65.2318 , 35.1129 , 70.5672 , 91.0309 , 44.875 , 74.2597 , 52.7331 , 40.1761 , 79.2835 , 73.6205 , 61.3936 , 77.4771 , 137.083 , 121.581 , 72.4422 , 49.2164 , 18.2476 , 94.824 , 72.3739 , 59.6216 , 55.817 , 55.0748 , 56.0703 , 69.8817 , 74.538 , 51.9632 , 52.9209 , 60.1627 , 65.8581 , 67.2152 , 53.0274 , 72.0358 , 108.313 , 42.7691 , 26.3273 , 41.9316 , 54.8071 , 42.7146 , 87.5263 , 57.9209 , 84.2352 , 80.2748 , 93.6404 , 74.3438 , 67.3925 , 62.2873 , 115.321 , 74.2568 , 65.4048 , 79.6213 , 57.1909 , 65.0387 , 51.4971 , 73.1738 , 71.8154 , 65.1366 , 84.2628 , 105.227 , 73.6751 , 37.5525 , 67.2974 , 56.4887 , 63.9082 , 55.8844 , 90.3744 , 65.9214 , 65.4851 , 134.501 , 49.3871 , 40.1519 , 49.0962 , 40.162 , 96.9577 , 67.6038 , 57.3235 , 46.0151 , 56.4048 , 53.3882 , 93.8027 , 70.8898 , 73.4513 , 91.066 , 69.3888 , 60.3579 , 43.4176 , 49.0567 , 113.649 , 37.6889 , 68.6316 , 57.6303 , 105.343 , 49.2036 , 99.3185 , 53.6532 , 48.7384 , 100.034 , 82.5186 , 76.508 , 27.8555 , 112.103 , 29.9208 , 95.3717 , 87.4794 , 101.186 , 67.6618 , 35.8216 , 77.6802 , 136.938 , 52.0582 , 49.604 , 30.7201 , 70.706 , 72.3814 , 71.4367 , 118.076 , 40.1298 , 63.6426 , 92.4368 , 117.412 , 86.2199 , 55.5605 , 72.7012 , 67.7423 , 65.9074 , 42.9079 , 80.7668 , 43.8253 , 38.7571 , 60.4678 , 84.1623 , 51.4099 , 108.119 , 95.3509 , 81.2161 , 38.5878 , 65.7163 , 56.4778 , 114.519 , 113.137 , 60.8778 , 100.317 , 67.3112 , 46.8252 , 100.925 , 57.0895 , 60.6018 , 125.701 , 64.731 , 71.6332 , 84.1637 , 87.2332 , 70.9802 , 79.9884 , 89.3637 , 77.9876 , 62.5343 , 97.47 , 72.7043 , 55.0639 , 77.1422 , 58.4435 , 77.4177 , 63.442 , 70.0288 , 70.883 , 78.9811 , 76.6765 , 72.6832 , 58.5088 , 64.3021 , 46.3422 , 40.8794 , 71.6739 , 147.756 , 116.798 , 65.5048 , 94.3573 , 72.0039 , 70.0082 , 105.874 , 57.4607 , 89.0963 , 57.3599 , 65.8428 , 50.1082 , 51.4623 , 52.5362 , 37.1384 , 41.2873 , 45.3144 , 165.378 , 56.0128 , 44.3262 , 72.6683 , 56.6912 , 71.057 , 97.7512 , 54.384 , 86.4236 , 85.3289 , 132.446 , 85.5064 , 107.193 , 44.8309 , 63.494 , 63.0251 , 56.8793 , 88.4863 , 26.6133 , 133.142 , 25.2848 , 82.0839 , 90.5611 , 64.7918 , 71.6902 , 65.4473 , 73.7856 , 60.2016 , 47.4184 , 79.0994 , 98.3379 , 48.783 , 70.2875 , 123.562 , 54.6392 , 44.7092 , 58.9513 , 38.6466 , 42.131 , 83.5636 , 73.2892 , 69.8243 , 55.0655 , 78.5532 , 65.8007 , 36.2079 , 106.004 , 78.6968 , 62.4463 , 57.5397 , 73.4689 , 68.5733 , 41.2795 , 66.1108 , 49.0693 , 40.8871 , 51.6484 , 84.1902 , 121.137 , 53.7195 , 32.3656 , 105.068 , 78.9502 , 114.351 , 59.1711 , 55.9354 , 58.8839 , 104.682 , 87.3228 , 79.8977 , 87.1857 , 49.2794 , 56.1794 , 73.7695 , 56.3358 , 69.5735 , 74.1585 , 84.8165 , 87.3811 , 66.7726 , 68.1561 , 61.6856 , 41.1141 , 85.5069 , 58.5165 , 77.1483 , 65.1692 , 46.1907 , 78.0753 , 42.3719 , 67.1478 , 11.1971 , 124.589 , 48.1517 , 58.6013 , 51.5327 , 72.2523 , 33.6367 , 65.4401 , 72.1312 , 56.161 , 53.6743 , 61.4652 , 35.9948 , 73.9203 , 82.6426 , 49.2726 , 