var1=[32.0154 , 74.6846 , 49.7869 , 97.4276 , 55.9686 , 43.6981 , 70.1514 , 64.6055 , 63.7801 , 67.3604 , 51.7223 , 36.209 , 55.9207 , 67.4099 , 39.896 , 56.2214 , 30.592 , 51.9134 , 36.5792 , 39.2562 , 36.1543 , 57.7209 , 37.2348 , 46.8345 , 61.8402 , 54.7107 , 76.9264 , 45.5885 , 37.8921 , 37.9998 , 82.8259 , 69.1823 , 55.0766 , 47.1881 , 42.5358 , 55.5958 , 52.7656 , 67.3668 , 62.8367 , 46.7727 , 60.8709 , 58.8143 , 48.3946 , 56.4897 , 57.1951 , 65.2427 , 54.6128 , 45.4492 , 77.5451 , 44.7205 , 65.5614 , 51.0106 , 63.4851 , 54.0923 , 47.2726 , 52.7737 , 68.34 , 44.4338 , 45.4658 , 36.932 , 38.3299 , 80.4474 , 50.0212 , 47.9506 , 73.7375 , 46.9753 , 77.2245 , 41.8283 , 48.3386 , 47.044 , 34.468 , 34.8181 , 58.6423 , 45.8821 , 59.6098 , 61.9464 , 63.9255 , 78.0157 , 33.1172 , 104.806 , 33.8867 , 55.3104 , 70.5296 , 78.796 , 51.3948 , 29.5727 , 31.4873 , 75.9376 , 68.5656 , 33.5059 , 38.2796 , 53.7467 , 44.1592 , 66.8751 , 44.9455 , 48.8978 , 34.3655 , 38.2833 , 57.5456 , 34.9958 , 52.2495 , 80.4574 , 81.4425 , 66.0503 , 29.553 , 47.4807 , 42.6126 , 39.6862 , 61.2822 , 46.9131 , 46.5883 , 52.1385 , 67.6057 , 58.7465 , 49.5641 , 66.4888 , 57.8176 , 49.485 , 57.5504 , 41.7606 , 52.7209 , 39.7598 , 33.8899 , 52.6193 , 75.4339 , 52.7298 , 49.5018 , 56.77 , 30.9415 , 68.9117 , 50.3199 , 72.2228 , 97.6997 , 31.0303 , 29.1306 , 85.4852 , 56.12 , 37.3957 , 54.9889 , 56.9693 , 62.5466 , 64.7132 , 55.0828 , 40.9604 , 55.1109 , 47.2224 , 59.5535 , 64.3857 , 66.9833 , 47.1847 , 69.3402 , 43.6975 , 81.101 , 44.2216 , 35.5068 , 31.5783 , 69.92 , 62.3624 , 98.9775 , 33.3085 , 75.3898 , 61.6528 , 76.0097 , 72.4325 , 65.9946 , 54.7359 , 32.4844 , 70.0455 , 51.752 , 76.2505 , 36.3436 , 36.8486 , 61.1756 , 85.7565 , 62.7651 , 70.2741 , 43.8088 , 46.3318 , 46.0805 , 45.4562 , 50.4572 , 64.3925 , 52.008 , 78.3454 , 36.0897 , 62.932 , 46.7127 , 40.19 , 52.8228 , 36.0803 , 40.3735 , 58.1862 , 60.4353 , 30.9224 , 49.2293 , 52.625 , 50.3606 , 51.2405 , 49.3446 , 71.6911 , 28.5078 , 51.612 , 83.4796 , 44.0193 , 48.9736 , 48.0272 , 55.8371 , 47.6418 , 72.0077 , 62.1894 , 53.7241 , 30.4383 , 84.5652 , 27.6667 , 38.5526 , 55.3055 , 47.4467 , 65.6037 , 51.4157 , 53.8509 , 39.2742 , 34.3031 , 43.5543 , 65.2419 , 46.7094 , 67.5322 , 38.8798 , 74.7558 , 62.9153 , 39.5195 , 76.8528 , 44.7794 , 41.3237 , 40.0393 , 53.7883 , 33.5198 , 35.5801 , 56.5237 , 94.2858 , 53.3914 , 69.9653 , 54.7178 , 52.2877 , 46.2135 , 37.1517 , 53.764 , 54.4895 , 57.393 , 32.7634 , 65.9229 , 55.4954 , 64.7819 , 51.8416 , 54.9031 , 56.9941 , 70.0225 , 55.0437 , 44.6696 , 62.1057 , 101.44 , 37.2208 , 34.96 , 38.2526 , 33.3348 , 33.0374 , 60.1284 , 38.6728 , 28.0611 , 47.154 , 39.4382 , 39.4885 , 41.331 , 82.074 , 34.5804 , 53.5218 , 62.3628 , 71.3843 , 44.7713 , 81.5826 , 27.6912 , 45.0914 , 38.176 , 51.7963 , 62.8215 , 70.4844 , 43.336 , 47.6579 , 62.709 , 46.0489 , 50.6382 , 63.6839 , 36.3406 , 48.3511 , 38.8203 , 41.7043 , 122.118 , 52.4399 , 58.6009 , 48.0398 , 58.6161 , 41.3359 , 51.3595 , 48.4703 , 59.0556 , 40.2538 , 46.0393 , 39.5749 , 58.7886 , 59.557 , 55.4321 , 77.2429 , 52.7973 , 49.9564 , 66.9456 , 49.4819 , 88.9653 , 40.4623 , 64.8745 , 47.2971 , 78.8207 , 34.2284 , 67.8732 , 55.0776 , 64.0225 , 47.3907 , 56.8751 , 50.7808 , 44.5504 , 39.5396 , 41.5992 , 32.3811 , 42.2762 , 54.258 , 51.249 , 39.6375 , 58.9395 , 103.954 , 44.1637 , 40.1001 , 58.4975 , 41.6747 , 89.5844 , 36.4167 , 43.7233 , 68.3938 , 31.2832 , 40.5246 , 69.4045 , 77.4906 , 48.1159 , 54.448 , 70.2877 , 42.5531 , 46.9361 , 47.1875 , 83.8752 , 47.9716 , 57.078 , 30.7008 , 42.1724 , 33.3885 , 50.7229 , 41.1459 , 43.4276 , 60.5922 , 58.2952 , 63.4472 , 79.3215 , 54.6554 , 64.4585 , 54.9506 , 53.0597 , 43.6995 , 55.2333 , 80.8385 , 42.0809 , 79.9429 , 32.0903 , 42.4593 , 44.9441 , 36.8134 , 48.3729 , 70.1547 , 67.3124 , 37.1429 , 58.6539 , 99.696 , 53.0354 , 40.3364 , 57.0668 , 33.2392 , 74.3455 , 46.842 , 45.8544 , 62.0109 , 111.817 , 45.3393 , 36.6087 , 72.3003 , 57.8675 , 55.872 , 59.0489 , 104.859 , 32.986 , 49.304 , 36.5363 , 75.2131 , 51.8595 , 41.1327 , 89.1438 , 65.7737 , 32.2558 , 75.6744 , 39.7558 , 40.4653 , 84.5115 , 49.5971 , 45.8234 , 88.1478 , 37.0159 , 74.4712 , 79.0651 , 40.8614 , 55.2332 , 76.1575 , 55.5487 , 57.3474 , 33.7633 , 62.6024 , 59.8544 , 75.0472 , 60.4031 , 47.7026 , 60.3428 , 34.3127 , 55.0539 , 28.367 , 36.9788 , 29.3876 , 65.0238 , 55.8237 , 56.7813 , 30.6771 , 64.2316 , 67.3467 , 62.3903 , 58.9838 , 38.5465 , 39.1008 , 51.2257 , 58.0745 , 82.3622 , 49.7824 , 73.9415 , 35.569 , 50.0043 , 66.7373 , 37.0424 , 61.4971 , 49.316 , 47.1471 , 51.7551 , 33.6456 , 51.846 , 73.653 , 49.7339 , 73.9114 , 55.6221 , 54.829 , 51.7935 , 55.2111 , 47.2223 , 59.7307 , 62.2817 , 54.3676 , 43.4363 , 75.5074 , 62.9594 , 35.3505 , 54.5004 , 43.8632 , 49.8527 , 35.9157 , 50.6874 , 54.3383 , 50.8115 , 62.0248 , 49.2641 , 55.1133 , 53.3182 , 54.3691 , 67.067 , 63.1735 , 35.964 , 37.7356 , 49.7818 , 53.534 , 52.3467 , 50.7662 , 61.9332 , 42.9553 , 74.2617 , 50.3279 , 45.2315 , 72.862 , 34.5555 , 37.6822 , 56.3979 , 59.2425 , 92.7101 , 29.6989 , 59.1234 , 49.5534 , 55.7311 , 59.4691 , 52.8546 , 74.1401 , 59.3225 , 48.6993 , 85.6816 , 40.4226 , 49.997 , 73.4946 , 38.3439 , 43.2443 , 36.1984 , 51.8261 , 47.0064 , 60.9419 , 45.0588 , 33.0601 , 47.2094 , 60.0022 , 55.3028 , 64.3528 , 41.636 , 61.6556 , 79.6453 , 63.3179 , 49.2453 , 57.7474 , 40.7115 , 51.9019 , 46.5433 , 44.3131 , 59.6905 , 34.7687 , 60.1355 , 39.738 , 28.6284 , 33.9118 , 44.4562 , 52.4736 , 80.6807 , 77.0064 , 67.5188 , 38.7178 , 43.1106 , 58.7347 , 42.9502 , 42.4503 , 45.8905 , 33.0816 , 53.0763 , 41.0223 , 40.2316 , 96.0818 , 54.2386 , 60.8234 , 93.7726 , 94.1844 , 47.3377 , 69.2714 , 61.9298 , 66.9526 , 40.2278 , 54.9102 , 56.7897 , 40.3725 , 58.6647 , 61.9014 , 60.498 , 35.2274 , 34.2836 , 49.4192 , 49.6974 , 38.4456 , 47.5489 , 51.4524 , 61.5333 , 62.9345 , 67.3091 , 36.3726 , 58.6806 , 56.6564 , 74.1824 , 49.1672 , 64.2865 , 41.8948 , 63.6113 , 66.0051 , 74.4301 , 45.233 , 49.1087 , 120.678 , 65.8974 , 57.1188 , 49.3502 , 52.629 , 42.7295 , 28.872 , 57.3567 , 83.2776 , 39.116 , 53.8366 , 69.1179 , 63.5403 , 47.6893 , 70.145 , 54.0001 , 42.0522 , 36.3935 , 34.9061 , 66.9133 , 76.8888 , 35.8668 , 59.0065 , 57.4773 , 109.838 , 92.2587 , 51.8118 , 83.179 , 37.9991 , 34.4916 , 79.4812 , 42.3663 , 40.5069 , 63.2501 , 62.0581 , 50.5542 , 34.1572 , 44.8254 , 52.3379 , 48.0028 , 57.2216 , 35.9223 , 33.173 , 51.0104 , 49.4662 , 71.1556 , 72.25 , 49.6109 , 36.7099 , 29.1618 , 33.2043 , 56.5505 , 52.6479 , 60.9055 , 37.1343 , 74.1188 , 73.3709 , 33.9631 , 49.3131 , 37.3121 , 78.7587 , 63.2142 , 59.405 , 72.043 , 74.524 , 37.0541 , 47.0475 , 87.9412 , 57.4515 , 62.6428 , 47.7872 , 37.0839 , 55.7766 , 24.5061 , 76.0919 , 54.7887 , 54.3779 , 56.7843 , 63.7084 , 64.889 , 40.1815 , 82.0805 , 56.7089 , 86.9966 , 30.3889 , 31.8664 , 75.7446 , 41.8426 , 55.5492 , 74.1809 , 51.6184 , 67.2121 , 80.3377 , 72.7147 , 35.4209 , 71.5027 , 48.5739 , 63.0792 , 58.9741 , 40.121 , 56.9175 , 52.4138 , 34.2796 , 69.7442 , 41.4613 , 60.3581 , 86.9774 , 71.4659 , 46.1185 , 31.8723 , 53.5163 , 41.9239 , 98.4537 , 56.0492 , 71.9445 , 87.3298 , 25.2991 , 107.994 , 32.8806 , 48.4979 , 52.9134 , 63.4858 , 77.1252 , 55.8018 , 101.256 , 59.9769 , 66.1013 , 53.3366 , 78.5072 , 36.5042 , 39.4896 , 78.7937 , 37.2511 , 47.821 , 42.5277 , 78.8239 , 62.7825 , 87.6981 , 33.5436 , 49.3298 , 61.49 , 60.2063 , 43.8005 , 41.7959 , 38.017 , 74.4895 , 53.4158 , 69.667 , 51.8726 , 33.6097 , 36.1199 , 59.8775 , 58.7357 , 74.7719 , 50.2515 , 26.9543 , 59.5119 , 68.249 , 39.9489 , 42.4535 , 40.5916 , 46.6365 , 39.5247 , 46.0634 , 54.5887 , 59.5856 , 79.3 , 77.0132 , 79.2521 , 50.7058 , 58.3593 , 91.7335 , 92.2843 , 48.5033 , 54.582 , 54.0441 , 44.8741 , 39.8734 , 35.4792 , 53.7566 , 68.7919 , 33.1716 , 62.5972 , 40.6614 , 31.1973 , 70.5234 , 61.0589 , 58.105 , 44.6364 , 33.4157 , 76.1682 , 52.8142 , 38.2423 , 54.7787 , 55.9279 , 62.0149 , 85.8678 , 31.7019 , 71.2593 , 62.6429 , 56.5895 , 63.3375 , 42.2608 , 83.9623 ,