var1=[37.1829 , 67.9017 , 57.6783 , 60.9187 , 74.2951 , 68.912 , 62.3012 , 40.9762 , 29.941 , 66.9418 , 65.9575 , 45.6058 , 46.6323 , 87.2544 , 49.4985 , 47.3211 , 28.024 , 68.3374 , 42.1478 , 90.3016 , 54.409 , 28.5511 , 68.0034 , 48.7551 , 34.7964 , 67.5645 , 64.6209 , 54.1091 , 52.5505 , 48.8432 , 52.0724 , 42.4964 , 100.014 , 61.3449 , 36.2422 , 51.752 , 43.158 , 64.0788 , 39.7306 , 53.4478 , 62.4567 , 66.3787 , 63.5948 , 46.6101 , 75.999 , 43.3598 , 33.9867 , 41.7354 , 60.3232 , 35.9264 , 53.5855 , 57.239 , 41.293 , 50.2854 , 47.3786 , 87.7313 , 86.887 , 40.7857 , 55.1933 , 45.6311 , 39.0284 , 77.8626 , 86.8565 , 57.8084 , 81.3993 , 55.9754 , 113.342 , 41.2759 , 75.7152 , 56.7853 , 55.1976 , 44.2782 , 87.3907 , 68.5129 , 48.2781 , 27.1429 , 36.0861 , 58.2514 , 46.5391 , 82.5635 , 81.9552 , 87.0448 , 41.8079 , 68.0274 , 42.4503 , 61.2628 , 73.0549 , 74.9721 , 46.5987 , 33.1739 , 73.3894 , 44.0573 , 77.7695 , 31.3705 , 49.3661 , 80.8461 , 25.0083 , 94.8253 , 65.8196 , 71.1446 , 68.9249 , 48.0413 , 81.4254 , 102.931 , 93.5815 , 70.0959 , 37.8147 , 67.9467 , 34.9545 , 70.9884 , 99.1583 , 40.2489 , 63.4927 , 42.9911 , 74.1991 , 60.3678 , 47.9375 , 52.194 , 28.1703 , 49.6915 , 61.9124 , 36.3352 , 50.8821 , 71.6797 , 62.7148 , 66.7402 , 40.5123 , 62.1955 , 49.5691 , 39.6196 , 49.2477 , 63.3177 , 60.7673 , 86.2353 , 77.2255 , 79.6114 , 51.9189 , 47.0263 , 53.8715 , 76.0428 , 55.4969 , 55.6925 , 51.3194 , 66.3002 , 52.9819 , 53.3961 , 63.0414 , 52.9038 , 72.5936 , 35.1602 , 71.4462 , 68.2419 , 67.7107 , 57.4425 , 65.2455 , 47.3966 , 41.2729 , 38.0657 , 59.5366 , 33.7973 , 49.9571 , 54.2557 , 32.6648 , 44.3497 , 42.7211 , 73.1369 , 66.5885 , 35.2182 , 74.5085 , 41.0195 , 39.6097 , 48.4602 , 80.7709 , 101.567 , 70.096 , 63.6642 , 64.7089 , 61.3678 , 52.4256 , 72.9097 , 68.1415 , 59.5292 , 40.8753 , 41.8416 , 33.7667 , 133.246 , 54.2345 , 76.0425 , 39.7661 , 79.8265 , 46.0811 , 57.202 , 28.3045 , 66.8199 , 74.5309 , 31.1012 , 40.8715 , 93.0938 , 24.3545 , 72.8607 , 28.677 , 54.5384 , 59.8739 , 48.8912 , 43.4437 , 37.4336 , 60.3756 , 43.6676 , 55.7479 , 61.0571 , 50.763 , 38.283 , 63.5806 , 58.5528 , 29.3314 , 42.3346 , 42.9147 , 46.9988 , 82.2174 , 22.8631 , 58.2367 , 68.8812 , 68.9115 , 57.646 , 82.7228 , 81.4978 , 28.8902 , 70.4325 , 39.9077 , 45.2931 , 68.962 , 71.512 , 44.1796 , 42.0515 , 45.764 , 57.5861 , 49.5851 , 71.6734 , 64.2723 , 59.5115 , 92.8405 , 39.8675 , 76.8664 , 75.7662 , 65.5913 , 55.4951 , 34.533 , 69.1227 , 64.4456 , 58.171 , 27.0446 , 82.9881 , 64.6807 , 39.2366 , 77.5429 , 62.5765 , 44.355 , 50.8317 , 39.4099 , 47.4087 , 59.5823 , 51.7677 , 42.2558 , 36.1186 , 45.8485 , 58.1021 , 68.1792 , 42.8187 , 55.4144 , 35.9089 , 41.4333 , 41.7394 , 48.5477 , 47.4738 , 68.1243 , 60.0233 , 56.1821 , 37.6528 , 40.8663 , 35.8648 , 81.2522 , 40.3988 , 49.9881 , 52.2338 , 66.7265 , 93.6791 , 60.8337 , 69.4467 , 34.1928 , 73.7974 , 57.2561 , 55.9175 , 71.1214 , 57.6062 , 35.0797 , 44.3841 , 45.196 , 45.6714 , 38.0881 , 54.3843 , 64.0793 , 52.4383 , 45.8296 , 47.2362 , 45.6923 , 25.009 , 64.1634 , 45.5471 , 101.702 , 36.4708 , 60.4566 , 42.8268 , 61.117 , 51.1359 , 47.6623 , 66.9191 , 39.1529 , 60.4549 , 41.73 , 82.3962 , 71.8973 , 59.0633 , 61.421 , 43.1084 , 62.5463 , 85.3915 , 95.3987 , 39.2787 , 40.6082 , 48.656 , 61.9822 , 51.4312 , 53.1248 , 58.3874 , 43.3391 , 40.2353 , 69.6042 , 60.9519 , 62.9854 , 40.5795 , 58.3182 , 61.9317 , 73.3425 , 66.8989 , 36.5522 , 44.8523 , 69.5121 , 55.9401 , 55.7163 , 41.9105 , 47.9268 , 69.2932 , 38.2087 , 64.0653 , 37.0683 , 53.0273 , 52.93 , 48.7114 , 50.2996 , 38.1738 , 47.4932 , 63.1007 , 55.655 , 58.7763 , 62.0682 , 36.6127 , 45.3345 , 53.0843 , 55.2525 , 46.682 , 74.2183 , 52.9838 , 67.3069 , 87.2574 , 51.1066 , 85.2238 , 32.1443 , 38.9398 , 65.6523 , 63.3144 , 66.6095 , 46.9099 , 46.5109 , 47.4643 , 42.9611 , 49.4454 , 75.4074 , 46.6217 , 46.9423 , 60.2718 , 80.1573 , 71.7685 , 53.6812 , 46.312 , 32.0647 , 39.4345 , 109.392 , 49.8499 , 60.2047 , 73.0164 , 44.042 , 77.9411 , 30.6079 , 61.9792 , 58.2231 , 47.4375 , 57.9483 , 56.8149 , 37.4184 , 76.5228 , 43.9025 , 40.6249 , 43.294 , 54.7376 , 60.0985 , 44.6642 , 64.6254 , 44.4106 , 113.06 , 60.1781 , 38.1299 , 97.2941 , 50.5489 , 53.6354 , 64.6487 , 32.1053 , 32.0572 , 47.4535 , 32.57 , 33.3514 , 50.9329 , 51.9066 , 43.1028 , 35.4697 , 66.6879 , 63.2402 , 56.1041 , 90.5202 , 59.2571 , 73.1139 , 43.301 , 63.4931 , 47.1278 , 37.3547 , 61.5822 , 49.2951 , 42.6784 , 67.6914 , 25.3335 , 54.0777 , 59.5428 , 72.0448 , 68.8748 , 35.2061 , 60.0895 , 51.1789 , 40.9739 , 44.0829 , 60.474 , 79.295 , 58.3155 , 45.6427 , 75.1249 , 76.8182 , 34.6343 , 64.6259 , 75.9133 , 26.5717 , 71.8975 , 78.7 , 55.9291 , 22.6041 , 69.424 , 75.1796 , 63.2195 , 38.4391 , 40.5214 , 46.3574 , 45.8641 , 85.7176 , 23.1094 , 55.9601 , 46.3067 , 43.5372 , 75.1816 , 40.1765 , 44.1553 , 32.4271 , 63.8139 , 55.9752 , 90.5568 , 95.4406 , 72.9054 , 51.8472 , 32.0408 , 42.9086 , 69.0715 , 56.482 , 43.6342 , 75.7132 , 61.0638 , 53.3274 , 79.1925 , 44.5256 , 40.2869 , 30.1612 , 57.99 , 51.8339 , 46.0774 , 48.3787 , 57.2215 , 81.0598 , 56.4521 , 75.2536 , 83.0941 , 36.5082 , 111.083 , 41.9098 , 56.3528 , 57.3827 , 58.0307 , 41.9967 , 64.235 , 75.5035 , 61.6991 , 51.5762 , 40.9107 , 31.7386 , 67.8862 , 45.0329 , 59.0736 , 63.4776 , 83.6026 , 98.0069 , 44.5928 , 44.1378 , 91.9157 , 49.5461 , 81.7215 , 69.9043 , 54.3466 , 24.9352 , 53.8608 , 42.77 , 30.7077 , 63.4872 , 26.3019 , 45.722 , 70.1723 , 55.4623 , 61.9071 , 67.4456 , 58.2839 , 43.2746 , 81.1429 , 50.173 , 60.7389 , 64.0202 , 68.4914 , 24.8901 , 43.4912 , 68.6182 , 30.806 , 25.1375 , 38.9571 , 37.5437 , 80.2975 , 60.9695 , 58.3529 , 46.0046 , 41.9025 , 71.7192 , 60.0569 , 37.75 , 69.2133 , 46.3303 , 60.4845 , 70.8557 , 56.4882 , 50.1283 , 54.4968 , 62.412 , 84.4227 , 34.3083 , 42.0135 , 40.9627 , 66.5691 , 29.6224 , 55.162 , 42.7048 , 62.8964 , 108.688 , 50.9787 , 52.034 , 29.7092 , 61.7747 , 55.2586 , 47.7691 , 55.0754 , 79.1241 , 70.0723 , 70.7049 , 82.0313 , 60.7934 , 67.6619 , 61.7306 , 39.8112 , 54.5126 , 48.2476 , 41.4756 , 46.1883 , 21.6376 , 70.3551 , 38.9695 , 77.4742 , 46.5415 , 56.5117 , 60.9881 , 25.1066 , 35.5247 , 35.162 , 55.7939 , 92.5765 , 62.4792 , 52.9591 , 49.8062 , 71.0561 , 83.5714 , 45.4367 , 80.8251 , 48.3397 , 59.5884 , 47.8048 , 45.0719 , 63.7914 , 83.7967 , 41.7732 , 88.5835 , 85.7388 , 62.7404 , 52.2358 , 40.4972 , 32.1241 , 75.7839 , 66.6654 , 46.0765 , 35.2635 , 49.7262 , 58.2406 , 60.1733 , 60.5064 , 48.5498 , 54.1263 , 60.4484 , 49.0907 , 85.8618 , 46.6118 , 51.3181 , 58.4477 , 39.5381 , 43.1826 , 70.1661 , 64.1385 , 36.3115 , 61.1904 , 37.4853 , 52.2155 , 40.6468 , 65.6602 , 43.6049 , 36.6956 , 35.5434 , 49.966 , 62.0926 , 50.97 , 71.7117 , 55.6652 , 47.1468 , 54.6553 , 65.0081 , 34.842 , 50.7238 , 83.7822 , 86.8213 , 52.9658 , 84.5014 , 46.9177 , 83.779 , 71.3132 , 42.1488 , 54.7209 , 28.9851 , 70.8074 , 100.098 , 55.3388 , 41.7798 , 38.671 , 93.5894 , 77.078 , 39.6903 , 93.8848 , 49.0892 , 65.2021 , 53.5054 , 61.3382 , 59.1158 , 49.7808 , 48.7526 , 63.7968 , 67.5453 , 74.4309 , 82.4395 , 52.2194 , 36.1013 , 54.7957 , 42.0478 , 79.1503 , 61.7986 , 53.4819 , 89.6192 , 50.3358 , 91.8652 , 39.7315 , 39.6038 , 59.5188 , 43.6779 , 114.579 , 56.9956 , 41.8492 , 61.8335 , 95.8253 , 40.8839 , 76.8588 , 61.5159 , 61.711 , 48.5506 , 71.7127 , 51.0647 , 64.4626 , 61.5353 , 95.6509 , 50.0437 , 103.513 , 70.107 , 41.686 , 41.2734 , 33.1005 , 81.7598 , 44.7061 , 65.7254 , 41.037 , 90.6841 , 67.6185 , 46.2106 , 53.1148 , 68.957 , 48.4992 , 86.2532 , 129.695 , 53.9043 , 35.7498 , 91.444 , 97.6281 , 72.1777 , 57.9522 , 54.9038 , 57.2487 , 71.8108 , 36.7936 , 59.9165 , 87.4245 , 64.9534 , 85.0553 , 76.2262 , 93.8022 , 48.8661 , 66.0359 , 38.8882 , 54.5018 , 90.3232 , 43.9106 , 39.6506 , 49.4235 , 74.1987 , 92.4767 , 46.0991 , 47.9202 , 67.9533 , 30.3432 , 73.4547 , 51.3459 , 78.8219 , 20.8875 , 48.1787 , 57.6277 , 46.9092 , 49.5706 , 73.3462 , 53.3105 , 50.7038 , 48.5603 , 79.6542 , 61.0833 , 71.9425 , 60.2615 , 48.9753 , 49.6683 ,