var1=[41.0093 , 83.281 , 49.0886 , 113.933 , 85.2762 , 53.788 , 69.8319 , 50.0471 , 52.8837 , 63.8319 , 32.3332 , 36.1083 , 80.7065 , 79.9518 , 27.0251 , 73.5652 , 62.4685 , 78.9489 , 94.9903 , 56.1456 , 118.76 , 51.4179 , 44.2493 , 62.8549 , 73.3455 , 97.8409 , 62.3731 , 45.2716 , 40.164 , 35.8163 , 48.206 , 57.914 , 88.6553 , 46.3476 , 63.9834 , 31.6835 , 89.468 , 86.0457 , 17.5983 , 49.9041 , 45.9598 , 55.6926 , 65.8476 , 73.9066 , 64.6106 , 84.6652 , 55.5475 , 54.6437 , 51.4968 , 51.5351 , 45.4771 , 54.6025 , 74.1308 , 43.5325 , 53.8988 , 55.5586 , 45.1393 , 48.3806 , 70.7936 , 63.0114 , 118.323 , 81.9968 , 41.8476 , 31.5382 , 41.327 , 68.3135 , 52.4772 , 50.57 , 55.4849 , 110.596 , 52.9635 , 66.5317 , 49.0144 , 64.4348 , 48.0804 , 67.0268 , 84.1417 , 42.6682 , 41.1386 , 94.1625 , 89.9623 , 70.2469 , 64.7405 , 90.8992 , 61.156 , 42.6801 , 40.7889 , 31.1747 , 78.0056 , 34.9812 , 118.811 , 41.4138 , 52.573 , 58.3101 , 45.6976 , 77.0374 , 46.5457 , 39.0058 , 76.0313 , 51.3239 , 17.8041 , 55.6719 , 47.5529 , 39.3265 , 66.5015 , 55.5765 , 61.4034 , 74.8549 , 100.917 , 50.0162 , 56.5108 , 63.7966 , 40.7425 , 57.8799 , 63.5465 , 34.9982 , 52.8984 , 51.0576 , 61.8757 , 47.0297 , 47.4492 , 49.2376 , 53.2599 , 69.301 , 83.9788 , 49.887 , 136.584 , 53.8608 , 66.6383 , 52.2936 , 40.6502 , 37.8424 , 43.8771 , 73.3103 , 56.3919 , 58.2707 , 70.742 , 78.603 , 13.8621 , 53.169 , 122.804 , 39.0754 , 43.4768 , 40.9044 , 74.7675 , 64.8613 , 87.5385 , 46.1057 , 59.7948 , 59.3311 , 117.957 , 74.2755 , 54.2935 , 65.81 , 53.0156 , 82.0367 , 50.6833 , 50.5199 , 55.8366 , 69.2122 , 62.9445 , 88.9704 , 76.2902 , 77.9656 , 49.2988 , 43.9178 , 49.7259 , 50.539 , 42.8967 , 91.8811 , 58.3459 , 83.5026 , 41.0072 , 123.906 , 50.2725 , 89.6307 , 69.8064 , 33.3369 , 51.1378 , 123.82 , 51.8578 , 62.2737 , 42.8784 , 69.1095 , 43.9474 , 57.9123 , 55.6123 , 61.5439 , 59.8903 , 56.3666 , 40.2593 , 51.7046 , 129.556 , 48.3727 , 52.1444 , 46.7576 , 67.8927 , 45.9708 , 100.401 , 71.4105 , 57.6471 , 93.8009 , 84.3306 , 59.7007 , 117.766 , 71.6375 , 38.1226 , 55.6805 , 55.7349 , 33.6054 , 63.5689 , 57.6676 , 40.7596 , 43.0509 , 53.0105 , 91.0536 , 72.5537 , 52.6466 , 70.8723 , 54.0875 , 67.0377 , 68.3315 , 63.8062 , 82.0792 , 61.0271 , 54.0569 , 54.629 , 59.3056 , 49.0863 , 96.2412 , 63.3639 , 40.1521 , 73.7312 , 100.919 , 56.2735 , 45.8134 , 35.8331 , 71.3697 , 44.7446 , 77.9966 , 105.965 , 46.9862 , 68.5994 , 63.4916 , 46.4206 , 84.2321 , 56.1181 , 65.6781 , 64.4113 , 69.3595 , 49.7608 , 73.2076 , 62.2358 , 67.6709 , 53.46 , 46.4259 , 52.9063 , 55.8184 , 65.1454 , 52.5755 , 53.9108 , 19.1258 , 62.9457 , 40.4239 , 70.2891 , 69.6761 , 44.5446 , 83.032 , 77.2229 , 58.0853 , 72.6212 , 38.8525 , 77.5244 , 67.7613 , 66.9737 , 92.826 , 45.8269 , 42.2789 , 52.4781 , 24.5258 , 42.671 , 57.1314 , 37.398 , 65.6197 , 68.9873 , 70.7579 , 42.9343 , 42.9425 , 73.4092 , 51.5717 , 61.6788 , 40.1964 , 43.3786 , 69.5276 , 82.9758 , 86.6672 , 58.2571 , 72.6614 , 49.392 , 41.1005 , 74.2826 , 44.3028 , 65.7324 , 67.7599 , 62.7836 , 45.2064 , 106.36 , 69.3972 , 45.6013 , 64.386 , 72.9863 , 39.2656 , 48.5368 , 64.1077 , 48.3497 , 45.2763 , 72.6923 , 81.9358 , 62.5264 , 92.684 , 58.9096 , 58.2138 , 65.1662 , 63.0664 , 56.9715 , 55.3056 , 75.1951 , 31.7725 , 50.653 , 60.4328 , 71.7742 , 113.672 , 50.958 , 59.2875 , 28.736 , 54.9736 , 50.4548 , 85.4677 , 51.1911 , 65.6161 , 71.3126 , 84.6651 , 63.3285 , 45.429 , 79.3468 , 39.0965 , 42.5746 , 57.5476 , 68.8094 , 74.3784 , 50.1759 , 51.5933 , 43.6403 , 46.6497 , 38.8579 , 62.4785 , 63.0411 , 42.9091 , 103.275 , 48.8058 , 62.068 , 111.227 , 76.5437 , 85.7635 , 64.9366 , 80.8787 , 53.6726 , 57.9219 , 53.1982 , 48.1573 , 95.106 , 79.3311 , 91.1008 , 60.3055 , 85.7745 , 42.5015 , 55.7661 , 67.2544 , 67.2472 , 39.0883 , 80.9235 , 75.6712 , 88.6361 , 70.5036 , 56.5179 , 40.3728 , 50.9151 , 82.8205 , 90.4723 , 59.0098 , 47.8586 , 82.2785 , 82.6458 , 55.6702 , 61.7809 , 60.2664 , 49.0872 , 41.8448 , 106.365 , 72.1175 , 59.6569 , 29.4837 , 76.68 , 15.5812 , 86.7802 , 65.2904 , 77.7947 , 40.133 , 50.807 , 84.4503 , 59.2404 , 78.3488 , 98.6362 , 82.8538 , 75.5537 , 46.81 , 53.0746 , 99.6779 , 60.4007 , 57.9795 , 56.1962 , 38.9519 , 56.5493 , 76.5768 , 37.8547 , 54.3715 , 64.973 , 39.8346 , 60.7114 , 60.1446 , 46.4196 , 65.4723 , 85.221 , 59.0417 , 67.0635 , 56.1749 , 73.4081 , 50.4247 , 46.7707 , 45.3846 , 46.737 , 56.8753 , 40.0561 , 101.63 , 48.7703 , 47.9697 , 70.7516 , 119.493 , 72.8571 , 53.4458 , 51.723 , 81.665 , 73.2368 , 68.2748 , 71.5061 , 61.7534 , 52.3446 , 73.3202 , 49.628 , 83.4701 , 92.15 , 79.6583 , 31.6145 , 51.6516 , 42.7666 , 52.616 , 71.5729 , 60.1486 , 58.6257 , 52.1701 , 66.4448 , 53.7525 , 77.7311 , 77.5752 , 41.4403 , 59.719 , 64.8968 , 28.8213 , 74.6067 , 41.1057 , 53.4798 , 77.6859 , 60.399 , 59.2482 , 86.0398 , 68.2829 , 77.7601 , 67.4222 , 46.31 , 59.4114 , 38.3104 , 88.4004 , 83.8955 , 88.3935 , 90.4771 , 27.8832 , 48.8884 , 78.9465 , 68.4232 , 77.5248 , 61.2168 , 34.68 , 57.2066 , 55.7006 , 72.7116 , 83.391 , 77.2754 , 77.4019 , 33.7426 , 57.7152 , 29.3053 , 69.4838 , 55.1892 , 67.2944 , 54.5276 , 76.8901 , 75.0653 , 83.1925 , 21.8141 , 53.1639 , 86.6973 , 33.2801 , 84.0879 , 71.0732 , 80.1336 , 48.0393 , 55.9086 , 52.3089 , 101.252 , 49.1428 , 66.2228 , 56.5442 , 62.2857 , 36.1832 , 33.6925 , 76.4169 , 49.2678 , 83.9462 , 66.5091 , 49.409 , 63.6751 , 74.8515 , 90.421 , 77.4893 , 33.258 , 26.9448 , 59.3365 , 63.0782 , 63.6708 , 82.3118 , 87.6477 , 40.9172 , 71.5924 , 83.3665 , 74.5922 , 52.5379 , 70.955 , 78.4906 , 64.7553 , 38.2894 , 40.7076 , 46.8295 , 78.2406 , 38.0187 , 35.1133 , 65.8895 , 65.9792 , 44.352 , 44.7764 , 61.8912 , 64.9137 , 45.1072 , 26.638 , 96.2388 , 54.3844 , 43.4163 , 143.416 , 65.0052 , 65.1711 , 76.0778 , 114.265 , 64.0411 , 96.5573 , 49.9317 , 43.3423 , 50.9268 , 50.1267 , 68.5891 , 103.566 , 61.3427 , 68.4804 , 82.3109 , 70.285 , 81.5016 , 71.8418 , 102.717 , 107.71 , 68.4697 , 69.8661 , 27.1741 , 42.9814 , 62.86 , 55.4744 , 29.4208 , 71.0811 , 49.5247 , 50.8969 , 69.2873 , 57.891 , 62.1798 , 66.2321 , 58.1703 , 72.0129 , 54.7046 , 38.7877 , 70.3106 , 39.0244 , 65.4007 , 78.4531 , 81.5061 , 67.5985 , 33.0451 , 63.0562 , 74.7435 , 61.6375 , 106.081 , 27.3387 , 54.9495 , 94.259 , 57.9297 , 60.9498 , 28.2656 , 32.3526 , 48.1514 , 56.6504 , 88.9922 , 57.1728 , 66.1515 , 97.1327 , 62.4406 , 65.5127 , 65.7308 , 104.939 , 28.5225 , 57.1845 , 69.8389 , 67.5303 , 66.6862 , 83.2845 , 46.6897 , 66.2764 , 73.7449 , 41.9006 , 43.2924 , 62.7134 , 77.7858 , 37.1426 , 120.953 , 70.4481 , 52.7206 , 60.4324 , 74.8055 , 45.6325 , 57.1885 , 49.1319 , 36.8624 , 88.1634 , 53.2077 , 37.6556 , 74.3497 , 52.4351 , 92.2638 , 45.4599 , 63.1948 , 57.3083 , 33.0037 , 74.6012 , 83.0483 , 63.9721 , 39.2864 , 32.7945 , 51.9152 , 43.0677 , 59.6404 , 53.6315 , 74.79 , 50.68 , 75.2271 , 49.3772 , 66.5813 , 53.1271 , 74.0074 , 51.2688 , 46.7998 , 42.26 , 110.359 , 53.4695 , 65.8665 , 60.1425 , 42.3823 , 42.4872 , 38.9395 , 76.9449 , 74.8687 , 82.1879 , 35.0789 , 52.3954 , 61.7774 , 78.7982 , 70.9272 , 68.3713 , 67.5288 , 90.6717 , 35.8979 , 90.232 , 57.0035 , 87.9396 , 61.4115 , 60.2385 , 64.5238 , 43.4248 , 55.3447 , 62.2252 , 45.1266 , 50.0831 , 110.112 , 90.1815 , 30.1647 , 91.8105 , 81.5224 , 48.0531 , 47.6993 , 136.947 , 38.7765 , 50.7601 , 72.0623 , 65.2752 , 49.8065 , 90.8332 , 64.7314 , 38.5122 , 38.6659 , 80.691 , 65.4509 , 64.5776 , 62.2134 , 75.5076 , 78.7374 , 65.4217 , 130.294 , 52.2869 , 44.7581 , 35.9248 , 47.0764 , 59.6335 , 86.7178 , 76.5941 , 64.6546 , 116.147 , 77.5724 , 102.455 , 50.3293 , 50.3426 , 93.3617 , 56.7828 , 37.6584 , 63.6318 , 41.6844 , 54.3294 , 75.7286 , 47.3021 , 62.7808 , 78.8752 , 62.794 , 87.2671 , 100.737 , 59.2656 , 110.845 , 70.781 , 70.2172 , 115.399 , 58.3186 , 36.116 , 69.0911 , 68.5172 , 30.7429 , 52.8994 , 52.5059 , 30.8211 , 94.6846 , 61.2839 , 48.2999 , 35.4262 , 88.1299 , 84.2203 , 82.3134 , 64.6791 , 57.1016 , 50.6629 , 61.2467 , 57.4369 , 41.9461 , 42.7765 , 51.7081 , 65.7859 , 102.607 , 45.2666 , 38.8984 