var1=[35.6113 , 67.8672 , 54.4682 , 60.2485 , 54.4418 , 62.0937 , 37.1416 , 44.4369 , 33.7319 , 63.0795 , 62.049 , 40.158 , 112.824 , 62.9298 , 54.5727 , 39.6475 , 75.7899 , 84.0482 , 59.5862 , 71.9788 , 70.2467 , 46.9979 , 51.9831 , 55.6197 , 51.8038 , 128.495 , 51.3406 , 50.852 , 30.5971 , 18.9692 , 83.0253 , 95.9696 , 64.5111 , 64.3789 , 52.3853 , 56.7861 , 39.0098 , 76.0249 , 38.4381 , 41.0754 , 121.103 , 53.3669 , 77.3277 , 53.4854 , 65.0666 , 67.6347 , 92.4762 , 69.0267 , 46.7908 , 62.7903 , 70.1962 , 59.6958 , 43.8947 , 61.2642 , 45.8955 , 62.2069 , 45.6696 , 36.2228 , 39.7513 , 59.7208 , 37.8398 , 45.1142 , 43.8646 , 40.438 , 51.5428 , 52.4823 , 48.8297 , 45.6868 , 59.139 , 50.0754 , 57.7439 , 89.753 , 41.9612 , 32.0996 , 75.397 , 43.7313 , 86.8378 , 44.5919 , 53.9263 , 78.171 , 71.8757 , 44.1796 , 78.5552 , 52.4502 , 96.5961 , 47.9057 , 67.0317 , 77.5168 , 45.6505 , 40.4602 , 63.5263 , 61.7541 , 54.3501 , 40.8223 , 64.1876 , 65.2957 , 85.7705 , 48.8659 , 50.1837 , 78.3168 , 41.637 , 39.7677 , 54.4683 , 25.1241 , 83.7495 , 77.4775 , 34.3682 , 48.6283 , 59.1066 , 66.3703 , 69.7878 , 35.8825 , 65.6614 , 20.9101 , 51.7503 , 41.3445 , 55.6039 , 49.3795 , 70.3919 , 26.5983 , 49.9019 , 62.5511 , 79.4371 , 43.0399 , 61.819 , 89.4198 , 72.4643 , 30.4272 , 33.8375 , 79.5013 , 40.1886 , 37.3418 , 48.0184 , 74.7164 , 65.8653 , 55.7056 , 69.4665 , 58.8582 , 60.8791 , 52.9893 , 79.4212 , 29.1294 , 70.5647 , 45.2929 , 49.4177 , 32.7406 , 58.2846 , 72.2152 , 61.4326 , 74.4685 , 55.617 , 57.1005 , 64.1202 , 50.8417 , 63.7069 , 73.3898 , 63.2088 , 64.9475 , 49.6917 , 47.3316 , 36.7664 , 44.2886 , 37.4703 , 109.082 , 44.5053 , 34.7952 , 49.9671 , 106.663 , 41.2001 , 75.7703 , 95.6813 , 63.0584 , 47.6772 , 71.2155 , 78.374 , 67.1341 , 59.6139 , 53.7222 , 46.7357 , 40.0281 , 60.826 , 59.0287 , 70.8097 , 68.7238 , 37.4737 , 55.8281 , 53.2848 , 81.5331 , 45.5683 , 54.4082 , 45.797 , 33.6614 , 93.9365 , 53.3455 , 81.7382 , 81.1101 , 58.4476 , 42.4531 , 46.6154 , 47.8092 , 59.5669 , 52.172 , 51.547 , 42.0007 , 68.4964 , 42.4736 , 54.3705 , 40.6418 , 41.3747 , 47.3781 , 78.8914 , 54.3128 , 59.2105 , 58.9456 , 25.9957 , 41.0621 , 71.1976 , 23.4665 , 40.7008 , 66.006 , 64.2492 , 37.4742 , 72.0581 , 53.5401 , 60.6875 , 55.4125 , 82.6391 , 40.8039 , 49.9879 , 70.3456 , 70.6434 , 66.5015 , 55.8894 , 76.9469 , 85.0193 , 65.2419 , 68.9078 , 56.8342 , 74.8301 , 88.0856 , 73.7889 , 43.5514 , 44.0139 , 40.6614 , 92.6532 , 57.3768 , 50.7854 , 45.0384 , 32.1949 , 53.6376 , 48.1937 , 83.2027 , 62.2919 , 50.2813 , 81.7315 , 51.2842 , 77.9345 , 74.7755 , 54.2136 , 75.0461 , 67.1476 , 70.9817 , 33.1572 , 71.9811 , 54.7402 , 59.4462 , 82.078 , 53.3263 , 49.7478 , 51.7089 , 56.8637 , 64.1848 , 50.5233 , 75.3222 , 62.9395 , 72.8835 , 41.2002 , 66.2587 , 42.7601 , 64.5302 , 59.8358 , 62.5913 , 59.1588 , 56.0726 , 32.5589 , 83.5577 , 85.4162 , 53.8795 , 68.4157 , 59.0433 , 68.1816 , 33.4259 , 52.6067 , 72.0283 , 104.834 , 94.0506 , 40.374 , 47.2997 , 34.1952 , 73.654 , 75.4413 , 82.8054 , 32.3833 , 65.8449 , 57.983 , 44.4604 , 47.1861 , 69.2455 , 69.7045 , 46.9419 , 49.6864 , 54.2442 , 53.5082 , 51.2786 , 74.6407 , 71.5693 , 45.4645 , 68.6521 , 41.0762 , 86.1273 , 58.6546 , 75.544 , 56.0261 , 89.1295 , 53.1549 , 90.6265 , 48.6536 , 41.0641 , 28.6859 , 79.5097 , 56.6985 , 45.2936 , 87.6041 , 45.8462 , 34.6688 , 37.3497 , 49.3094 , 54.1959 , 55.9041 , 46.5607 , 46.3811 , 54.7624 , 40.2313 , 43.5445 , 53.0944 , 33.9478 , 45.0972 , 61.9679 , 68.9639 , 62.3504 , 42.9194 , 45.4723 , 69.9364 , 73.802 , 48.124 , 77.9622 , 89.909 , 51.2181 , 45.2823 , 56.0319 , 47.8698 , 62.2413 , 88.3646 , 45.7013 , 57.7259 , 82.5638 , 53.0311 , 43.0558 , 60.5499 , 88.1461 , 96.3196 , 52.8226 , 79.332 , 84.8629 , 92.0055 , 43.0797 , 53.8114 , 41.0614 , 60.2632 , 54.1256 , 84.2095 , 41.4033 , 35.9232 , 49.3982 , 45.0748 , 69.937 , 54.7935 , 44.8446 , 50.8379 , 66.0403 , 42.3528 , 25.9537 , 53.0044 , 70.3063 , 94.0057 , 75.2902 , 65.5775 , 52.4931 , 59.3822 , 41.4777 , 46.9683 , 49.1624 , 102.351 , 59.6028 , 86.1948 , 50.5517 , 65.1048 , 37.4019 , 43.3092 , 93.7537 , 46.956 , 52.5206 , 26.5218 , 130.479 , 106.885 , 44.6277 , 50.4277 , 55.637 , 48.8178 , 52.8983 , 68.5354 , 70.5256 , 56.4981 , 113.731 , 52.1296 , 54.2581 , 44.0937 , 38.94 , 40.1502 , 56.9584 , 45.7345 , 39.0569 , 47.8948 , 45.3149 , 93.7019 , 95.3876 , 51.4659 , 48.5535 , 51.2698 , 63.2859 , 42.047 , 62.3651 , 46.6206 , 42.783 , 54.3042 , 51.3474 , 31.7383 , 76.2826 , 49.4278 , 57.2442 , 61.8753 , 56.1576 , 60.2113 , 51.0213 , 99.5976 , 47.8311 , 45.7574 , 26.4648 , 117.25 , 77.0383 , 81.0001 , 54.4036 , 48.0362 , 33.5685 , 50.2708 , 53.3498 , 62.9863 , 19.158 , 52.7273 , 69.1513 , 59.7028 , 44.1629 , 81.2592 , 98.713 , 43.7875 , 50.9623 , 60.8316 , 63.1787 , 32.2881 , 44.5007 , 34.3353 , 43.1564 , 64.6707 , 56.2527 , 61.0426 , 38.5261 , 82.6759 , 62.7584 , 65.5842 , 48.0466 , 58.1295 , 60.0193 , 74.1604 , 39.3028 , 63.4564 , 77.8861 , 54.9481 , 45.3656 , 64.9885 , 56.4552 , 72.5472 , 114.464 , 21.3621 , 46.8793 , 66.5859 , 36.5424 , 77.6365 , 44.8241 , 66.2281 , 77.1068 , 50.8658 , 80.8185 , 47.5411 , 42.4904 , 57.4608 , 50.9145 , 75.2113 , 67.4757 , 56.2676 , 44.354 , 42.1525 , 48.6452 , 41.3242 , 62.9841 , 43.7013 , 23.8801 , 60.2028 , 38.9885 , 98.2014 , 105.617 , 34.992 , 45.6842 , 97.3877 , 73.2484 , 64.4786 , 64.9546 , 68.5961 , 57.8915 , 44.4046 , 53.4828 , 65.178 , 56.5698 , 37.3757 , 47.6568 , 53.866 , 51.091 , 41.3227 , 51.8626 , 56.6652 , 40.7858 , 89.1058 , 74.122 , 62.3174 , 50.7968 , 76.2219 , 61.4855 , 64.6789 , 57.9184 , 39.1982 , 47.9999 , 87.4407 , 45.6533 , 53.0362 , 47.645 , 90.3763 , 51.798 , 85.6648 , 72.8776 , 55.8265 , 69.3492 , 81.1614 , 64.3073 , 32.2151 , 57.0192 , 54.7792 , 78.4967 , 65.1261 , 28.9109 , 26.4525 , 49.8321 , 41.4347 , 76.2472 , 36.9212 , 82.2332 , 79.9247 , 34.746 , 35.1913 , 67.1714 , 81.4521 , 53.5125 , 86.1923 , 31.1217 , 16.8526 , 52.3625 , 53.3306 , 92.1039 , 46.9708 , 103.567 , 83.6165 , 57.6659 , 55.4375 , 55.8693 , 59.8938 , 73.2012 , 106.777 , 60.2244 , 75.5554 , 45.7001 , 87.7148 , 55.119 , 41.4438 , 53.4088 , 91.6533 , 29.922 , 46.6082 , 58.621 , 64.1884 , 54.3125 , 52.0194 , 50.8795 , 56.986 , 72.4035 , 75.6325 , 36.3363 , 52.1462 , 45.1873 , 89.6245 , 67.7138 , 47.7763 , 41.6642 , 77.9911 , 35.3093 , 40.291 , 36.4883 , 77.744 , 46.3513 , 41.5574 , 88.7335 , 46.1747 , 70.255 , 45.185 , 49.5042 , 32.9481 , 71.5944 , 106.81 , 53.7879 , 48.0089 , 66.7975 , 86.3028 , 53.6582 , 58.5524 , 45.9859 , 67.2058 , 59.6297 , 66.2385 , 42.7048 , 54.5162 , 82.2751 , 84.879 , 57.698 , 54.0195 , 81.098 , 87.5898 , 69.0757 , 65.2376 , 37.8615 , 47.6089 , 87.5454 , 56.2021 , 30.1691 , 46.11 , 74.7457 , 48.7446 , 37.2281 , 41.9843 , 73.5499 , 53.2677 , 67.8842 , 52.7422 , 66.2968 , 46.9911 , 52.6624 , 67.2814 , 44.5164 , 60.3727 , 41.318 , 48.8475 , 71.9931 , 92.3972 , 47.7784 , 34.4269 , 65.5213 , 64.3014 , 88.2363 , 115.862 , 34.651 , 58.3519 , 74.148 , 31.1556 , 58.6319 , 41.8714 , 42.4727 , 80.8057 , 57.4174 , 67.4908 , 64.5397 , 44.501 , 41.6886 , 78.5364 , 91.3193 , 66.3757 , 61.9609 , 38.4924 , 60.4403 , 76.0193 , 34.2956 , 75.4078 , 70.4863 , 48.7764 , 57.1866 , 56.4197 , 68.2769 , 93.6882 , 54.9561 , 92.052 , 66.1047 , 50.9994 , 57.1546 , 63.9338 , 66.617 , 66.6517 , 55.5941 , 62.1673 , 77.3275 , 105.325 , 34.9926 , 71.1851 , 54.0145 , 58.1474 , 88.4319 , 44.4213 , 92.2375 , 130.517 , 36.4719 , 62.8681 , 69.9849 , 76.6447 , 70.2605 , 54.3576 , 79.568 , 77.3905 , 60.5231 , 106.773 , 60.3465 , 27.3158 , 34.699 , 76.3216 , 48.117 , 48.3304 , 49.9553 , 81.41 , 84.3382 , 58.1807 , 63.9854 , 38.9103 , 43.4547 , 82.5786 , 64.0556 , 66.2231 , 103.628 , 50.7438 , 49.6696 , 83.7467 , 38.6718 , 66.5134 , 88.2474 , 46.0361 , 49.148 , 56.3731 , 50.7345 , 92.7919 , 25.975 , 70.2706 , 51.182 , 138.348 , 56.5796 , 40.9191 , 39.4386 , 48.6325 , 42.8062 , 43.27 , 36.1315 , 63.0443 , 44.3078 , 68.4071 , 62.4927 , 39.3578 , 75.6133 , 40.7996 , 71.1428 , 103.201 , 82.0254 , 32.5546 , 44.3392 , 46.429 , 56.1684 , 61.1617 , 