var1=[31.8463 , 77.7196 , 32.6286 , 32.514 , 35.3322 , 47.9218 , 73.1336 , 46.2507 , 67.0436 , 37.0393 , 89.2995 , 48.9083 , 54.015 , 86.6983 , 40.5486 , 51.1727 , 40.9436 , 50.2983 , 89.0428 , 52.7017 , 46.7109 , 28.7723 , 81.3761 , 46.7906 , 34.0205 , 70.7377 , 54.973 , 33.2168 , 47.123 , 71.583 , 49.2206 , 54.5088 , 97.5494 , 45.8078 , 39.1433 , 35.6233 , 41.9688 , 105.643 , 53.2035 , 104.171 , 79.7033 , 59.7299 , 47.6075 , 107.053 , 44.5653 , 51.9466 , 36.9945 , 37.4165 , 69.8743 , 44.5806 , 48.3233 , 33.8354 , 36.9477 , 35.2985 , 33.3522 , 50.0367 , 91.7662 , 32.6216 , 60.9206 , 41.7555 , 52.0774 , 46.9605 , 54.1356 , 65.8583 , 44.301 , 41.7314 , 59.7532 , 74.2014 , 36.7162 , 42.1862 , 48.5771 , 43.6415 , 70.6742 , 87.9028 , 42.4965 , 56.0717 , 98.2149 , 57.5374 , 53.8777 , 80.9048 , 68.1548 , 76.6221 , 55.3781 , 72.2497 , 65.5976 , 47.2839 , 78.6228 , 53.2227 , 53.2773 , 43.4047 , 53.2717 , 59.1436 , 59.1667 , 69.5246 , 66.5055 , 42.6187 , 66.4588 , 31.3775 , 83.2595 , 56.0653 , 97.4589 , 45.3465 , 68.4377 , 57.4049 , 48.9353 , 75.1288 , 46.0015 , 49.4631 , 68.0154 , 44.9235 , 65.0641 , 80.248 , 28.3265 , 34.8258 , 41.2958 , 60.6534 , 55.023 , 64.9103 , 33.9949 , 53.358 , 67.1602 , 42.2944 , 34.8639 , 56.9809 , 44.6156 , 30.1121 , 57.0516 , 43.4673 , 50.7865 , 48.0899 , 32.8117 , 70.8651 , 56.6035 , 63.5243 , 60.4666 , 69.413 , 74.0746 , 74.6865 , 51.4759 , 69.3309 , 48.5034 , 60.3294 , 50.6186 , 86.4552 , 36.1914 , 50.2541 , 59.9432 , 29.5705 , 52.1857 , 39.1221 , 86.6676 , 49.3372 , 76.3545 , 46.6365 , 68.426 , 72.3521 , 72.9479 , 90.1599 , 69.884 , 47.5616 , 39.1908 , 60.8857 , 27.4168 , 83.5026 , 62.2008 , 33.9023 , 61.7217 , 86.2994 , 56.6386 , 74.529 , 40.6772 , 87.943 , 29.7091 , 68.543 , 43.8041 , 45.2028 , 42.3318 , 48.0409 , 32.3949 , 41.6408 , 71.4697 , 36.4278 , 40.8555 , 34.1949 , 60.3867 , 115.986 , 51.7012 , 47.4413 , 86.325 , 58.1737 , 46.9587 , 50.0005 , 58.5704 , 46.4734 , 37.1526 , 32.9152 , 40.2353 , 54.8678 , 42.9183 , 58.1277 , 47.425 , 40.1059 , 50.252 , 80.0581 , 44.0295 , 44.8495 , 38.8183 , 47.2183 , 39.422 , 63.3865 , 39.5318 , 35.9841 , 86.6637 , 76.1255 , 32.9602 , 54.1946 , 71.9613 , 31.703 , 49.917 , 38.0105 , 54.9082 , 57.9 , 42.5374 , 27.9393 , 41.9039 , 72.1537 , 67.0883 , 43.6079 , 54.0233 , 59.2911 , 90.2297 , 69.4975 , 52.4212 , 36.6702 , 49.8692 , 51.0014 , 53.0804 , 64.2072 , 95.4676 , 58.6778 , 63.5614 , 49.8023 , 56.2169 , 74.7762 , 76.1937 , 41.0249 , 49.573 , 81.9844 , 49.501 , 75.8117 , 66.8691 , 56.7515 , 79.0621 , 63.7248 , 48.3078 , 88.3781 , 60.1276 , 47.9669 , 49.7669 , 98.5369 , 85.601 , 61.7292 , 40.1295 , 66.9313 , 35.6882 , 51.645 , 72.7182 , 31.3058 , 48.2071 , 57.1429 , 38.6928 , 69.4153 , 48.8594 , 75.8947 , 61.7703 , 46.8483 , 48.1117 , 48.9778 , 71.5789 , 41.8583 , 81.8935 , 58.7629 , 33.6489 , 40.7195 , 72.1621 , 95.9103 , 39.6017 , 70.8758 , 61.6442 , 40.9172 , 59.5982 , 23.7433 , 44.2528 , 30.643 , 53.5372 , 55.0858 , 65.2557 , 51.5876 , 25.3598 , 38.2452 , 58.6009 , 57.9005 , 30.0026 , 58.7966 , 33.331 , 40.9303 , 51.4321 , 52.4543 , 35.7984 , 59.2073 , 36.8242 , 34.1932 , 48.3525 , 51.0899 , 55.0896 , 36.646 , 67.1649 , 37.3695 , 50.3804 , 65.4025 , 56.4626 , 50.7042 , 49.8707 , 45.0256 , 44.2821 , 46.357 , 52.9545 , 37.344 , 34.876 , 56.3467 , 75.803 , 62.1902 , 55.2179 , 42.3138 , 71.9934 , 21.5332 , 45.0463 , 59.1819 , 44.6207 , 31.5292 , 55.7838 , 66.6046 , 79.8668 , 74.3344 , 52.8976 , 47.6265 , 56.4316 , 45.2162 , 102.6 , 35.2372 , 73.3773 , 48.3187 , 78.0214 , 63.185 , 42.9859 , 73.5336 , 41.3988 , 28.6586 , 33.3099 , 54.678 , 87.3727 , 74.3852 , 49.2208 , 47.3805 , 70.8672 , 58.4241 , 68.3255 , 29.3461 , 44.8821 , 47.1014 , 78.1836 , 65.1818 , 56.6696 , 55.5196 , 60.0813 , 39.7131 , 55.9791 , 54.9418 , 35.7829 , 61.707 , 76.4995 , 72.9436 , 40.5891 , 61.0067 , 58.356 , 60.1987 , 44.819 , 66.1779 , 62.9036 , 63.0722 , 56.0859 , 56.4673 , 37.6154 , 57.2147 , 54.1456 , 71.0321 , 47.241 , 28.4005 , 57.702 , 39.1439 , 85.6206 , 63.6551 , 57.5222 , 50.095 , 38.9084 , 58.0016 , 51.8705 , 53.7393 , 39.9032 , 87.931 , 37.4706 , 44.5578 , 41.8666 , 31.9989 , 40.6698 , 50.3421 , 64.0366 , 43.2799 , 40.3591 , 40.2946 , 84.697 , 54.2807 , 34.7945 , 45.6038 , 48.2331 , 59.0963 , 26.2952 , 26.0558 , 49.0431 , 38.0786 , 78.9426 , 62.6847 , 86.5132 , 59.5857 , 62.7794 , 82.9904 , 44.4535 , 40.4249 , 43.3313 , 74.666 , 80.0936 , 66.9233 , 67.6157 , 54.1163 , 60.9939 , 57.8033 , 74.4775 , 70.7074 , 95.1216 , 52.7294 , 63.0652 , 31.8734 , 54.5793 , 62.972 , 36.6182 , 37.1242 , 60.4394 , 66.8067 , 52.8791 , 64.6771 , 64.1625 , 37.5512 , 39.6655 , 43.9197 , 67.0207 , 55.0455 , 80.3451 , 45.0022 , 64.8866 , 104.146 , 73.3796 , 47.8707 , 55.1975 , 82.7128 , 52.8959 , 38.4171 , 76.43 , 61.381 , 45.6459 , 51.8386 , 68.9984 , 40.4346 , 76.8617 , 50.0854 , 84.8244 , 40.9708 , 40.7101 , 57.1268 , 61.7946 , 67.9659 , 57.7237 , 83.8863 , 88.2116 , 31.6434 , 45.6066 , 67.2767 , 23.7868 , 96.7937 , 53.7996 , 66.8494 , 48.2073 , 89.4675 , 41.9962 , 43.3563 , 44.9035 , 32.6636 , 47.2229 , 62.0841 , 83.5796 , 90.9674 , 39.0987 , 61.269 , 59.8015 , 48.6924 , 49.1282 , 62.1047 , 56.8376 , 43.5713 , 48.6997 , 48.656 , 127.802 , 56.0612 , 50.0971 , 47.0845 , 79.6151 , 55.3377 , 37.0369 , 58.1439 , 42.0433 , 38.9903 , 41.849 , 36.2846 , 56.8479 , 58.1981 , 40.2506 , 29.1213 , 81.3066 , 71.0266 , 102.943 , 27.9822 , 61.8555 , 49.8995 , 83.6855 , 58.72 , 77.7698 , 60.992 , 37.965 , 51.306 , 67.6681 , 47.9636 , 35.5436 , 50.6138 , 86.5865 , 62.7691 , 73.9249 , 74.9035 , 72.491 , 63.0749 , 39.3266 , 33.2002 , 58.4934 , 49.5717 , 60.0847 , 41.7788 , 70.5867 , 86.2751 , 44.6905 , 38.0866 , 29.8487 , 51.1392 , 58.2119 , 47.4709 , 67.7905 , 72.4895 , 42.3153 , 69.1282 , 49.3907 , 25.1156 , 45.4681 , 52.0266 , 61.6048 , 51.3526 , 60.2069 , 42.0147 , 42.3888 , 47.6064 , 41.7207 , 91.6932 , 50.0611 , 32.567 , 38.4889 , 37.5901 , 47.1819 , 42.5711 , 101.228 , 69.2492 , 70.6073 , 50.5869 , 51.1049 , 33.9522 , 39.8689 , 33.4247 , 43.339 , 42.2382 , 64.4221 , 78.8027 , 75.738 , 65.1395 , 32.0899 , 40.3042 , 54.7653 , 35.804 , 65.6253 , 89.8821 , 48.7979 , 35.7472 , 82.4906 , 48.1132 , 37.6342 , 34.2 , 28.029 , 62.2186 , 54.4214 , 61.6648 , 44.1214 , 38.4169 , 49.1228 , 57.2023 , 78.5989 , 41.9073 , 44.4264 , 84.0707 , 44.879 , 38.0024 , 73.9029 , 78.3594 , 57.2928 , 37.6765 , 38.5845 , 59.8898 , 53.4289 , 31.1225 , 54.9491 , 51.9946 , 61.4695 , 47.4384 , 77.9386 , 36.9365 , 47.1254 , 52.0197 , 33.3874 , 44.2512 , 54.0098 , 35.9364 , 44.8 , 112.484 , 46.8219 , 73.7988 , 56.7674 , 57.4792 , 41.7828 , 41.5158 , 76.9744 , 41.3861 , 40.8396 , 42.6506 , 62.7681 , 53.3784 , 63.561 , 80.9737 , 54.7732 , 60.6674 , 50.5525 , 54.0482 , 22.3328 , 58.2958 , 61.6701 , 36.5737 , 65.3565 , 39.4817 , 48.6625 , 44.3308 , 102.998 , 48.265 , 34.8047 , 66.7117 , 28.507 , 87.3333 , 49.5448 , 29.699 , 29.1505 , 51.8875 , 45.5375 , 44.8747 , 55.1266 , 59.6086 , 78.6239 , 44.6285 , 52.4322 , 63.583 , 75.0472 , 64.2834 , 45.9416 , 39.4535 , 62.2105 , 37.975 , 38.0596 , 58.3556 , 80.2719 , 61.675 , 50.2839 , 59.7519 , 68.5719 , 27.9465 , 59.1642 , 54.7459 , 88.9876 , 73.1998 , 44.7321 , 55.2306 , 47.7606 , 56.0278 , 68.738 , 40.1073 , 43.2273 , 60.3697 , 118.805 , 32.8723 , 60.911 , 45.0236 , 45.4001 , 59.8697 , 61.0915 , 54.4369 , 36.2294 , 59.2889 , 76.8613 , 38.8027 , 38.2243 , 46.1744 , 40.9738 , 78.0121 , 73.6667 , 40.6735 , 87.6673 , 68.9688 , 34.4248 , 73.9426 , 55.0142 , 90.3325 , 63.4931 , 74.3272 , 46.319 , 52.6125 , 87.7866 , 77.071 , 98.1722 , 54.8153 , 47.9674 , 36.2069 , 60.785 , 100.063 , 33.0431 , 74.9234 , 48.9439 , 69.8147 , 37.0949 , 63.3458 , 50.4598 , 54.3943 , 90.7744 , 57.431 , 66.6579 , 53.7093 , 70.8762 , 71.4299 , 55.9339 , 39.2194 , 53.4977 , 38.9335 , 41.3283 , 38.0891 , 60.8108 , 45.1177 , 45.8144 , 42.3696 , 73.3941 , 55.9979 , 50.6105 , 67.5782 , 37.2478 , 37.7809 , 54.3485 , 34.0018 , 59.9042 , 59.3274 , 74.5946 , 66.7712 , 43.1731 , 63.5385 , 46.9394 , 40.3442 , 57.0318 , 54.5858 , 54.0969 , 44.7887 , 64.7964 , 79.1187 , 