var1=[91.4915 , 63.8362 , 55.9538 , 97.852 , 73.8277 , 59.653 , 68.8049 , 56.4004 , 49.1958 , 47.5794 , 60.9353 , 47.4824 , 57.5857 , 43.8774 , 48.9468 , 49.9967 , 57.2477 , 58.171 , 90.9449 , 78.8355 , 96.3813 , 52.8287 , 76.0141 , 71.2284 , 65.4955 , 69.6117 , 56.4382 , 33.8411 , 53.7911 , 88.6416 , 97.394 , 69.786 , 109.395 , 56.7316 , 53.7022 , 124.388 , 62.0128 , 60.3458 , 52.3833 , 19.1255 , 84.417 , 52.9124 , 51.6419 , 34.9838 , 68.4564 , 56.9136 , 80.5908 , 53.0137 , 84.5276 , 71.6591 , 57.7344 , 65.9625 , 50.8473 , 56.1966 , 54.4588 , 57.2151 , 50.1938 , 48.8796 , 85.7938 , 98.6963 , 64.3308 , 43.9322 , 68.59 , 38.8052 , 50.6454 , 49.9169 , 93.4141 , 46.296 , 60.8919 , 52.8053 , 69.9655 , 80.0681 , 38.0298 , 111.273 , 79.4108 , 56.2853 , 70.6603 , 129.422 , 88.0336 , 123.592 , 83.2713 , 59.5117 , 65.4858 , 124.955 , 64.9874 , 52.5272 , 64.0177 , 75.2294 , 47.3886 , 47.494 , 85.4774 , 56.402 , 39.6082 , 68.8397 , 17.7162 , 43.0982 , 126.371 , 65.0264 , 61.3684 , 85.3185 , 34.7864 , 124.714 , 50.9834 , 58.7833 , 55.213 , 116.478 , 74.8189 , 30.1573 , 43.4741 , 100.05 , 55.0161 , 57.6108 , 31.9213 , 65.0963 , 41.3042 , 29.921 , 101.75 , 56.9279 , 43.3774 , 98.3471 , 71.035 , 50.8766 , 65.7164 , 83.7244 , 76.8761 , 70.4352 , 51.952 , 67.4799 , 68.4027 , 145.738 , 91.3365 , 62.5658 , 92.6034 , 53.8874 , 85.1301 , 32.0501 , 81.2895 , 87.5829 , 63.3864 , 38.1214 , 87.4396 , 88.9784 , 97.2131 , 50.2413 , 79.051 , 73.3498 , 85.8373 , 134.495 , 79.1165 , 38.1773 , 54.3689 , 44.9093 , 61.6214 , 84.9816 , 48.3993 , 50.4332 , 83.7069 , 50.1779 , 65.7816 , 51.7366 , 89.4289 , 71.1431 , 76.089 , 48.9011 , 106.258 , 89.3984 , 47.1552 , 39.2349 , 62.0145 , 100.999 , 34.3793 , 63.7302 , 54.2011 , 92.8536 , 76.1117 , 44.1723 , 45.0488 , 44.1095 , 59.8433 , 73.9643 , 43.0785 , 68.3154 , 77.405 , 34.62 , 53.9171 , 38.1918 , 33.3503 , 79.6435 , 54.2636 , 40.4059 , 68.5957 , 110.668 , 67.3276 , 27.0089 , 72.1317 , 35.3297 , 89.4515 , 62.43 , 47.6258 , 71.9598 , 38.2256 , 99.3189 , 46.081 , 59.8295 , 74.1329 , 67.2949 , 39.9129 , 50.2167 , 69.6502 , 79.317 , 60.4146 , 84.132 , 52.0146 , 68.3815 , 80.1666 , 62.9795 , 79.9394 , 72.1217 , 41.1765 , 58.699 , 57.2611 , 49.4331 , 49.8452 , 58.4184 , 57.5536 , 88.925 , 98.3767 , 68.0533 , 66.3874 , 49.4991 , 88.7045 , 72.7836 , 51.6848 , 70.213 , 76.5023 , 56.0084 , 48.0481 , 70.3484 , 100.078 , 25.1445 , 61.6109 , 80.3962 , 64.8904 , 87.2025 , 62.7205 , 56.2781 , 53.4693 , 10.0256 , 59.2605 , 62.7836 , 85.7722 , 36.7483 , 38.8153 , 63.3075 , 57.7468 , 41.9981 , 75.2354 , 75.8023 , 53.6638 , 75.1993 , 81.5593 , 79.1607 , 54.2586 , 73.3903 , 70.0982 , 24.0755 , 49.9093 , 67.2437 , 110.355 , 12.3044 , 42.3848 , 92.4607 , 71.5926 , 62.7141 , 21.4357 , 63.5198 , 74.7804 , 75.9748 , 49.8015 , 22.5678 , 56.8234 , 97.6039 , 75.7748 , 56.7837 , 56.4594 , 38.386 , 74.3829 , 61.9004 , 100.845 , 60.9909 , 66.8914 , 88.6198 , 57.7117 , 60.6151 , 81.119 , 49.0936 , 96.361 , 24.7774 , 68.8633 , 64.8817 , 53.6699 , 50.5841 , 71.0436 , 109.33 , 57.9416 , 87.8336 , 59.0463 , 76.0255 , 85.3779 , 85.4495 , 137.562 , 67.0347 , 68.7259 , 79.373 , 57.5686 , 89.6693 , 59.2302 , 84.8379 , 29.9688 , 51.393 , 63.5462 , 92.663 , 112.488 , 82.4488 , 73.4865 , 65.6431 , 82.9621 , 82.1449 , 64.1337 , 48.3861 , 61.7846 , 72.289 , 80.6024 , 55.7024 , 63.7109 , 70.5158 , 39.6313 , 26.174 , 62.3225 , 88.9246 , 61.5849 , 70.5767 , 49.052 , 71.4425 , 61.1241 , 64.5728 , 48.9608 , 55.5289 , 132.794 , 50.9069 , 60.393 , 48.148 , 47.6918 , 50.6321 , 55.7602 , 102.36 , 39.5923 , 53.3756 , 63.8864 , 87.6869 , 60.6152 , 37.8223 , 88.4098 , 102.332 , 35.14 , 83.5409 , 62.9326 , 66.344 , 56.2311 , 88.9228 , 38.6605 , 51.4063 , 68.4979 , 73.1704 , 103.764 , 65.0726 , 64.9598 , 49.1168 , 47.412 , 72.5797 , 64.482 , 55.6544 , 58.463 , 111.492 , 65.6112 , 115.283 , 26.7608 , 117.803 , 21.8961 , 96.6838 , 55.8782 , 87.4941 , 48.5528 , 51.4491 , 51.0136 , 52.4026 , 130.96 , 45.0037 , 96.2974 , 111.789 , 65.6494 , 58.6911 , 66.7614 , 63.6492 , 88.0493 , 69.5845 , 36.667 , 66.0475 , 60.7579 , 90.7453 , 74.1223 , 90.0754 , 51.1618 , 61.0878 , 68.807 , 81.6906 , 81.2416 , 64.9988 , 26.7021 , 99.9737 , 101.024 , 36.6759 , 83.595 , 66.4922 , 63.5539 , 40.3733 , 67.5986 , 75.039 , 46.3577 , 45.4424 , 57.7949 , 65.2061 , 68.3719 , 41.4152 , 57.5 , 35.7729 , 35.3692 , 46.1424 , 78.2162 , 66.6377 , 138.64 , 49.131 , 99.0752 , 68.6241 , 67.4043 , 62.4456 , 64.7955 , 79.3818 , 43.7818 , 58.5015 , 96.7011 , 63.6633 , 44.4267 , 62.8881 , 45.5051 , 12.1416 , 86.4236 , 88.0686 , 78.3156 , 48.0839 , 59.5768 , 59.187 , 78.8962 , 74.9492 , 46.8978 , 96.1843 , 80.0635 , 41.9138 , 51.8044 , 76.877 , 64.4727 , 56.6154 , 103.651 , 94.8051 , 73.814 , 75.1586 , 56.9298 , 42.2744 , 83.8256 , 99.0268 , 93.5742 , 89.5606 , 68.9151 , 69.7026 , 45.9906 , 63.8134 , 100.602 , 70.1868 , 99.2207 , 65.8717 , 86.4243 , 52.5269 , 43.254 , 43.6805 , 43.441 , 58.1975 , 52.2453 , 59.4073 , 68.5349 , 76.5372 , 46.6945 , 59.4383 , 62.7787 , 66.7885 , 40.4539 , 42.3978 , 42.8457 , 69.914 , 86.2173 , 68.7386 , 51.56 , 81.6 , 83.8444 , 40.2392 , 80.5479 , 116.333 , 105.233 , 60.7773 , 87.9885 , 44.1955 , 59.5057 , 81.6842 , 86.7354 , 90.7746 , 63.99 , 65.2697 , 73.0801 , 41.6368 , 41.0067 , 57.4343 , 49.2114 , 48.2751 , 58.4196 , 58.0997 , 53.8002 , 51.6983 , 94.1144 , 54.5886 , 67.1943 , 62.8748 , 56.9636 , 47.1397 , 50.367 , 45.0252 , 89.6194 , 37.1562 , 62.4614 , 63.2458 , 60.5523 , 62.5967 , 89.6027 , 86.1391 , 55.4183 , 68.3574 , 52.3494 , 46.8413 , 80.7848 , 71.8645 , 85.7697 , 89.6377 , 112.96 , 45.4206 , 47.1285 , 40.7812 , 61.6093 , 42.2255 , 109.272 , 59.2723 , 62.2474 , 109.26 , 60.2272 , 90.9327 , 66.7251 , 115.516 , 91.7211 , 104.467 , 36.8854 , 73.3058 , 58.9828 , 44.1796 , 54.0911 , 97.9746 , 58.8384 , 39.7746 , 58.5255 , 68.3669 , 45.4381 , 74.713 , 62.1487 , 51.0923 , 58.1486 , 61.7262 , 34.3783 , 64.8479 , 47.5784 , 100.459 , 66.28 , 33.0701 , 65.9426 , 100.754 , 66.5904 , 65.9503 , 52.9502 , 20.7786 , 50.0999 , 136.965 , 35.9342 , 73.0567 , 61.0743 , 54.5553 , 82.808 , 41.357 , 38.2829 , 53.91 , 79.266 , 75.061 , 91.5369 , 53.2365 , 64.7742 , 19.8928 , 69.8562 , 75.0257 , 68.1847 , 63.0367 , 52.8592 , 52.0294 , 64.5864 , 120.043 , 91.1025 , 78.4422 , 77.1722 , 103.499 , 47.2834 , 56.8614 , 116.301 , 72.9811 , 42.3112 , 76.6549 , 71.9073 , 64.3006 , 98.9058 , 86.9771 , 69.8392 , 45.6337 , 73.5509 , 106.377 , 95.9564 , 70.0172 , 62.0053 , 37.1297 , 56.9513 , 75.4488 , 68.719 , 32.4654 , 85.4591 , 61.9381 , 81.3135 , 75.5077 , 156.558 , 60.5431 , 127.93 , 90.0821 , 63.8487 , 39.4478 , 65.5466 , 70.0389 , 35.6915 , 77.3135 , 61.0424 , 41.5297 , 70.8496 , 78.7545 , 80.0347 , 81.9473 , 65.0479 , 47.5358 , 53.176 , 46.0647 , 98.3233 , 56.6215 , 81.2256 , 91.892 , 60.4981 , 43.3857 , 50.9203 , 72.5833 , 64.5987 , 79.2616 , 51.8592 , 66.4731 , 38.7258 , 72.3167 , 42.8534 , 107.818 , 73.5785 , 54.2947 , 111.667 , 64.282 , 59.8505 , 86.1578 , 89.2063 , 42.0383 , 88.1247 , 59.3266 , 73.0846 , 41.2479 , 40.2763 , 60.9685 , 62.4669 , 25.0044 , 66.9232 , 55.2901 , 72.1391 , 91.0685 , 60.4311 , 52.4313 , 58.81 , 78.6235 , 77.124 , 55.5431 , 50.0531 , 54.5717 , 60.5428 , 42.0008 , 89.8076 , 11.5043 , 41.8108 , 47.0196 , 115.108 , 48.8553 , 74.6461 , 60.8679 , 60.6445 , 74.7678 , 87.7814 , 59.4524 , 57.6312 , 44.3471 , 74.9548 , 97.0468 , 27.1365 , 115.184 , 98.6115 , 55.7482 , 72.2615 , 96.0507 , 36.2645 , 57.4561 , 54.855 , 80.5953 , 59.4001 , 79.0927 , 46.4452 , 59.5699 , 55.1588 , 80.1472 , 79.4679 , 70.1428 , 52.3321 , 78.7385 , 109.585 , 99.2965 , 49.6537 , 82.547 , 89.094 , 50.3674 , 66.9221 , 56.9794 , 92.9709 , 56.9851 , 50.4979 , 14.0804 , 56.9584 , 40.2606 , 61.3097 , 74.6461 , 51.1233 , 91.4354 , 49.8456 , 94.165 , 85.3072 , 47.3426 , 30.6075 , 48.9604 , 38.1627 , 56.4004 , 51.1036 , 67.1171 , 62.0813 , 57.0799 , 46.1889 , 31.6017 , 94.1842 , 62.1434 , 88.1634 , 85.4661 , 17.4952 , 63.842 , 23.9045 , 96.6274 , 112.337 , 76.0197 , 72.6353 , 53.4261 , 99.9621 , 72.5445 , 114.328 , 47.0018 , 65.1725 , 