var1=[50.5494 , 58.8701 , 46.8795 , 51.4815 , 87.7506 , 43.7858 , 95.2659 , 74.7164 , 35.7727 , 108.623 , 66.0475 , 80.0604 , 39.656 , 76.4748 , 55.4905 , 39.0041 , 48.9722 , 74.1032 , 54.5237 , 92.6537 , 48.7234 , 67.5199 , 84.9228 , 62.6566 , 58.3482 , 75.4337 , 52.5657 , 52.4476 , 69.656 , 67.2219 , 54.5954 , 67.7066 , 51.8512 , 47.9341 , 47.1902 , 104.922 , 54.5597 , 70.159 , 38.8228 , 57.4287 , 54.2754 , 57.2203 , 45.4592 , 56.4706 , 73.5957 , 63.2111 , 46.4064 , 56.2977 , 43.3989 , 59.1491 , 41.8705 , 47.4259 , 52.036 , 83.5434 , 87.1177 , 41.1717 , 68.6084 , 48.608 , 71.5103 , 36.6403 , 62.4323 , 68.1909 , 42.6065 , 73.0882 , 62.5558 , 47.9313 , 93.4894 , 43.6902 , 90.8856 , 15.1675 , 27.7541 , 68.7375 , 98.2465 , 48.7337 , 78.2283 , 76.0812 , 79.7607 , 60.3658 , 34.3669 , 60.7497 , 43.5649 , 41.5712 , 80.2824 , 79.4917 , 40.2167 , 46.4684 , 77.4766 , 52.2256 , 76.3184 , 58.8945 , 84.7827 , 83.8657 , 105.866 , 99.1047 , 43.8258 , 63.7748 , 50.5518 , 71.684 , 64.1294 , 56.4559 , 34.2075 , 59.0813 , 40.9228 , 37.8026 , 47.9871 , 68.6504 , 54.5583 , 90.4992 , 38.8419 , 84.1486 , 34.5496 , 78.8983 , 55.8622 , 67.5468 , 51.9139 , 55.3648 , 45.7147 , 50.5018 , 74.8935 , 46.5325 , 52.2978 , 50.0417 , 88.6556 , 41.2234 , 60.7153 , 56.9746 , 56.318 , 70.9145 , 52.3489 , 47.3702 , 54.6447 , 50.2821 , 73.9592 , 43.5176 , 40.539 , 81.8779 , 90.2231 , 57.1605 , 47.4946 , 43.6918 , 80.8967 , 63.6272 , 64.7178 , 50.989 , 56.9269 , 57.8073 , 36.7677 , 76.5268 , 52.1367 , 78.1803 , 49.5895 , 105.691 , 42.3388 , 34.8589 , 55.5336 , 48.3869 , 89.5045 , 59.2062 , 46.1275 , 56.9249 , 46.2495 , 43.7153 , 45.3479 , 40.6732 , 36.6011 , 55.9566 , 58.2988 , 71.754 , 72.1914 , 85.4837 , 53.7498 , 70.835 , 71.1887 , 58.0748 , 34.3505 , 120.941 , 55.1717 , 44.5989 , 97.6718 , 81.0273 , 30.9636 , 59.4225 , 67.22 , 70.3315 , 59.697 , 111.339 , 90.6886 , 83.5589 , 109.769 , 45.0553 , 97.0684 , 52.7779 , 47.943 , 33.2445 , 49.0256 , 49.781 , 49.5936 , 58.0121 , 50.0386 , 120.649 , 46.8653 , 57.2455 , 56.1958 , 67.1725 , 51.26 , 33.8203 , 51.8288 , 38.8178 , 42.9251 , 43.0853 , 59.3328 , 37.4207 , 109.684 , 45.369 , 56.9743 , 64.4502 , 56.0695 , 81.3824 , 60.6919 , 90.535 , 58.9103 , 71.8173 , 121.281 , 46.8488 , 44.6309 , 54.3106 , 110.524 , 81.944 , 57.2741 , 49.584 , 86.1491 , 87.6032 , 80.549 , 82.3963 , 38.2607 , 43.6415 , 58.2699 , 40.3096 , 71.5793 , 82.2614 , 65.6264 , 77.8364 , 57.6412 , 78.644 , 46.6032 , 61.2385 , 43.3214 , 43.8037 , 57.0007 , 68.8741 , 92.8967 , 40.7612 , 44.0577 , 34.9874 , 60.5185 , 66.3564 , 44.1958 , 86.3352 , 62.4509 , 46.3026 , 64.7769 , 42.1496 , 76.4086 , 51.7511 , 50.3201 , 114.997 , 57.4616 , 60.5033 , 77.111 , 67.9533 , 36.5481 , 75.6091 , 34.8547 , 70.3329 , 75.8054 , 78.9721 , 39.8937 , 51.009 , 63.0157 , 134.3 , 42.1532 , 34.7913 , 43.7166 , 89.656 , 67.0221 , 78.7447 , 80.1669 , 89.2002 , 55.0809 , 44.3836 , 57.0443 , 57.5858 , 23.8994 , 53.8013 , 58.6627 , 91.9964 , 55.9032 , 61.5453 , 76.1078 , 46.685 , 69.4949 , 51.7747 , 71.3123 , 53.8555 , 64.3053 , 57.2625 , 58.4597 , 89.2544 , 78.5271 , 49.5396 , 83.598 , 59.4195 , 39.0298 , 59.9275 , 44.6525 , 73.7809 , 58.3577 , 57.1164 , 48.0486 , 31.0276 , 60.8957 , 37.3619 , 56.4931 , 63.7908 , 32.2468 , 48.3333 , 42.4539 , 42.0969 , 70.4394 , 79.7606 , 107.541 , 41.8434 , 56.4007 , 55.7204 , 37.9524 , 54.1279 , 51.187 , 56.9081 , 71.8883 , 48.2131 , 37.1583 , 26.3143 , 51.9017 , 30.4091 , 76.7734 , 44.0024 , 136.702 , 50.874 , 83.8012 , 47.6839 , 52.295 , 54.1856 , 85.368 , 90.2101 , 64.345 , 69.2172 , 59.3814 , 46.76 , 44.4512 , 98.6832 , 54.8273 , 49.071 , 61.8181 , 37.3445 , 94.8587 , 75.9802 , 51.6134 , 48.0548 , 59.8606 , 65.8273 , 67.9937 , 62.5941 , 26.471 , 97.7651 , 57.4921 , 37.3153 , 60.4561 , 56.6002 , 62.456 , 26.2332 , 70.5074 , 49.5582 , 29.259 , 83.0718 , 50.0366 , 43.2511 , 51.8392 , 73.7994 , 69.2311 , 60.8393 , 88.6391 , 60.1648 , 90.9107 , 46.6226 , 40.0616 , 45.2488 , 80.4734 , 53.798 , 85.2642 , 63.367 , 57.4721 , 83.0129 , 46.9564 , 34.5681 , 51.3363 , 49.3913 , 66.329 , 69.5513 , 54.377 , 87.6435 , 21.6061 , 34.3887 , 80.1049 , 60.5596 , 33.6771 , 44.819 , 72.9979 , 37.6498 , 67.7095 , 82.6099 , 43.5813 , 64.7142 , 48.6245 , 74.1998 , 75.03 , 50.6114 , 54.9555 , 50.5164 , 83.122 , 60.5976 , 64.9561 , 50.7247 , 56.4625 , 36.4168 , 64.2139 , 38.6795 , 93.1224 , 68.8279 , 70.8692 , 64.2262 , 37.6747 , 76.7206 , 80.6918 , 56.6714 , 34.6095 , 36.8851 , 52.3161 , 40.9697 , 72.799 , 44.0474 , 65.8212 , 40.217 , 73.7832 , 43.2938 , 62.3155 , 37.7107 , 74.7859 , 54.336 , 50.5889 , 69.9417 , 55.1774 , 63.6981 , 61.1415 , 68.1881 , 40.4846 , 54.9737 , 54.5317 , 54.3687 , 56.0264 , 37.6615 , 49.027 , 56.7584 , 64.809 , 108.395 , 55.8339 , 51.4643 , 77.33 , 49.2274 , 57.1851 , 88.1323 , 83.0529 , 51.8769 , 56.1862 , 68.9544 , 97.555 , 29.9269 , 52.2376 , 70.1144 , 58.0093 , 57.4116 , 49.627 , 55.9951 , 75.9494 , 63.9365 , 62.122 , 83.5801 , 74.8567 , 77.3405 , 65.3614 , 57.7862 , 37.3934 , 73.3987 , 67.9756 , 60.247 , 36.8053 , 59.5915 , 42.8127 , 62.4078 , 74.2504 , 80.1061 , 42.3244 , 66.1806 , 69.5469 , 94.24 , 69.1988 , 33.7237 , 81.3543 , 40.724 , 66.1664 , 49.8084 , 61.9108 , 62.9382 , 45.5855 , 34.7055 , 63.0278 , 62.0928 , 66.4071 , 51.1556 , 51.9875 , 48.5598 , 47.6276 , 68.0577 , 67.7599 , 65.4548 , 62.682 , 48.9997 , 87.0255 , 97.2795 , 47.8587 , 43.2467 , 80.7397 , 50.8487 , 72.3747 , 64.0145 , 77.357 , 47.3793 , 52.5022 , 57.7457 , 36.5241 , 40.788 , 63.0274 , 62.659 , 47.0102 , 49.7242 , 56.2219 , 75.3153 , 122.951 , 108.653 , 51.734 , 34.1728 , 24.5785 , 48.7897 , 70.0396 , 63.9178 , 56.3285 , 51.9289 , 44.4078 , 69.8515 , 68.6902 , 83.0539 , 55.2512 , 54.4918 , 41.2332 , 57.7189 , 53.6032 , 33.1001 , 57.7112 , 59.5016 , 58.2023 , 127.015 , 76.2004 , 54.8291 , 71.8423 , 29.451 , 80.8151 , 57.5334 , 71.581 , 74.9125 , 56.3062 , 30.4072 , 75.3068 , 49.693 , 72.9875 , 38.7147 , 36.0404 , 67.0328 , 52.7095 , 65.1407 , 32.3785 , 34.7615 , 45.55 , 47.6049 , 68.6198 , 49.7716 , 53.9924 , 54.8427 , 66.9546 , 76.105 , 62.3462 , 41.9308 , 70.156 , 76.4906 , 108.902 , 37.3914 , 40.5777 , 54.9952 , 72.958 , 70.2754 , 81.9842 , 46.3255 , 43.846 , 44.3201 , 55.4937 , 55.1749 , 62.6765 , 108.828 , 29.102 , 58.5877 , 69.7575 , 86.4189 , 38.5563 , 22.6002 , 37.8054 , 53.1133 , 59.3667 , 59.2351 , 66.2747 , 38.6225 , 60.607 , 59.5783 , 54.6936 , 63.2042 , 86.9074 , 22.221 , 72.8453 , 51.8624 , 28.6008 , 43.2153 , 49.7805 , 57.0014 , 90.4067 , 63.1263 , 70.9299 , 58.5752 , 70.3487 , 101.789 , 46.5566 , 106.914 , 66.0532 , 70.2423 , 105.098 , 64.2716 , 69.8875 , 65.0362 , 54.263 , 35.1542 , 70.8216 , 75.7416 , 62.7481 , 64.4648 , 117.99 , 31.9313 , 96.9704 , 42.7095 , 74.9954 , 44.4181 , 49.6766 , 52.4947 , 103.301 , 91.9233 , 83.4302 , 50.4936 , 35.1457 , 84.5872 , 65.3825 , 85.2288 , 43.5708 , 25.6619 , 46.0064 , 42.33 , 47.8185 , 59.6021 , 93.3166 , 75.2124 , 83.5643 , 57.5581 , 46.7378 , 22.8599 , 57.1154 , 63.5196 , 88.4311 , 55.0261 , 86.0873 , 47.168 , 31.0592 , 66.0449 , 62.5391 , 28.7552 , 35.5208 , 68.6016 , 90.7647 , 85.585 , 84.1825 , 57.8623 , 73.0365 , 44.4148 , 72.1611 , 30.5199 , 47.8556 , 42.6752 , 55.3944 , 44.2118 , 57.2165 , 45.0722 , 48.4325 , 70.8756 , 92.7022 , 49.4868 , 61.7439 , 122.9 , 49.5419 , 47.3044 , 63.945 , 58.7645 , 41.7752 , 59.9613 , 55.1516 , 53.0422 , 64.9913 , 105.414 , 65.3561 , 78.4437 , 70.6 , 53.9533 , 56.7858 , 61.8277 , 74.7795 , 81.6988 , 107.726 , 74.1209 , 80.9784 , 70.4905 , 56.5639 , 42.2032 , 53.803 , 43.7696 , 68.1391 , 53.8734 , 78.8561 , 45.3459 , 84.4148 , 55.7112 , 88.3272 , 74.2064 , 70.4175 , 48.2166 , 90.8186 , 55.1908 , 38.9524 , 78.1131 , 75.0657 , 43.9781 , 84.8959 , 76.1849 , 75.7004 , 45.1541 , 42.1405 , 82.7764 , 38.3054 , 37.7843 , 23.1716 , 72.1882 , 98.8191 , 38.5833 , 67.2489 , 71.1944 , 27.746 , 64.7002 , 76.651 , 27.6907 , 41.7139 , 50.3941 , 29.695 , 55.3581 , 77.8517 , 68.7905 , 61.579 , 80.0216 , 56.5579 , 60.1325 , 58.9497 , 44.3563 , 75.044 , 50.3891 , 71.7393 , 50.2166 , 39.1075 , 119.663 , 73.143 , 