var1=[51.6979 , 66.1076 , 64.4289 , 65.7296 , 57.2594 , 54.8052 , 100.321 , 74.3936 , 49.6543 , 53.8685 , 75.0617 , 69.5643 , 54.195 , 78.6712 , 61.9965 , 77.0547 , 47.8873 , 66.3534 , 68.0813 , 45.388 , 79.0216 , 64.9083 , 36.9074 , 39.4732 , 43.3658 , 65.7296 , 54.4702 , 90.8321 , 79.762 , 61.8455 , 52.8808 , 59.858 , 77.2062 , 74.7724 , 85.7569 , 125.301 , 87.3499 , 54.2225 , 34.4534 , 121.978 , 95.7047 , 82.8968 , 81.988 , 76.5537 , 33.5262 , 43.9755 , 36.0908 , 64.87 , 80.9118 , 69.688 , 58.7032 , 41.9165 , 53.1817 , 79.596 , 75.1794 , 89.5358 , 52.2165 , 68.646 , 44.9841 , 26.8503 , 71.191 , 65.9556 , 71.9515 , 67.4159 , 37.6598 , 39.6213 , 88.9958 , 78.9148 , 67.2241 , 59.5964 , 16.8649 , 103.956 , 76.8332 , 58.9628 , 52.0207 , 64.5262 , 82.1528 , 81.0682 , 79.4307 , 54.5114 , 115.547 , 43.803 , 48.0854 , 52.2492 , 104.103 , 50.6515 , 51.7825 , 90.5068 , 85.3234 , 52.7187 , 67.6603 , 113.03 , 89.8291 , 70.4774 , 77.6188 , 73.7058 , 72.0549 , 64.3414 , 66.163 , 86.981 , 45.9346 , 53.432 , 92.9715 , 91.9533 , 77.8692 , 97.0722 , 42.0175 , 58.6798 , 64.4178 , 38.2466 , 41.8345 , 67.8802 , 87.8704 , 112.007 , 47.1846 , 42.7354 , 31.6418 , 33.6089 , 39.8083 , 76.5298 , 82.0535 , 51.827 , 35.9964 , 46.1633 , 42.8466 , 68.0614 , 102.703 , 47.69 , 49.8592 , 42.2689 , 106.159 , 49.816 , 66.3424 , 73.1475 , 83.7597 , 85.2312 , 58.4167 , 71.7072 , 61.9741 , 57.4814 , 40.7929 , 91.8614 , 22.4753 , 68.703 , 84.2891 , 63.475 , 55.3606 , 46.4023 , 67.6079 , 82.507 , 63.2484 , 92.025 , 97.2472 , 42.5314 , 46.3293 , 53.8032 , 36.019 , 69.79 , 67.4076 , 47.1265 , 129.37 , 54.5598 , 43.6039 , 63.8411 , 26.9235 , 37.3532 , 63.9838 , 59.2279 , 104.286 , 64.9621 , 60.7714 , 58.9218 , 44.2164 , 79.2563 , 26.8417 , 56.7734 , 67.6201 , 96.9445 , 31.8708 , 66.705 , 60.8555 , 29.5261 , 70.1595 , 141.481 , 49.1632 , 102.343 , 57.1881 , 75.952 , 41.7945 , 72.2809 , 52.3847 , 67.3215 , 77.675 , 70.048 , 81.8444 , 46.0761 , 56.1391 , 41.0503 , 50.8371 , 50.7586 , 59.7327 , 60.6438 , 50.8459 , 49.2051 , 74.3741 , 74.6174 , 62.0088 , 65.7469 , 47.4947 , 71.5444 , 47.5397 , 73.3029 , 72.4389 , 58.575 , 98.8026 , 63.193 , 122.814 , 97.9215 , 98.0686 , 67.61 , 128.663 , 76.0746 , 58.8632 , 84.2471 , 31.7379 , 77.9926 , 84.6815 , 56.7175 , 105.371 , 26.4693 , 57.1011 , 80.5492 , 62.8776 , 46.5974 , 46.4794 , 68.356 , 91.6283 , 59.4821 , 63.775 , 42.4144 , 101.688 , 103.722 , 105.98 , 61.196 , 62.2409 , 60.2285 , 78.3601 , 75.5562 , 67.1076 , 75.0323 , 83.5775 , 48.1158 , 79.4894 , 53.657 , 58.1275 , 93.8362 , 78.6711 , 45.4162 , 53.5387 , 82.9838 , 71.9796 , 123.747 , 76.5559 , 75.4507 , 66.1547 , 55.4163 , 54.6995 , 95.2075 , 84.5217 , 31.6674 , 73.7016 , 76.0736 , 64.1644 , 42.5319 , 78.4412 , 94.9705 , 84.6557 , 33.9744 , 69.7775 , 78.4628 , 54.7306 , 61.2809 , 54.5796 , 68.267 , 45.8871 , 57.9341 , 54.053 , 43.6339 , 18.8419 , 71.3836 , 80.3125 , 92.5805 , 44.7464 , 105.109 , 51.4021 , 44.7268 , 73.7341 , 6.31668 , 45.642 , 56.4515 , 39.8501 , 18.0517 , 87.6676 , 72.8883 , 64.4257 , 58.0773 , 61.0092 , 46.1598 , 41.9645 , 82.6745 , 53.4916 , 55.1552 , 31.5785 , 58.0812 , 64.6059 , 51.9172 , 59.5627 , 65.6577 , 73.2257 , 54.7586 , 96.9861 , 68.2127 , 81.8344 , 22.1664 , 53.8471 , 57.364 , 54.2144 , 82.747 , 77.7294 , 52.7775 , 80.5156 , 88.5707 , 81.6833 , 56.7128 , 72.4123 , 71.2545 , 52.2936 , 45.2988 , 78.2219 , 63.8099 , 45.6311 , 96.1618 , 109.31 , 73.0372 , 83.4086 , 85.0983 , 55.8351 , 52.5681 , 74.0718 , 50.3063 , 116.264 , 23.918 , 59.2673 , 55.4735 , 56.3472 , 97.8313 , 39.7377 , 51.5409 , 44.2498 , 66.2388 , 67.8993 , 80.4568 , 70.7619 , 86.9044 , 91.2885 , 60.5729 , 42.963 , 75.7187 , 93.0929 , 66.8495 , 47.9615 , 80.2335 , 69.8394 , 53.3777 , 52.5284 , 45.9492 , 61.5892 , 54.7783 , 63.1974 , 55.1444 , 60.6621 , 32.2302 , 38.6243 , 144.81 , 80.0066 , 148.706 , 57.8322 , 61.7329 , 95.7583 , 68.3084 , 59.209 , 108.665 , 63.1078 , 51.3686 , 46.2247 , 39.8583 , 37.2218 , 59.8305 , 95.9438 , 63.2848 , 70.4453 , 83.6688 , 98.9028 , 56.7938 , 62.5138 , 43.0873 , 62.7589 , 58.5071 , 60.435 , 62.7719 , 37.1558 , 59.9178 , 81.5114 , 54.6373 , 85.5831 , 53.5285 , 66.7075 , 66.8682 , 76.7436 , 64.8092 , 57.2586 , 52.0494 , 46.399 , 51.5709 , 65.449 , 67.1497 , 63.3813 , 46.0688 , 39.6265 , 66.2348 , 45.1568 , 51.2871 , 66.5153 , 72.7822 , 36.8436 , 59.5207 , 57.2816 , 84.3654 , 86.0546 , 72.0152 , 91.8729 , 102.96 , 56.7691 , 65.6966 , 66.9077 , 76.2887 , 60.4038 , 68.6172 , 64.9302 , 50.392 , 60.7229 , 69.9634 , 61.3225 , 53.4702 , 69.7111 , 81.9108 , 62.5197 , 96.2089 , 76.2044 , 112.78 , 46.1084 , 44.8961 , 61.5764 , 55.9515 , 49.0046 , 101.086 , 55.6105 , 124.01 , 63.2057 , 75.9861 , 104.918 , 73.6316 , 49.1518 , 84.1053 , 117.105 , 114.521 , 82.969 , 13.1056 , 69.2874 , 36.2805 , 33.1559 , 50.8749 , 77.2736 , 106.836 , 59.0903 , 38.9269 , 31.6209 , 66.8977 , 43.2094 , 45.2117 , 46.991 , 67.6811 , 41.903 , 58.0333 , 100.235 , 76.3096 , 68.3069 , 98.9306 , 92.3269 , 61.703 , 42.6954 , 58.9912 , 69.1105 , 78.8863 , 85.1688 , 47.6664 , 51.8265 , 106.405 , 11.0866 , 64.4482 , 48.6604 , 56.6543 , 67.793 , 62.6972 , 66.1682 , 111.172 , 130.028 , 75.941 , 111.695 , 73.9468 , 51.141 , 54.959 , 97.3359 , 87.2988 , 62.0738 , 60.2579 , 54.6551 , 53.4788 , 113.7 , 51.5661 , 65.2147 , 74.0438 , 51.0216 , 87.5656 , 99.8243 , 67.6525 , 77.1955 , 66.8028 , 35.0223 , 42.834 , 62.1837 , 56.1593 , 19.6616 , 35.7697 , 72.9654 , 29.2713 , 52.8072 , 80.9516 , 89.1758 , 70.2922 , 84.7219 , 81.481 , 52.9001 , 49.7698 , 68.6992 , 52.9523 , 42.6526 , 42.9781 , 85.3269 , 56.8871 , 55.4241 , 70.6576 , 59.8827 , 75.4704 , 52.8278 , 25.7781 , 65.2792 , 62.2118 , 33.8261 , 52.0689 , 34.5295 , 94.4561 , 56.3459 , 84.3387 , 65.4703 , 76.0097 , 60.4937 , 53.0375 , 45.7395 , 137.57 , 25.91 , 72.6166 , 50.2465 , 46.8577 , 58.8883 , 58.3802 , 65.9098 , 61.3542 , 74.7864 , 63.0904 , 84.2836 , 58.2594 , 72.767 , 58.6622 , 69.3562 , 90.763 , 66.3858 , 77.1679 , 80.2409 , 57.4123 , 40.6642 , 84.4612 , 42.77 , 63.4469 , 72.9126 , 33.9644 , 48.2728 , 71.5881 , 47.9291 , 54.987 , 52.7628 , 61.0361 , 69.177 , 46.7716 , 49.0627 , 72.8182 , 87.2648 , 91.3128 , 74.59 , 125.961 , 79.9122 , 88.8699 , 57.3224 , 32.2164 , 44.8837 , 59.0473 , 91.3714 , 67.2968 , 51.4066 , 51.2967 , 47.2972 , 88.3088 , 50.4056 , 42.3763 , 82.121 , 121.806 , 57.7257 , 72.3001 , 71.0838 , 72.0596 , 67.5865 , 84.3488 , 53.8647 , 43.2897 , 66.2436 , 29.0946 , 57.3805 , 66.9612 , 66.0562 , 80.2782 , 82.2232 , 62.332 , 29.2148 , 63.1899 , 63.7682 , 70.9499 , 58.9352 , 76.5378 , 81.4222 , 35.4581 , 21.4748 , 128.386 , 71.3315 , 42.8451 , 53.0256 , 63.8649 , 164.422 , 75.3441 , 90.5717 , 44.4016 , 80.0658 , 66.6779 , 58.5061 , 76.7858 , 103.027 , 77.7018 , 64.2714 , 47.8524 , 69.7509 , 82.2029 , 40.7129 , 53.4511 , 41.708 , 37.081 , 64.2481 , 102.368 , 69.6573 , 46.5973 , 49.7872 , 46.6303 , 77.5562 , 29.4875 , 56.3153 , 73.4251 , 48.802 , 69.7182 , 73.2878 , 85.1263 , 63.843 , 97.9294 , 36.3821 , 53.2255 , 82.5595 , 65.2348 , 59.7157 , 55.6584 , 50.5489 , 53.5583 , 80.144 , 80.8613 , 66.6025 , 58.5321 , 19.7478 , 55.8461 , 39.2196 , 63.0594 , 54.646 , 75.9977 , 102.349 , 48.5084 , 69.1062 , 88.8279 , 88.9964 , 72.2077 , 45.9315 , 51.193 , 56.2759 , 134.963 , 82.0357 , 80.2303 , 86.5915 , 75.8469 , 102.166 , 47.1462 , 79.8437 , 81.1524 , 53.8455 , 89.1829 , 84.7547 , 64.2191 , 85.2065 , 83.4828 , 76.8272 , 34.8448 , 63.908 , 97.0362 , 98.7858 , 61.1302 , 67.1321 , 56.9387 , 54.8984 , 63.0865 , 87.4334 , 56.8969 , 47.2852 , 83.6606 , 71.0804 , 101.268 , 57.6396 , 79.1227 , 76.927 , 58.7932 , 44.0142 , 65.1621 , 57.8394 , 94.7614 , 63.2365 , 64.7575 , 55.0544 , 92.3015 , 71.727 , 82.7012 , 57.3064 , 69.359 , 89.2725 , 63.4179 , 85.3385 , 60.6783 , 104.279 , 63.0697 , 51.1092 , 50.8622 , 69.6204 , 65.2512 , 69.6693 , 58.6221 , 108.576 , 87.3757 , 46.8712 , 108 , 47.1044 , 64.5664 , 55.1186 , 84.2869 , 85.3614 , 77.2001 , 81.0217 , 45.153 , 48.3997 , 68.9598 , 35.6207 , 24.8302 , 61.8986 , 74.5971 , 76.2664 , 46.3767 , 87.8419 , 94.8122 , 31.9165 , 