var1=[44.3275 , 77.4232 , 58.4396 , 129.823 , 38.1325 , 74.6024 , 50.4017 , 61.1218 , 51.9841 , 83.974 , 72.3576 , 39.7284 , 50.4674 , 43.3558 , 38.4002 , 44.2009 , 46.6812 , 68.1611 , 52.1829 , 52.8201 , 60.5933 , 35.5402 , 75.3524 , 64.0403 , 50.8336 , 104.247 , 108.249 , 51.4471 , 36.0567 , 48.5195 , 42.4807 , 49.7273 , 69.065 , 61.3933 , 47.8069 , 36.9121 , 53.5631 , 45.2094 , 55.4339 , 71.1251 , 61.671 , 62.0102 , 71.2864 , 76.923 , 75.2825 , 41.5018 , 68.829 , 103.633 , 61.6522 , 57.8431 , 43.143 , 96.2834 , 54.7242 , 49.1099 , 50.7412 , 66.5641 , 85.0432 , 40.7536 , 40.0491 , 46.5648 , 41.2666 , 65.223 , 52.8226 , 76.9585 , 41.2602 , 66.4246 , 52.5223 , 50.617 , 55.1743 , 60.8064 , 56.2708 , 106.138 , 63.6891 , 63.3552 , 52.0268 , 39.9208 , 54.1998 , 49.9022 , 48.6069 , 64.62 , 78.2202 , 48.2483 , 58.0556 , 79.259 , 44.7449 , 39.4679 , 41.9219 , 69.1405 , 53.6685 , 58.3961 , 56.7567 , 47.704 , 34.6847 , 80.1171 , 80.8594 , 47.3943 , 62.7498 , 51.5087 , 77.8579 , 77.9161 , 35.2547 , 46.1501 , 54.368 , 80.2748 , 49.4829 , 45.1829 , 38.3096 , 66.3594 , 31.0471 , 39.8308 , 43.1898 , 74.3075 , 40.9367 , 67.7451 , 44.4156 , 127.086 , 39.9557 , 42.8619 , 54.1127 , 48.7593 , 59.3993 , 50.5555 , 49.7353 , 38.9571 , 59.8218 , 64.2569 , 75.3098 , 83.4419 , 48.9218 , 86.2899 , 57.8746 , 40.6665 , 102.542 , 56.8846 , 47.8124 , 86.8847 , 50.7338 , 115.445 , 69.182 , 86.9041 , 49.7053 , 40.4525 , 57.3592 , 42.7611 , 75.1474 , 68.2799 , 93.1773 , 38.7877 , 39.0529 , 67.5135 , 33.6428 , 52.0741 , 75.691 , 44.4621 , 39.9326 , 63.6116 , 86.8576 , 63.129 , 70.6473 , 79.6073 , 50.0479 , 102.025 , 38.3124 , 58.9574 , 70.2902 , 67.9472 , 75.4 , 66.0647 , 101.049 , 53.7401 , 42.7119 , 24.0212 , 74.2281 , 54.5648 , 73.3998 , 40.4433 , 61.3509 , 30.2291 , 59.4025 , 78.2707 , 44.565 , 59.1123 , 63.2002 , 103.533 , 57.9183 , 51.5902 , 54.9776 , 55.5151 , 40.3491 , 37.1552 , 49.6012 , 58.2022 , 45.0817 , 53.8751 , 63.3717 , 86.8147 , 71.5839 , 35.1881 , 69.632 , 61.0472 , 18.0692 , 73.9476 , 72.7632 , 45.1688 , 69.9197 , 43.8663 , 63.8922 , 45.3301 , 72.6935 , 35.3728 , 34.1508 , 34.714 , 60.9429 , 53.8614 , 39.9295 , 60.5134 , 29.0349 , 49.2612 , 41.0667 , 112.513 , 27.2735 , 48.6985 , 45.4098 , 41.145 , 44.6747 , 59.7041 , 79.6735 , 68.6795 , 42.6437 , 52.0572 , 73.8194 , 49.7317 , 45.1588 , 52.4254 , 64.8943 , 50.3943 , 60.9722 , 62.06 , 65.1068 , 62.1784 , 54.5454 , 92.1285 , 63.6386 , 41.6183 , 44.9166 , 45.626 , 47.0599 , 49.308 , 39.7271 , 81.912 , 59.5244 , 49.1034 , 76.8701 , 58.6034 , 43.5674 , 93.4072 , 48.098 , 66.4492 , 44.9791 , 60.5784 , 100.857 , 50.2133 , 45.2286 , 37.2317 , 54.3707 , 58.0292 , 67.4809 , 38.0245 , 41.4405 , 67.2153 , 55.1903 , 33.7977 , 62.6504 , 42.6828 , 52.4956 , 59.3574 , 36.6507 , 67.449 , 47.2561 , 31.3976 , 68.3877 , 36.9283 , 36.3416 , 42.7074 , 88.2172 , 114.373 , 48.5921 , 115.303 , 44.625 , 49.6731 , 65.2798 , 44.8868 , 74.6988 , 84.7403 , 74.9275 , 90.3425 , 79.9931 , 41.0739 , 47.0245 , 53.7218 , 43.6906 , 51.8912 , 37.0037 , 58.5165 , 66.8964 , 39.5363 , 61.1719 , 61.1452 , 52.7174 , 53.8623 , 92.1893 , 71.3585 , 50.922 , 77.6735 , 103.27 , 53.4176 , 29.2406 , 52.1202 , 69.8423 , 94.0498 , 43.167 , 37.9196 , 62.7415 , 51.1259 , 44.6979 , 67.4877 , 39.5316 , 40.0279 , 43.4205 , 26.8691 , 63.7852 , 81.0773 , 66.3992 , 73.4762 , 42.5372 , 57.7787 , 77.0278 , 38.625 , 55.7322 , 54.709 , 54.5145 , 77.5268 , 33.89 , 59.8592 , 62.876 , 39.8805 , 29.9637 , 34.5686 , 79.1074 , 35.8297 , 59.5605 , 45.9163 , 65.1757 , 70.5492 , 63.541 , 48.3064 , 42.3405 , 39.2898 , 99.4397 , 34.2223 , 65.633 , 60.2634 , 77.8174 , 34.8075 , 96.5453 , 52.0531 , 48.7664 , 41.7184 , 32.8354 , 43.4214 , 55.8176 , 62.8543 , 87.5939 , 93.6413 , 39.9258 , 62.9724 , 90.0337 , 50.5101 , 33.5339 , 34.4843 , 33.2558 , 76.4558 , 44.0646 , 67.1384 , 48.3878 , 63.9067 , 67.4397 , 54.3312 , 52.9338 , 64.0843 , 70.7583 , 62.9148 , 81.4863 , 73.0531 , 58.8121 , 84.6092 , 37.4143 , 52.8504 , 59.2328 , 52.2997 , 75.1856 , 65.857 , 50.0356 , 73.2436 , 46.9081 , 63.6773 , 42.2485 , 92.4144 , 79.0414 , 54.5666 , 50.0978 , 58.9776 , 66.3847 , 48.4252 , 111.054 , 39.6728 , 113.411 , 53.6345 , 52.8128 , 50.8113 , 64.5049 , 79.3809 , 36.0772 , 33.9526 , 37.4258 , 31.9127 , 31.1852 , 50.7751 , 46.1707 , 80.1097 , 60.8156 , 36.6158 , 68.3532 , 66.7596 , 86.2212 , 59.4132 , 74.1599 , 41.8842 , 32.9381 , 34.1021 , 43.0497 , 36.0129 , 57.9891 , 43.3965 , 58.212 , 39.2145 , 68.6214 , 58.4824 , 47.2878 , 77.5113 , 91.9186 , 69.2563 , 79.7387 , 54.5505 , 84.2828 , 57.4747 , 40.0273 , 42.9754 , 48.3154 , 39.9775 , 43.7809 , 52.475 , 79.8554 , 48.5666 , 39.1804 , 64.4406 , 74.3266 , 56.6896 , 64.3049 , 45.6538 , 40.5251 , 61.3845 , 57.4614 , 61.9908 , 70.4343 , 38.0369 , 41.6854 , 44.6812 , 55.5804 , 53.6466 , 61.4362 , 42.2917 , 60.9442 , 58.1696 , 40.3584 , 62.3506 , 46.3762 , 36.6347 , 56.9044 , 54.8258 , 64.8592 , 72.355 , 54.0194 , 38.3573 , 98.1343 , 48.5839 , 44.0152 , 40.3685 , 62.2288 , 51.8238 , 73.2618 , 46.771 , 45.019 , 71.9921 , 46.477 , 50.3052 , 57.6909 , 62.1812 , 66.4754 , 48.7016 , 28.4144 , 110.445 , 37.1921 , 50.6378 , 41.4109 , 51.1431 , 49.8329 , 74.4368 , 71.8344 , 65.4085 , 35.3962 , 46.1226 , 55.9433 , 59.0781 , 94.5261 , 38.8048 , 70.8261 , 41.7616 , 77.1156 , 33.3236 , 35.2912 , 61.2758 , 63.5186 , 77.5149 , 100.325 , 66.4447 , 58.2528 , 62.0618 , 49.3146 , 72.2719 , 106.577 , 35.3952 , 54.8795 , 31.5536 , 54.5159 , 49.9316 , 34.8157 , 37.9175 , 37.3899 , 62.3655 , 66.6689 , 56.5114 , 52.1146 , 69.0801 , 54.1325 , 62.859 , 50.9159 , 71.0915 , 40.9121 , 41.7159 , 60.8923 , 37.3826 , 20.3347 , 56.7509 , 43.7917 , 38.7912 , 32.7388 , 70.0111 , 29.7626 , 80.3305 , 50.7798 , 41.7188 , 58.9354 , 55.0891 , 68.2575 , 63.1982 , 46.0711 , 40.2109 , 55.9285 , 67.9381 , 57.8552 , 61.4414 , 31.71 , 32.9088 , 43.5261 , 54.3907 , 77.5516 , 26.3375 , 52.4819 , 49.4118 , 43.9802 , 45.8139 , 41.7209 , 78.8281 , 78.4288 , 48.1999 , 65.4696 , 83.3788 , 84.0349 , 84.016 , 61.4892 , 60.9375 , 47.6241 , 69.4779 , 60.2788 , 50.0429 , 54.3205 , 79.4536 , 63.0736 , 33.6233 , 34.7906 , 86.192 , 84.59 , 34.6263 , 59.3733 , 90.6634 , 67.7232 , 66.2398 , 65.2784 , 38.2285 , 43.5051 , 42.8632 , 79.5755 , 66.7694 , 45.7192 , 36.9448 , 38.8847 , 51.0769 , 58.5238 , 63.8145 , 45.2151 , 42.9046 , 40.4707 , 66.5341 , 49.5499 , 69.3212 , 29.262 , 52.9971 , 46.0506 , 85.9002 , 68.3719 , 49.548 , 34.9047 , 39.4313 , 32.1616 , 44.6473 , 73.12 , 41.7403 , 69.9991 , 94.2428 , 53.9097 , 63.5153 , 59.3302 , 52.8729 , 62.2893 , 42.6495 , 62.2632 , 69.5739 , 45.2898 , 67.4261 , 75.1842 , 94.9877 , 58.5607 , 18.9702 , 51.7459 , 49.9493 , 53.6905 , 54.6447 , 68.9479 , 58.3155 , 46.3205 , 43.4952 , 59.9375 , 84.3666 , 43.448 , 45.9076 , 59.9554 , 28.3254 , 48.5518 , 61.6697 , 62.7572 , 41.9472 , 77.6132 , 72.3773 , 36.4237 , 79.0548 , 55.8629 , 102.099 , 51.6577 , 46.2236 , 42.629 , 40.977 , 80.1504 , 153.815 , 99.508 , 50.8367 , 46.9407 , 34.1298 , 45.323 , 41.93 , 29.3862 , 80.6089 , 60.7104 , 42.7884 , 38.5281 , 51.9595 , 61.2924 , 43.4413 , 30.8071 , 51.8047 , 69.8518 , 58.0878 , 52.8868 , 84.4243 , 86.83 , 44.4614 , 48.5157 , 70.3433 , 84.0427 , 60.4001 , 104.858 , 64.0894 , 42.5844 , 57.9507 , 65.3388 , 47.3086 , 60.9049 , 32.1394 , 44.927 , 100.012 , 84.6781 , 76.0766 , 42.6388 , 47.401 , 44.7489 , 54.2799 , 39.3007 , 62.604 , 38.324 , 56.1788 , 82.1161 , 40.1619 , 108.899 , 27.7867 , 54.5239 , 79.332 , 52.8272 , 70.8779 , 67.7617 , 63.021 , 48.65 , 89.4581 , 60.4586 , 69.7661 , 52.3873 , 77.5621 , 63.6008 , 70.0769 , 81.9471 , 62.7395 , 47.566 , 73.8304 , 80.5418 , 70.9183 , 46.2302 , 65.4669 , 108.993 , 44.7097 , 79.7158 , 87.0075 , 85.204 , 44.0199 , 69.1588 , 70.0571 , 61.1817 , 42.5458 , 59.1455 , 38.8181 , 59.9969 , 42.3118 , 89.2731 , 85.2746 , 47.4346 , 39.2097 , 42.755 , 50.9723 , 54.1912 , 53.4962 , 71.6589 , 89.0172 , 30.9458 , 76.498 , 126.546 , 44.184 , 55.1113 , 81.3038 , 73.7952 , 62.0519 , 40.971 , 74.0246 , 68.5584 , 58.7313 , 61.4735 , 69.3355 , 47.5762 , 38.1012 , 62.327 , 