var1=[58.9749 , 38.5023 , 63.3798 , 63.3071 , 66.6636 , 47.8811 , 71.606 , 38.4956 , 27.9844 , 79.6767 , 47.701 , 95.8832 , 40.0888 , 45.4889 , 60.9884 , 57.0155 , 43.9432 , 91.1608 , 51.4528 , 35.2712 , 94.4809 , 46.4325 , 45.066 , 112.026 , 52.4561 , 59.8895 , 71.1753 , 66.3231 , 50.5348 , 55.2424 , 49.699 , 76.5327 , 94.9537 , 53.9211 , 36.2788 , 60.6617 , 75.169 , 54.7341 , 39.2949 , 44.5074 , 45.5793 , 27.3586 , 55.991 , 24.7028 , 73.9283 , 52.1737 , 82.7588 , 64.2529 , 80.6747 , 43.7647 , 62.9357 , 63.0931 , 65.3021 , 62.8006 , 74.7304 , 88.3891 , 42.2152 , 50.251 , 51.1805 , 83.3885 , 65.4739 , 48.15 , 62.6245 , 150.89 , 57.3023 , 39.1002 , 76.2414 , 53.309 , 53.379 , 35.1593 , 71.8996 , 44.743 , 74.8914 , 109.891 , 65.0568 , 53.8686 , 50.0167 , 47.2897 , 34.7414 , 58.7611 , 85.8854 , 51.7891 , 33.6884 , 100.816 , 43.668 , 51.1873 , 35.2923 , 36.6694 , 44.3755 , 30.8149 , 82.0786 , 55.8147 , 71.9799 , 79.6475 , 38.9951 , 70.1841 , 52.0812 , 91.7947 , 40.7894 , 52.144 , 64.2199 , 69.757 , 51.6352 , 70.9795 , 78.24 , 102.898 , 51.5249 , 70.0957 , 47.409 , 51.4928 , 62.6438 , 62.0228 , 42.3494 , 89.225 , 59.2072 , 26.0629 , 69.2174 , 50.9088 , 51.0307 , 59.7123 , 85.5238 , 55.7655 , 63.3988 , 49.6716 , 71.2369 , 50.5468 , 70.6366 , 75.4274 , 49.2293 , 76.2687 , 43.0091 , 73.2585 , 65.1261 , 64.1325 , 72.0325 , 35.9823 , 96.2075 , 40.8296 , 95.2013 , 66.4511 , 50.6542 , 36.4742 , 49.1402 , 58.8781 , 103.597 , 65.5991 , 101.115 , 53.3441 , 84.8998 , 71.5751 , 47.999 , 109.186 , 44.497 , 63.6381 , 42.3783 , 93.4113 , 80.5599 , 66.2596 , 84.8672 , 58.3223 , 69.7304 , 58.8991 , 39.7308 , 99.9193 , 49.3412 , 46.3368 , 69.9923 , 62.5281 , 54.0432 , 61.5949 , 58.2439 , 79.2674 , 51.0619 , 73.9515 , 50.8473 , 104.25 , 114.776 , 45.8287 , 63.0692 , 46.4683 , 54.927 , 46.2609 , 52.5349 , 47.4964 , 91.9562 , 45.0756 , 93.8787 , 51.1006 , 31.6257 , 54.5391 , 68.3848 , 71.0461 , 53.1851 , 80.6831 , 46.1348 , 46.9628 , 65.837 , 95.4716 , 43.5274 , 88.5214 , 45.7715 , 102.631 , 25.3234 , 57.2376 , 97.8877 , 49.2972 , 48.1735 , 48.9377 , 59.8977 , 30.9831 , 98.2313 , 54.861 , 105.574 , 66.3941 , 66.3985 , 69.5705 , 65.5359 , 47.71 , 72.3462 , 69.2076 , 50.2679 , 52.9724 , 62.5077 , 42.675 , 65.9251 , 62.2496 , 106.729 , 70.5843 , 46.2669 , 62.0264 , 72.4863 , 63.8048 , 37.432 , 89.9929 , 99.6148 , 58.8179 , 24.7325 , 18.4757 , 87.5012 , 48.5547 , 90.4617 , 85.5495 , 48.4685 , 50.6727 , 75.6993 , 71.0105 , 66.8304 , 69.164 , 67.2601 , 43.4244 , 38.877 , 52.461 , 53.5248 , 121.349 , 28.0064 , 38.012 , 50.2138 , 52.7467 , 59.5936 , 42.5124 , 69.7996 , 107.801 , 48.2958 , 66.4223 , 82.2558 , 63.3378 , 108.513 , 103.071 , 62.6042 , 93.1385 , 55.8967 , 66.9669 , 66.5501 , 76.1586 , 97.4874 , 151.869 , 58.4823 , 38.7255 , 102.519 , 97.0333 , 37.7846 , 58.4979 , 76.6454 , 114.405 , 59.3781 , 72.2073 , 86.3234 , 44.8257 , 57.6999 , 44.3492 , 55.8198 , 82.6453 , 62.529 , 90.5766 , 89.6804 , 49.0039 , 40.6586 , 109.195 , 67.6041 , 53.857 , 86.412 , 53.3987 , 43.6817 , 49.9208 , 63.9917 , 79.6063 , 65.8296 , 73.0858 , 63.7085 , 76.5018 , 60.2695 , 65.3177 , 91.5923 , 61.3622 , 40.6001 , 58.6929 , 109.069 , 51.6693 , 29.3569 , 51.5664 , 60.7452 , 53.5458 , 98.7914 , 34.9882 , 93.0208 , 68.3314 , 53.3298 , 107.137 , 56.0467 , 62.2264 , 93.2057 , 51.2712 , 33.6071 , 54.8586 , 72.8632 , 60.7323 , 83.1658 , 117.029 , 67.3043 , 74.5955 , 59.0696 , 24.9879 , 51.1502 , 47.9919 , 57.1218 , 71.7183 , 36.026 , 79.2071 , 30.0946 , 85.2645 , 69.8034 , 83.4583 , 84.8471 , 62.9035 , 35.2832 , 82.6645 , 61.2125 , 32.2039 , 54.2812 , 46.0692 , 97.0177 , 73.223 , 78.7694 , 71.0839 , 57.2251 , 33.4169 , 75.5233 , 45.9662 , 75.2715 , 59.9243 , 54.1056 , 79.3533 , 45.5782 , 61.5631 , 37.2602 , 69.6047 , 54.4039 , 56.6513 , 40.8131 , 20.704 , 73.8623 , 50.5468 , 94.7875 , 28.4761 , 61.5087 , 108.565 , 64.099 , 55.657 , 35.7969 , 50.7278 , 49.1723 , 96.5402 , 58.992 , 77.8002 , 54.3459 , 74.3976 , 80.6757 , 42.009 , 112.426 , 76.3186 , 45.3046 , 53.8176 , 48.4656 , 42.2513 , 80.5923 , 53.7887 , 81.7114 , 68.4685 , 76.1685 , 75.4393 , 105.797 , 39.9911 , 54.9896 , 61.6272 , 52.4373 , 64.3186 , 97.7658 , 84.683 , 90.1029 , 66.4603 , 31.7985 , 64.3395 , 48.0573 , 61.7353 , 84.5212 , 53.1449 , 52.5665 , 90.1518 , 61.602 , 39.9884 , 71.3535 , 68.4222 , 63.7495 , 59.5481 , 69.391 , 35.0274 , 55.8957 , 64.1517 , 51.1536 , 97.2078 , 71.4997 , 48.1425 , 46.6701 , 76.8305 , 96.2796 , 51.8931 , 46.6633 , 47.3913 , 71.2604 , 60.8912 , 97.5237 , 39.2918 , 82.1181 , 68.3215 , 62.3074 , 53.7185 , 49.2912 , 36.0195 , 103.749 , 67.6929 , 61.1408 , 59.4474 , 61.4212 , 42.378 , 35.3571 , 102.975 , 45.9373 , 66.7454 , 43.0557 , 56.0136 , 82.0929 , 77.1682 , 41.0414 , 83.48 , 57.5375 , 83.5047 , 73.627 , 87.8366 , 46.8896 , 57.5942 , 99.7786 , 43.4642 , 70.4947 , 40.719 , 53.4596 , 67.3855 , 62.7277 , 58.9967 , 75.9729 , 93.3293 , 65.5937 , 61.2659 , 52.2569 , 98.3213 , 39.975 , 74.6784 , 54.0103 , 77.1167 , 47.5004 , 59.0096 , 73.1758 , 50.5904 , 83.5759 , 82.775 , 66.734 , 43.8198 , 43.6595 , 66.6738 , 56.769 , 88.02 , 33.3814 , 26.1065 , 57.4552 , 46.1987 , 76.3984 , 106.934 , 93.537 , 89.3763 , 72.8197 , 68.9434 , 33.5334 , 50.2727 , 53.6726 , 92.0293 , 70.9874 , 54.3371 , 47.1763 , 54.5333 , 54.4994 , 44.8675 , 93.4907 , 30.2927 , 57.0585 , 58.7189 , 48.5497 , 53.3658 , 65.2005 , 69.3402 , 68.9111 , 50.6373 , 68.6423 , 37.2503 , 35.9749 , 54.1603 , 64.4562 , 67.6288 , 53.1954 , 38.095 , 54.116 , 53.0681 , 76.6631 , 36.4118 , 63.4823 , 52.6245 , 58.0322 , 41.2997 , 59.2072 , 91.2246 , 117.907 , 37.6297 , 46.3383 , 56.4993 , 56.313 , 59.2686 , 53.6693 , 60.0221 , 55.1245 , 51.1068 , 33.8389 , 60.2033 , 81.0213 , 92.1336 , 77.7298 , 80.412 , 67.353 , 43.9675 , 40.0902 , 35.4751 , 72.8847 , 60.7856 , 86.4798 , 33.5565 , 52.8729 , 41.6237 , 36.2145 , 30.6031 , 79.903 , 37.2784 , 103.122 , 70.4064 , 106.166 , 84.0382 , 65.8354 , 44.3827 , 67.6904 , 38.3028 , 43.0418 , 79.6733 , 50.0387 , 57.3533 , 65.0642 , 59.3335 , 60.1012 , 56.8834 , 63.3962 , 49.7366 , 58.1828 , 92.5424 , 82.1803 , 48.4924 , 34.0666 , 71.0729 , 53.2556 , 37.7589 , 55.0888 , 54.1926 , 81.4127 , 67.7534 , 109.458 , 91.8545 , 67.1891 , 65.5492 , 53.0571 , 55.0902 , 57.0664 , 39.4188 , 90.5964 , 64.2068 , 63.4647 , 72.2416 , 100.367 , 79.5866 , 56.9028 , 50.4895 , 51.1726 , 77.2894 , 42.2829 , 102.162 , 42.4722 , 71.6209 , 56.2577 , 35.8007 , 86.4138 , 46.218 , 66.702 , 79.668 , 33.3732 , 46.8634 , 54.582 , 60.944 , 68.736 , 39.4885 , 51.2072 , 94.8816 , 95.5632 , 67.5712 , 93.053 , 48.2632 , 86.4383 , 82.179 , 51.1528 , 56.1088 , 99.9453 , 23.6595 , 33.9951 , 36.4757 , 81.7767 , 41.3542 , 112.019 , 61.4914 , 57.7779 , 52.251 , 59.8398 , 59.9481 , 70.1128 , 28.7234 , 64.3757 , 49.9683 , 51.5092 , 77.0956 , 66.9008 , 83.7716 , 59.6928 , 94.4854 , 52.3034 , 48.673 , 22 , 98.7317 , 64.0533 , 76.6365 , 88.6088 , 91.6422 , 73.2093 , 104.399 , 48.6367 , 37.7326 , 57.5735 , 88.3815 , 57.0983 , 79.1199 , 51.6988 , 61.5723 , 73.2385 , 74.965 , 73.6894 , 54.8529 , 42.9012 , 52.7481 , 57.7225 , 47.1952 , 80.4842 , 46.3839 , 64.8831 , 23.641 , 115.832 , 50.1684 , 64.0616 , 65.9961 , 74.9619 , 64.4234 , 52.7392 , 123.839 , 48.823 , 44.7526 , 82.1573 , 53.4685 , 85.3104 , 55.5094 , 34.275 , 81.5903 , 93.9929 , 93.9841 , 79.2211 , 49.162 , 51.4537 , 102.804 , 57.8356 , 64.3061 , 60.5563 , 70.7745 , 32.7491 , 108.873 , 60.5406 , 33.2487 , 52.0751 , 71.6259 , 33.6291 , 50.2907 , 46.4588 , 59.6751 , 65.18 , 58.7818 , 48.3849 , 45.9788 , 61.8924 , 73.9113 , 103.641 , 56.3226 , 51.1574 , 41.2637 , 63.0179 , 50.3538 , 96.2322 , 57.9579 , 67.4566 , 70.3171 , 82.5167 , 26.6832 , 73.6263 , 105.061 , 78.3346 , 23.3721 , 87.8531 , 80.5886 , 64.3872 , 38.5549 , 93.7783 , 65.383 , 68.1886 , 84.6949 , 38.0416 , 31.8597 , 53.8029 , 33.4805 , 47.0728 , 51.4757 , 83.0196 , 76.3412 , 78.9595 , 60.7723 , 79.5732 , 90.2476 , 46.0273 , 37.8996 , 58.8222 , 41.4232 , 56.6847 , 115.523 , 49.3518 , 55.1013 , 44.7327 , 44.0386 , 75.6014 , 70.5841 , 51.1761 , 73.7218 , 113.511 , 67.9273 , 