var1=[45.1148 , 59.9403 , 50.723 , 60.0897 , 54.4233 , 69.034 , 53.7423 , 47.859 , 56.2935 , 48.6613 , 75.7538 , 45.4847 , 69.029 , 61.4077 , 78.714 , 42.0224 , 60.4541 , 50.1688 , 51.3068 , 43.766 , 39.4347 , 53.2091 , 53.4474 , 44.8343 , 48.0278 , 60.992 , 62.8918 , 107.152 , 65.8521 , 54.5255 , 44.9475 , 88.5634 , 66.2957 , 72.4892 , 36.5925 , 43.8352 , 34.0002 , 42.3516 , 55.076 , 85.6722 , 63.8985 , 64.5549 , 53.6837 , 73.4324 , 71.6306 , 58.3618 , 33.0988 , 32.1761 , 62.4011 , 58.3599 , 38.2831 , 38.439 , 32.6325 , 33.5868 , 59.0147 , 61.7702 , 73.4587 , 79.0439 , 38.8485 , 53.8863 , 42.1146 , 58.542 , 50.0666 , 42.5502 , 42.1158 , 39.9479 , 76.6531 , 43.8455 , 95.9949 , 61.167 , 52.8298 , 31.8495 , 55.6201 , 40.7507 , 50.5837 , 75.7308 , 37.2384 , 67.73 , 54.8083 , 103.835 , 61.4123 , 58.6873 , 53.2068 , 76.4478 , 61.2785 , 40.9008 , 37.7763 , 47.4528 , 83.0671 , 50.5887 , 57.1777 , 49.4863 , 38.8514 , 49.5706 , 28.0098 , 54.3232 , 34.1592 , 39.8955 , 51.9064 , 51.4865 , 46.9456 , 62.6657 , 51.1091 , 108.23 , 55.4388 , 69.3022 , 87.0785 , 52.0182 , 60.5169 , 85.9542 , 53.0692 , 30.9255 , 63.664 , 67.543 , 48.8826 , 99.4988 , 65.0789 , 46.581 , 68.2232 , 35.647 , 49.0758 , 42.7259 , 109.625 , 59.8987 , 78.0754 , 73.1154 , 52.3046 , 61.3323 , 33.3577 , 63.9972 , 26.5416 , 59.1883 , 45.6317 , 45.8686 , 39.0465 , 86.1029 , 62.7106 , 48.3713 , 71.2346 , 54.2069 , 35.5554 , 43.2361 , 64.8931 , 68.6972 , 71.4446 , 66.3253 , 68.3802 , 50.1915 , 60.344 , 60.6801 , 90.0944 , 45.9707 , 54.0579 , 37.2811 , 50.1779 , 48.8526 , 52.6467 , 45.6553 , 93.1809 , 43.3312 , 70.3629 , 61.3714 , 73.5734 , 52.0119 , 80.8829 , 33.4021 , 41.2814 , 45.5185 , 98.2617 , 59.4626 , 52.9314 , 78.2367 , 36.5774 , 47.7283 , 49.7474 , 75.0633 , 54.5424 , 52.5134 , 47.5338 , 75.3675 , 40.0851 , 66.1713 , 46.6427 , 68.8379 , 48.1992 , 68.4838 , 95.2067 , 25.8609 , 77.5419 , 35.5757 , 78.2627 , 27.9509 , 44.8726 , 34.8131 , 48.8241 , 77.3494 , 75.7798 , 28.2995 , 54.0423 , 92.7043 , 65.2371 , 35.1629 , 57.0919 , 48.7182 , 91.6616 , 31.4229 , 34.5283 , 55.3611 , 62.2829 , 62.3377 , 41.2639 , 66.7938 , 85.1022 , 56.7639 , 45.5031 , 59.1257 , 50.5348 , 59.3271 , 77.7063 , 46.6157 , 36.362 , 34.3778 , 50.5793 , 29.6183 , 60.5586 , 28.8285 , 62.1714 , 47.1078 , 35.7028 , 49.5944 , 75.8203 , 56.9499 , 42.9983 , 71.9877 , 50.5264 , 37.3185 , 31.3238 , 85.2836 , 68.4847 , 41.1204 , 46.0001 , 55.5563 , 52.5235 , 96.0354 , 45.6493 , 39.0556 , 70.6347 , 69.3105 , 35.6967 , 98.7064 , 46.0529 , 40.1536 , 65.1601 , 34.8186 , 73.3906 , 41.0082 , 51.749 , 55.6334 , 51.7809 , 72.8355 , 62.3134 , 59.3953 , 52.2428 , 42.6432 , 65.891 , 57.8698 , 60.6928 , 31.1346 , 38.9069 , 26.6255 , 34.146 , 41.9923 , 32.9803 , 50.1949 , 77.0629 , 57.3468 , 43.0536 , 43.7084 , 56.4217 , 45.0245 , 31.1892 , 48.5457 , 58.285 , 53.1284 , 75.4885 , 45.7061 , 32.6235 , 51.3204 , 39.6659 , 43.6765 , 62.6258 , 34.6187 , 71.8988 , 51.834 , 83.9971 , 67.9061 , 71.1491 , 36.16 , 43.6416 , 71.1091 , 68.6889 , 48.0761 , 47.3524 , 55.9141 , 73.2746 , 33.0207 , 50.3048 , 36.9821 , 77.2039 , 72.0206 , 52.3409 , 33.5508 , 57.0735 , 38.0856 , 81.8036 , 48.5477 , 51.4947 , 57.8332 , 42.5271 , 39.978 , 77.5148 , 56.6249 , 70.7868 , 48.2795 , 54.921 , 39.6235 , 25.4615 , 42.7322 , 33.6392 , 43.8585 , 57.2974 , 44.0262 , 52.0457 , 36.4308 , 63.1841 , 58.2928 , 45.4099 , 39.8465 , 71.995 , 48.961 , 36.1539 , 48.5553 , 62.1846 , 49.9858 , 39.0114 , 57.8485 , 79.7546 , 58.668 , 57.3057 , 43.687 , 79.5854 , 78.2088 , 55.1992 , 96.4263 , 62.1862 , 73.6583 , 48.3289 , 36.7099 , 57.2667 , 34.5793 , 47.2765 , 75.2358 , 56.7508 , 44.4228 , 59.8907 , 53.2014 , 49.1818 , 59.2083 , 34.4054 , 45.9423 , 59.7608 , 72.0099 , 49.7621 , 57.8376 , 34.3713 , 36.8611 , 46.4577 , 38.4867 , 56.449 , 43.3242 , 57.7085 , 56.4595 , 49.1725 , 53.014 , 31.6706 , 37.8047 , 64.7105 , 66.1374 , 29.8152 , 62.9237 , 67.7252 , 51.9514 , 40.4464 , 62.6693 , 72.0869 , 44.9126 , 53.645 , 66.4264 , 36.1119 , 38.9839 , 40.7131 , 72.1721 , 56.056 , 52.1062 , 43.6577 , 78.8418 , 75.6234 , 65.4838 , 63.442 , 47.4044 , 39.5145 , 33.2284 , 62.9565 , 78.2921 , 61.9281 , 27.9888 , 66.1114 , 45.3591 , 76.7593 , 66.6808 , 33.1317 , 102.993 , 60.0439 , 45.8912 , 73.0922 , 54.0341 , 30.2583 , 25.9921 , 24.5941 , 42.0862 , 83.18 , 53.999 , 57.6523 , 52.989 , 35.7782 , 87.9469 , 36.8291 , 35.6223 , 51.7468 , 46.9502 , 44.005 , 56.6009 , 47.864 , 68.1761 , 54.2918 , 33.0305 , 63.1161 , 46.4325 , 71.5072 , 78.2673 , 50.6826 , 83.682 , 75.218 , 58.2671 , 52.6779 , 52.3545 , 60.7679 , 42.0193 , 48.302 , 54.3763 , 73.8401 , 43.6877 , 47.2587 , 44.7496 , 78.212 , 41.8471 , 42.3491 , 42.8005 , 53.4199 , 35.0353 , 36.5086 , 56.8756 , 80.8096 , 47.9289 , 70.0067 , 42.355 , 75.4358 , 84.9736 , 34.7331 , 57.0932 , 56.5096 , 64.8801 , 53.3971 , 45.7698 , 48.3129 , 47.2103 , 47.5122 , 35.1437 , 45.2052 , 72.8357 , 58.976 , 60.6656 , 72.7557 , 60.1061 , 85.7791 , 55.1928 , 51.4565 , 78.4679 , 75.1667 , 59.2998 , 60.5966 , 40.4284 , 45.7893 , 54.2675 , 52.6382 , 41.3388 , 53.1446 , 53.8229 , 74.2259 , 58.0103 , 38.4229 , 62.7916 , 37.9405 , 37.5681 , 46.2178 , 56.7544 , 50.0523 , 67.0773 , 43.5751 , 86.288 , 37.7615 , 59.4484 , 66.2542 , 60.1696 , 32.484 , 33.6175 , 64.4858 , 30.5532 , 84.8602 , 58.6281 , 37.8455 , 42.5863 , 53.5595 , 39.1039 , 44.5448 , 57.1745 , 73.8125 , 88.6611 , 43.2828 , 38.3875 , 59.5563 , 42.8162 , 58.1714 , 64.1433 , 60.2416 , 85.6329 , 38.1838 , 57.1595 , 51.9914 , 51.6628 , 33.936 , 57.8171 , 40.2148 , 40.2002 , 41.3578 , 67.3811 , 52.4707 , 57.5985 , 75.8967 , 67.3903 , 44.5254 , 58.0148 , 49.3989 , 34.7 , 72.5759 , 69.3917 , 72.7359 , 83.424 , 79.4088 , 50.1086 , 32.7076 , 64.9695 , 50.2419 , 86.2784 , 83.1637 , 52.1602 , 48.4278 , 51.0838 , 39.8782 , 75.999 , 44.6371 , 54.3242 , 36.4272 , 44.9395 , 52.8219 , 28.2743 , 51.7918 , 80.9545 , 47.4243 , 40.9392 , 62.9378 , 48.6635 , 36.6597 , 35.7706 , 48.9273 , 50.9066 , 61.13 , 50.146 , 47.7301 , 45.6078 , 50.2681 , 67.3388 , 64.6253 , 39.8631 , 52.9097 , 72.3327 , 49.2838 , 63.8839 , 56.549 , 54.7331 , 42.7897 , 56.3308 , 41.8465 , 50.4997 , 45.469 , 46.8878 , 92.2888 , 54.5151 , 29.3002 , 32.7753 , 39.0478 , 74.1515 , 45.9892 , 41.8565 , 56.0438 , 86.0968 , 48.6587 , 57.0892 , 89.6011 , 70.2406 , 34.515 , 54.8771 , 49.1488 , 32.8062 , 48.3059 , 79.2489 , 48.4994 , 60.8538 , 47.1507 , 93.5462 , 38.5478 , 28.356 , 99.6855 , 51.37 , 60.9065 , 44.5487 , 74.724 , 50.3843 , 39.9304 , 62.067 , 33.5685 , 52.3581 , 48.3225 , 35.1681 , 49.6428 , 95.4802 , 46.6082 , 74.0692 , 35.534 , 37.7805 , 50.9188 , 65.0739 , 45.7698 , 33.3896 , 59.8361 , 59.8458 , 44.8891 , 35.696 , 59.8771 , 41.6041 , 75.9494 , 66.2838 , 42.491 , 35.7099 , 57.1559 , 73.4126 , 43.0289 , 87.5732 , 40.0075 , 78.5327 , 48.7722 , 43.9017 , 88.4686 , 42.8883 , 39.0852 , 53.3581 , 50.6433 , 65.8613 , 67.6586 , 69.6147 , 38.5163 , 59.0662 , 62.8848 , 64.2483 , 63.5455 , 50.0252 , 51.2261 , 68.6231 , 55.0996 , 26.6885 , 65.4987 , 68.8054 , 45.6789 , 49.98 , 59.2852 , 69.4877 , 56.9981 , 43.7888 , 51.7715 , 50.47 , 67.7719 , 47.2312 , 78.3034 , 29.5268 , 95.6669 , 46.7061 , 63.3182 , 54.5743 , 56.4081 , 83.7619 , 51.8289 , 76.7762 , 54.2033 , 52.9416 , 41.6057 , 34.5843 , 67.2563 , 48.0142 , 44.2774 , 61.104 , 37.7 , 38.5347 , 67.3887 , 39.6993 , 47.4392 , 75.2444 , 55.2254 , 38.2919 , 26.4185 , 50.3329 , 81.4743 , 51.4532 , 124.67 , 33.5693 , 41.6355 , 66.9341 , 48.5586 , 60.0821 , 41.4241 , 39.5058 , 54.7838 , 67.4713 , 66.3691 , 38.2146 , 56.9993 , 63.9988 , 52.8136 , 54.6336 , 49.6389 , 47.828 , 78.1938 , 89.2738 , 63.6422 , 47.1444 , 63.4757 , 73.1691 , 69.1515 , 57.713 , 34.557 , 94.2186 , 48.945 , 34.132 , 105.072 , 41.0174 , 44.8346 , 45.1625 , 61.8879 , 45.2466 , 68.7197 , 33.5857 , 50.8388 , 83.3073 , 47.5316 , 40.654 , 44.0516 , 53.4925 , 67.228 , 76.5789 , 69.54 , 30.3546 , 24.4506 , 50.2973 , 39.2475 , 34.876 , 61.1322 , 72.9703 , 58.2586 , 62.6587 , 28.9004 , 55.7349 , 74.033 , 54.7937 , 52.8714 , 41.1697 , 38.3381 , 55.4439 , 52.3479 , 75.8812 , 