var1=[71.4195 , 60.5331 , 48.1711 , 89.556 , 54.8952 , 59.4168 , 96.2633 , 42.4726 , 67.7439 , 59.1174 , 44.6574 , 75.5107 , 82.2485 , 50.5009 , 58.6884 , 36.1255 , 41.9148 , 60.9112 , 56.5141 , 98.7559 , 67.1232 , 50.6599 , 44.3827 , 84.6829 , 61.1033 , 133.186 , 125.334 , 75.9824 , 14.3041 , 78.4888 , 84.9567 , 71.0437 , 92.0467 , 105.333 , 40.2348 , 39.792 , 37.0374 , 102.259 , 56.4781 , 75.1264 , 53.1463 , 59.9203 , 62.7072 , 61.1026 , 66.5452 , 67.3127 , 51.2201 , 50.0361 , 62.6087 , 73.0912 , 65.5563 , 40.9701 , 54.6411 , 103.859 , 71.9039 , 76.2217 , 55.1983 , 117.397 , 77.28 , 22.9058 , 58.0586 , 36.2677 , 68.3253 , 103.342 , 45.1389 , 64.2861 , 53.8152 , 45.9401 , 54.2825 , 77.9659 , 71.1366 , 69.5648 , 66.6083 , 54.6318 , 69.9567 , 72.0777 , 82.9067 , 49.2417 , 30.9882 , 93.0443 , 86.6589 , 66.4029 , 64.813 , 130.166 , 16.7308 , 36.52 , 40.9738 , 89.8448 , 45.6459 , 44.2671 , 75.095 , 79.1268 , 35.3154 , 57.5498 , 33.1799 , 52.9023 , 123.004 , 65.4623 , 31.873 , 53.0982 , 47.5217 , 76.7443 , 130.54 , 111.365 , 54.4258 , 71.8303 , 64.6587 , 67.3596 , 100.55 , 39.8627 , 30.9047 , 69.6387 , 55.847 , 68.4849 , 57.8746 , 103.188 , 40.3687 , 45.0511 , 68.4456 , 53.6946 , 88.4341 , 100.652 , 50.2829 , 75.9828 , 54.4066 , 50.0384 , 32.3661 , 58.8886 , 103.488 , 55.5766 , 34.1456 , 53.3756 , 77.7593 , 53.8996 , 71.5524 , 99.1664 , 74.5569 , 42.4712 , 57.1115 , 68.1105 , 42.5122 , 55.7555 , 36.4891 , 73.5424 , 62.3169 , 47.743 , 47.1843 , 55.2113 , 103.763 , 50.3864 , 63.3187 , 59.8491 , 46.2085 , 59.0283 , 65.8528 , 40.7111 , 51.2412 , 61.5699 , 98.421 , 54.6316 , 100.188 , 59.4467 , 60.7593 , 80.4076 , 92.6653 , 61.0654 , 45.1581 , 59.1988 , 52.5609 , 79.7186 , 61.0002 , 68.6207 , 89.5565 , 44.2146 , 63.249 , 45.1065 , 74.4736 , 43.2345 , 43.1988 , 66.757 , 75.7647 , 54.6173 , 53.8222 , 84.32 , 47.8711 , 74.0659 , 57.0643 , 52.108 , 43.3444 , 105.509 , 60.05 , 57.6575 , 41.4128 , 60.8058 , 65.7734 , 50.6978 , 58.7899 , 27.6304 , 60.6428 , 57.052 , 39.7123 , 123.508 , 59.4626 , 84.6665 , 39.667 , 60.7852 , 69.811 , 110.084 , 54.5013 , 34.445 , 48.4609 , 58.2028 , 76.7217 , 58.3615 , 59.2514 , 63.9046 , 39.4326 , 82.2265 , 52.7218 , 24.9803 , 63.285 , 56.7049 , 73.3496 , 49.9132 , 82.8124 , 53.3831 , 60.5232 , 84.3736 , 52.8725 , 67.0731 , 58.7145 , 59.0186 , 39.0662 , 47.1885 , 39.2772 , 51.5576 , 81.7464 , 104.268 , 50.2878 , 91.3832 , 64.8017 , 25.9573 , 88.0209 , 58.3751 , 81.9271 , 45.2333 , 68.9449 , 44.72 , 49.4898 , 61.9051 , 78.9925 , 59.6927 , 90.2809 , 63.4629 , 40.6518 , 43.9254 , 56.9024 , 81.2181 , 70.102 , 77.963 , 57.6778 , 86.7981 , 73.362 , 63.523 , 18.4944 , 65.4233 , 65.6771 , 36.9034 , 94.4482 , 50.22 , 40.1944 , 26.2649 , 44.6674 , 62.3099 , 46.4948 , 50.4196 , 78.0245 , 41.9182 , 53.9903 , 43.7968 , 50.9471 , 92.5466 , 33.8777 , 52.8055 , 72.1359 , 46.8875 , 55.3629 , 55.7677 , 54.2115 , 83.6375 , 73.2765 , 45.2342 , 74.5389 , 45.8391 , 35.1813 , 66.6917 , 54.1488 , 56.3926 , 59.2174 , 41.8862 , 51.5209 , 72.7893 , 46.6151 , 78.0007 , 118.606 , 49.0067 , 72.0532 , 40.1478 , 56.9822 , 47.5515 , 85.2918 , 94.7278 , 42.4226 , 41.8124 , 62.6566 , 73.1415 , 45.8089 , 88.6892 , 94.6458 , 28.3408 , 67.5827 , 61.9392 , 78.3633 , 64.1339 , 52.7511 , 60.118 , 135.689 , 76.8076 , 68.6755 , 71.0028 , 38.4499 , 61.9745 , 55.4265 , 55.1229 , 45.239 , 49.6754 , 52.409 , 54.5935 , 61.0106 , 98.9214 , 46.5844 , 62.926 , 39.4193 , 63.0265 , 76.9571 , 51.1381 , 59.1953 , 74.5976 , 60.9248 , 53.8139 , 45.3254 , 54.8632 , 38.5584 , 38.117 , 76.4052 , 46.078 , 67.08 , 38.6133 , 69.6274 , 70.78 , 100.041 , 65.0877 , 55.6349 , 59.9257 , 54.4532 , 67.1946 , 50.1544 , 51.8829 , 31.9561 , 128.679 , 68.4247 , 75.4896 , 49.0517 , 94.1672 , 72.9783 , 83.2305 , 65.4233 , 31.9441 , 61.0911 , 62.0302 , 38.9933 , 63.3825 , 81.7089 , 49.9684 , 37.0923 , 47.7388 , 57.1153 , 60.4015 , 54.28 , 72.2866 , 70.1544 , 55.1061 , 73.1318 , 51.3057 , 39.7401 , 81.8368 , 31.1466 , 69.2674 , 123.578 , 78.0286 , 49.7067 , 47.1357 , 73.4723 , 51.385 , 55.5673 , 52.8237 , 59.9533 , 66.7395 , 109.899 , 59.0998 , 63.1458 , 62.006 , 51.918 , 29.5728 , 56.3781 , 60.8281 , 60.9365 , 107.877 , 66.1376 , 59.9864 , 94.6467 , 52.5717 , 61.2342 , 47.5343 , 79.9616 , 69.7627 , 77.9156 , 40.6226 , 44.6253 , 51.6049 , 100.944 , 29.458 , 67.6127 , 55.9797 , 52.5932 , 88.714 , 64.4917 , 45.7501 , 38.3246 , 53.6396 , 66.3807 , 47.9953 , 35.9399 , 81.3662 , 51.3236 , 38.8691 , 30.6673 , 75.5587 , 97.3387 , 57.5163 , 70.0196 , 101.773 , 80.1746 , 44.8191 , 46.7375 , 65.1565 , 55.329 , 49.022 , 43.0064 , 65.8256 , 69.6897 , 46.3188 , 24.2711 , 34.4843 , 59.4165 , 66.3055 , 66.5215 , 61.0215 , 87.2404 , 53.5005 , 34.55 , 48.443 , 21.3561 , 83.829 , 75.197 , 33.4235 , 50.8909 , 86.5121 , 52.2408 , 52.2307 , 33.1001 , 56.8359 , 39.8421 , 37.1313 , 33.5084 , 56.5513 , 42.64 , 31.5968 , 54.3928 , 40.0042 , 72.5427 , 86.4991 , 47.8184 , 40.4642 , 38.9462 , 58.4123 , 53.929 , 39.5857 , 50.8533 , 89.281 , 39.6112 , 40.9528 , 73.554 , 40.44 , 74.9244 , 82.6893 , 63.4669 , 44.2022 , 89.3428 , 60.9698 , 92.4083 , 108.262 , 69.3187 , 64.1755 , 21.4193 , 52.9749 , 62.8606 , 65.1287 , 103.986 , 65.026 , 57.2353 , 51.1082 , 52.2359 , 86.4135 , 80.5778 , 50.0583 , 52.4181 , 70.547 , 63.8862 , 73.3708 , 43.0209 , 45.3873 , 45.6255 , 72.1429 , 111.848 , 59.6187 , 90.6092 , 27.5326 , 75.6948 , 53.3522 , 72.4199 , 30.1721 , 84.3514 , 50.0665 , 14.4593 , 60.2361 , 67.1689 , 87.903 , 87.725 , 64.6827 , 55.1984 , 60.1635 , 29.3892 , 66.2804 , 94.5658 , 61.65 , 53.8496 , 83.4785 , 68.4404 , 77.1348 , 47.7895 , 111.902 , 43.5275 , 68.7906 , 54.5385 , 81.011 , 58.3381 , 32.9028 , 52.3393 , 83.3787 , 83.4595 , 42.6758 , 59.087 , 62.3114 , 67.0211 , 76.6927 , 94.2466 , 50.3139 , 21.9117 , 46.7596 , 40.6786 , 51.963 , 65.5379 , 68.7105 , 52.8398 , 58.8078 , 41.7932 , 58.1584 , 48.033 , 47.4194 , 102.349 , 24.9424 , 69.1651 , 96.7066 , 87.9831 , 45.1852 , 26.0137 , 104.112 , 58.4035 , 59.8264 , 52.7988 , 37.9413 , 130.139 , 84.5547 , 154.039 , 52.9927 , 32.5909 , 61.4875 , 57.6738 , 50.8527 , 36.8196 , 74.1409 , 78.2083 , 39.2675 , 70.4672 , 49.3262 , 42.9203 , 55.1284 , 79.3238 , 66.1822 , 73.684 , 88.9578 , 52.4184 , 58.5645 , 68.7427 , 63.8573 , 95.365 , 61.5576 , 44.3155 , 98.7129 , 85.9067 , 50.5655 , 49.6115 , 43.2345 , 58.3469 , 53.1175 , 50.2626 , 143.087 , 47.4983 , 69.4226 , 44.2409 , 38.4959 , 46.437 , 86.017 , 77.8824 , 73.7966 , 69.575 , 39.8059 , 58.372 , 78.7689 , 71.3591 , 45.8882 , 36.178 , 61.6583 , 79.7472 , 41.4697 , 53.6192 , 54.1545 , 63.7513 , 26.901 , 53.04 , 47.406 , 61.6112 , 80.0085 , 81.584 , 106.996 , 72.0889 , 52.5718 , 115.613 , 63.1389 , 100.214 , 38.1545 , 50.4524 , 76.6093 , 57.5265 , 41.6008 , 30.7418 , 85.728 , 56.193 , 100.95 , 52.1792 , 83.9203 , 65.3038 , 59.985 , 48.9207 , 81.7621 , 41.7812 , 53.7881 , 70.8763 , 47.5934 , 44.3606 , 50.9852 , 42.9151 , 104.789 , 68.4297 , 74.1562 , 59.939 , 88.1282 , 42.3112 , 57.1937 , 63.5851 , 77.7133 , 42.9433 , 79.4193 , 66.3118 , 86.3034 , 56.1964 , 88.6548 , 51.6342 , 45.175 , 83.4991 , 78.8311 , 85.0957 , 60.5636 , 51.8048 , 60.884 , 88.8338 , 31.9764 , 83.3822 , 75.0705 , 62.4925 , 73.5403 , 73.3623 , 64.431 , 66.2047 , 50.9101 , 66.8577 , 55.8358 , 41.3173 , 65.9875 , 64.5163 , 46.0205 , 79.28 , 50.3837 , 60.4183 , 66.5452 , 58.5893 , 43.7707 , 55.2922 , 34.166 , 74.9647 , 20.9267 , 178.094 , 38.8138 , 47.937 , 81.2051 , 56.1856 , 96.7201 , 34.1352 , 63.5866 , 51.3432 , 100.237 , 42.3505 , 55.8478 , 37.306 , 77.8153 , 65.5016 , 66.0963 , 85.9365 , 29.7104 , 53.4549 , 66.5982 , 105.102 , 65.5536 , 33.3234 , 63.1243 , 79.5342 , 41.5905 , 42.1259 , 23.1178 , 54.0879 , 81.7233 , 133.742 , 56.8359 , 90.7794 , 60.2781 , 27.5919 , 97.916 , 67.9443 , 42.5629 , 96.4388 , 80.0547 , 47.1066 , 48.5599 , 40.3162 , 42.5604 , 108.7 , 68.3576 , 40.714 , 51.422 , 54.301 , 29.696 , 46.8593 , 49.2768 , 93.3147 , 73.117 , 62.6077 , 61.4413 , 67.1008 , 86.0583 , 67.1932 , 37.2702 , 71.875 , 39.9685 , 75.6723 , 52.1918 , 62.0163 , 91.1396 , 77.6962 , 80.1597 , 