var1=[47.8103 , 69.2081 , 53.3856 , 95.6148 , 28.6898 , 55.49 , 45.0365 , 41.6906 , 28.4033 , 51.0946 , 51.1936 , 58.6351 , 46.1909 , 42.5121 , 34.0784 , 45.1195 , 45.8798 , 63.2228 , 49.6401 , 32.7833 , 34.4235 , 52.3401 , 40.5402 , 53.0683 , 50.603 , 54.4456 , 60.3325 , 56.3299 , 46.6442 , 41.4207 , 69.2994 , 72.1216 , 97.1127 , 58.0152 , 28.5272 , 44.0399 , 55.834 , 70.0838 , 59.3742 , 54.214 , 35.0808 , 57.7273 , 81.1558 , 82.5498 , 38.2344 , 53.8593 , 65.3341 , 43.2212 , 87.1858 , 43.8648 , 63.7407 , 34.8507 , 31.0108 , 60.3228 , 54.3759 , 64.2291 , 57.8806 , 31.973 , 59.434 , 38.9336 , 65.7865 , 48.7761 , 60.7178 , 35.2061 , 62.3381 , 58.9416 , 49.6851 , 43.6784 , 68.4498 , 50.5501 , 124.321 , 39.7852 , 36.3147 , 30.3232 , 46.1161 , 36.4779 , 74.2174 , 47.6219 , 50.9957 , 77.1595 , 64.7735 , 34.8381 , 41.8344 , 71.1917 , 56.4491 , 44.1453 , 54.4004 , 65.6892 , 73.5593 , 47.0072 , 72.2676 , 39.1989 , 37.4564 , 77.3421 , 40.789 , 88.0862 , 65.5377 , 67.3447 , 72.7956 , 43.4064 , 74.103 , 53.2806 , 56.3144 , 80.0789 , 70.856 , 92.536 , 41.3241 , 30.6849 , 36.1426 , 51.4971 , 54.3231 , 81.327 , 61.4245 , 55.9005 , 61.4068 , 61.8256 , 28.5335 , 38.1125 , 33.8253 , 39.3465 , 57.4017 , 35.2437 , 26.5554 , 38.6533 , 68.9337 , 36.1827 , 39.082 , 60.0573 , 42.3711 , 56.1014 , 40.4595 , 39.6243 , 89.8631 , 46.783 , 62.0574 , 75.3295 , 48.844 , 53.3607 , 44.6695 , 59.6676 , 35.2205 , 41.869 , 62.1643 , 49.9848 , 34.7556 , 43.0921 , 56.3287 , 42.6456 , 57.4245 , 51.2334 , 98.1767 , 47.9571 , 66.339 , 28.7943 , 32.199 , 27.7168 , 67.6271 , 41.6292 , 85.4212 , 40.7977 , 40.1871 , 86.588 , 45.6115 , 37.22 , 55.0641 , 76.3643 , 62.7771 , 60.8365 , 45.2309 , 37.6953 , 31.4921 , 33.7574 , 39.8489 , 48.5993 , 38.8511 , 88.6007 , 46.0729 , 51.0734 , 50.3747 , 44.2601 , 35.7484 , 60.7408 , 39.1124 , 96.6203 , 31.6501 , 60.8228 , 29.8913 , 50.2092 , 34.3305 , 56.1826 , 36.6768 , 37.0089 , 36.438 , 41.1331 , 38.8653 , 35.9996 , 63.2225 , 46.295 , 43.5839 , 85.396 , 33.4046 , 43.7138 , 29.6789 , 45.3078 , 47.9691 , 52.5024 , 51.6715 , 61.4243 , 68.4347 , 29.5692 , 70.3269 , 39.1161 , 66.8358 , 44.8778 , 42.9705 , 51.8856 , 58.5621 , 47.6995 , 62.8775 , 73.4252 , 42.7462 , 68.4968 , 37.4047 , 46.6233 , 90.393 , 58.5059 , 60.3567 , 53.8292 , 25.5187 , 55.1893 , 60.1838 , 71.2227 , 31.5051 , 75.5424 , 33.338 , 37.7115 , 47.3137 , 56.186 , 88.4365 , 47.9332 , 57.0896 , 72.8376 , 29.2286 , 97.1155 , 51.6866 , 60.6029 , 78.6941 , 41.953 , 62.667 , 69.3875 , 68.1981 , 38.9202 , 63.7692 , 68.4761 , 42.536 , 76.5257 , 51.8075 , 54.9173 , 36.2646 , 45.0697 , 44.94 , 30.9487 , 33.272 , 36.9832 , 40.6903 , 47.1145 , 57.1099 , 41.6761 , 61.7741 , 69.5585 , 28.053 , 41.9586 , 56.0707 , 39.4139 , 40.8703 , 36.2376 , 35.9228 , 46.633 , 73.9777 , 97.0267 , 39.7116 , 61.7981 , 30.4535 , 65.6005 , 57.9683 , 64.0786 , 78.5954 , 51.3305 , 56.5637 , 53.9235 , 122.173 , 40.3502 , 54.6018 , 45.2875 , 85.0951 , 45.4742 , 39.1812 , 71.5532 , 44.9751 , 63.6288 , 66.586 , 55.1049 , 30.6742 , 59.8464 , 64.7477 , 32.9138 , 50.0574 , 60.9232 , 39.7554 , 49.4556 , 65.6999 , 40.2663 , 42.3024 , 60.7174 , 55.3001 , 47.6274 , 38.6643 , 53.4139 , 42.9111 , 70.4031 , 44.4377 , 29.7493 , 69.0312 , 76.9073 , 63.5446 , 45.3805 , 50.6468 , 31.4016 , 28.1889 , 67.7838 , 88.3141 , 57.9892 , 31.7835 , 32.1765 , 72.6409 , 29.5353 , 56.9743 , 43.6226 , 36.2927 , 52.0112 , 34.7669 , 52.1505 , 51.1166 , 24.4026 , 44.3364 , 42.0645 , 52.6689 , 54.5151 , 66.8141 , 59.971 , 45.0613 , 87.2478 , 43.9614 , 52.8968 , 32.5431 , 70.5503 , 70.5806 , 41.8319 , 47.3329 , 45.6017 , 45.1158 , 90.6159 , 58.3476 , 46.314 , 71.8057 , 47.3266 , 28.3743 , 37.1893 , 29.102 , 72.0379 , 62.2791 , 53.7122 , 41.2944 , 69.6488 , 38.6722 , 43.6316 , 54.3111 , 35.1525 , 55.9467 , 35.4468 , 31.413 , 80.2536 , 76.0452 , 59.586 , 39.9296 , 44.3611 , 76.8181 , 61.6198 , 55.9684 , 57.4073 , 44.4255 , 61.8505 , 41.2472 , 31.8029 , 101.202 , 50.7318 , 40.9627 , 86.9299 , 57.3122 , 44.5033 , 90.3424 , 48.5971 , 57.6907 , 43.6471 , 48.2571 , 30.0913 , 55.006 , 68.7252 , 47.4528 , 54.68 , 41.6218 , 35.6779 , 76.9746 , 57.5698 , 69.1165 , 51.8478 , 74.1473 , 40.787 , 108.994 , 33.8498 , 38.8729 , 46.1424 , 49.1816 , 93.4598 , 60.3785 , 30.0586 , 40.0289 , 51.3597 , 51.3887 , 80.5155 , 95.2836 , 62.0671 , 63.6606 , 59.4261 , 53.0616 , 31.6709 , 57.1702 , 44.5854 , 42.4115 , 39.2454 , 40.2346 , 56.5691 , 55.4993 , 60.0077 , 65.3947 , 39.3369 , 60.0324 , 72.2697 , 58.3371 , 50.0786 , 54.7654 , 71.7204 , 42.2176 , 38.3684 , 23.5414 , 34.927 , 50.1261 , 50.3067 , 65.4773 , 45.1321 , 34.9101 , 47.5916 , 43.8691 , 70.5888 , 62.7877 , 45.6143 , 50.6612 , 59.8547 , 76.0681 , 42.925 , 33.3841 , 43.0048 , 38.4167 , 78.1288 , 42.7641 , 54.9484 , 59.0929 , 70.6628 , 33.467 , 38.6693 , 65.4118 , 59.9377 , 50.0922 , 34.8985 , 76.7103 , 32.7123 , 42.7197 , 51.3263 , 66.3649 , 69.701 , 38.2367 , 105.278 , 62.1197 , 30.8685 , 34.5559 , 49.0494 , 36.089 , 34.2411 , 63.4117 , 53.0703 , 80.075 , 55.7476 , 58.3107 , 71.2179 , 69.5911 , 48.5006 , 59.691 , 65.1302 , 28.9469 , 74.0636 , 42.6507 , 36.5669 , 49.3221 , 54.4092 , 40.7245 , 81.504 , 88.68 , 80.3333 , 53.3891 , 58.696 , 42.3017 , 38.1272 , 61.7038 , 84.1046 , 57.7455 , 24.8003 , 59.6866 , 35.6797 , 41.8879 , 48.3043 , 43.8007 , 97.0342 , 43.7673 , 51.436 , 74.7386 , 53.8798 , 75.2865 , 42.942 , 57.3694 , 31.1686 , 39.843 , 42.5456 , 86.2691 , 67.6974 , 31.0988 , 53.8311 , 37.8308 , 43.6395 , 56.1442 , 31.4446 , 55.5913 , 82.498 , 44.3817 , 57.264 , 55.2351 , 51.6887 , 80.6203 , 48.8785 , 30.2538 , 60.6297 , 77.2633 , 46.0744 , 30.3708 , 30.496 , 44.7803 , 47.2252 , 131.299 , 89.1086 , 90.2473 , 44.4048 , 85.3114 , 39.4587 , 75.9291 , 64.6437 , 30.5698 , 36.9309 , 62.6728 , 31.1362 , 34.902 , 67.5249 , 116.986 , 65.417 , 56.1362 , 34.9547 , 58.5546 , 48.2826 , 33.3514 , 90.2565 , 47.3707 , 44.4193 , 53.9572 , 44.297 , 49.9865 , 41.7238 , 48.7954 , 73.2709 , 53.1445 , 55.3658 , 37.2749 , 44.8669 , 50.8355 , 44.1296 , 58.8487 , 58.091 , 119.449 , 70.4776 , 43.0599 , 50.2244 , 39.7595 , 31.3973 , 58.7315 , 26.8281 , 94.177 , 43.4583 , 40.8555 , 32.7037 , 47.3528 , 66.3246 , 30.4751 , 42.0104 , 55.3657 , 50.7655 , 38.3768 , 62.6587 , 59.4409 , 32.9908 , 44.8737 , 60.5804 , 85.0469 , 39.9982 , 41.7785 , 51.9886 , 53.6634 , 29.1189 , 67.1323 , 64.7586 , 43.9307 , 52.5435 , 32.9895 , 79.6406 , 35.5256 , 49.9785 , 70.4107 , 42.6436 , 66.4368 , 29.6579 , 27.2721 , 33.5875 , 53.7703 , 71.6139 , 38.4548 , 52.7908 , 68.8858 , 62.5275 , 64.0324 , 59.0599 , 47.1804 , 70.3691 , 51.7513 , 33.0002 , 64.6289 , 33.7033 , 34.6354 , 62.8975 , 40.9904 , 51.9304 , 43.9252 , 62.0572 , 58.8853 , 34.4391 , 44.3982 , 47.1501 , 48.7877 , 44.2482 , 31.5589 , 112.897 , 37.3244 , 37.1016 , 58.349 , 70.8239 , 38.4401 , 63.8671 , 35.691 , 41.9196 , 58.9773 , 77.9922 , 60.114 , 67.8411 , 50.5484 , 40.1378 , 54.3046 , 64.6527 , 44.4595 , 53.4436 , 29.3972 , 66.5962 , 33.8996 , 57.8622 , 47.3643 , 27.9858 , 58.5906 , 38.8314 , 61.9902 , 27.0272 , 71.5221 , 36.2194 , 52.5335 , 82.5993 , 43.5807 , 47.5553 , 33.8456 , 76.7458 , 61.8486 , 70.3822 , 45.0723 , 56.5232 , 58.2174 , 44.4863 , 46.3285 , 65.3737 , 35.6309 , 74.1461 , 48.7832 , 35.0454 , 62.726 , 61.1884 , 48.3939 , 73.3706 , 56.6982 , 49.761 , 45.8571 , 52.0669 , 55.7954 , 46.5421 , 30.8132 , 49.1523 , 42.9711 , 46.2093 , 42.5584 , 75.7632 , 86.5337 , 40.4388 , 54.2509 , 46.4784 , 66.7103 , 69.8954 , 33.2251 , 35.0015 , 37.8648 , 37.9227 , 61.7997 , 56.1531 , 70.818 , 33.5783 , 53.7508 , 59.231 , 31.7859 , 60.2237 , 41.0157 , 27.4233 , 29.4455 , 91.8514 , 74.1107 , 54.0687 , 55.9985 , 45.5788 , 55.5866 , 39.2252 , 51.4883 , 82.4133 , 48.7854 , 39.4474 , 73.8214 , 29.5229 , 60.6702 , 84.7194 , 51.1619 , 57.4407 , 47.4781 , 44.1542 , 59.4258 , 49.1817 , 66.1458 , 31.8129 , 54.5487 , 30.8453 , 52.9557 , 53.1511 , 57.3348 , 50.576 , 61.4925 , 48.7011 , 46.3614 , 58.4551 , 50.5704 , 56.5795 , 39.9824 , 35.413 , 63.3103 , 60.4945 , 78.2054 , 38.5812 , 62.8279 , 75.4058 , 34.4616 , 37.018 , 48.68 , 