var1=[37.5081 , 34.1303 , 51.5394 , 55.8459 , 53.4357 , 82.0201 , 59.8192 , 40.6441 , 36.2485 , 64.535 , 79.3147 , 53.6325 , 54.431 , 67.4164 , 54.2513 , 98.4483 , 42.339 , 83.9415 , 42.0679 , 58.281 , 50.8225 , 69.738 , 43.7224 , 54.8969 , 34.0463 , 35.025 , 94.4931 , 40.3905 , 47.1454 , 48.2901 , 55.4499 , 46.2904 , 75.7138 , 40.0942 , 45.6566 , 51.9542 , 38.2432 , 92.2293 , 72.7097 , 53.4334 , 91.2382 , 62.329 , 75.73 , 48.6554 , 69.5088 , 49.6663 , 47.6068 , 45.3165 , 96.3688 , 53.2467 , 67.0875 , 34.6162 , 41.8918 , 55.7193 , 37.5886 , 48.4447 , 41.4736 , 58.4793 , 38.2217 , 52.4033 , 38.7758 , 91.4786 , 49.562 , 54.1012 , 64.0217 , 70.5168 , 55.8686 , 44.0252 , 63.4903 , 62.6546 , 51.6647 , 43.2365 , 61.116 , 46.7224 , 57.693 , 60.7616 , 68.4355 , 52.4534 , 45.0111 , 62.8782 , 68.2026 , 49.4256 , 57.5814 , 77.4307 , 46.1423 , 59.2033 , 32.2146 , 40.0646 , 41.5433 , 46.4294 , 63.7417 , 48.5612 , 105.421 , 56.7073 , 29.101 , 96.6313 , 103.752 , 40.7451 , 49.7276 , 55.427 , 40.2927 , 111.896 , 88.8287 , 61.3485 , 57.1961 , 46.9042 , 40.0087 , 32.9939 , 54.9871 , 60.7579 , 28.9739 , 69.2083 , 60.9453 , 55.3478 , 70.9359 , 74.5594 , 47.1823 , 52.1923 , 27.4617 , 86.4107 , 87.1523 , 51.4263 , 45.7815 , 56.0946 , 37.5602 , 70.8907 , 34.5224 , 35.2233 , 60.8384 , 61.3719 , 48.7563 , 61.1281 , 54.6334 , 65.3458 , 53.6809 , 64.5722 , 34.2689 , 85.5873 , 37.2156 , 41.1767 , 66.363 , 33.2882 , 59.1505 , 46.6492 , 68.7259 , 48.4049 , 32.1075 , 31.7119 , 60.8712 , 51.2237 , 45.4582 , 47.3278 , 72.4112 , 27.231 , 36.9545 , 79.5857 , 74.5507 , 67.5357 , 93.47 , 36.539 , 62.337 , 41.0032 , 46.1998 , 60.947 , 65.0424 , 64.8063 , 54.3005 , 54.2419 , 44.4155 , 72.0763 , 31.7373 , 62.5258 , 86.4234 , 60.7221 , 38.671 , 80.4239 , 57.0345 , 39.6257 , 35.5054 , 62.2959 , 33.7845 , 54.3073 , 66.7402 , 75.0394 , 61.3741 , 88.2178 , 39.9783 , 32.0039 , 71.7909 , 71.2833 , 47.5231 , 37.0991 , 84.2741 , 42.988 , 27.486 , 51.4472 , 61.5883 , 72.7901 , 48.7028 , 70.6552 , 56.1501 , 60.9637 , 45.419 , 58.6178 , 51.1386 , 44.5217 , 50.0444 , 72.1366 , 32.5778 , 42.2732 , 67.5634 , 41.8176 , 92.6298 , 48.9598 , 35.6542 , 53.9953 , 53.6298 , 45.5126 , 54.5129 , 78.9819 , 47.645 , 47.7963 , 61.1265 , 75.149 , 56.6847 , 72.998 , 63.5441 , 43.0964 , 64.1157 , 33.443 , 79.2672 , 91.2166 , 45.7701 , 39.558 , 83.8436 , 36.832 , 54.5173 , 49.6282 , 49.2446 , 50.1927 , 56.4689 , 46.3969 , 62.9455 , 61.2313 , 44.9755 , 54.9659 , 40.2931 , 68.6389 , 54.4258 , 77.0495 , 70.1676 , 33.555 , 61.8521 , 71.0234 , 81.1119 , 40.5319 , 49.1736 , 75.7985 , 35.8143 , 65.5274 , 44.7666 , 57.495 , 52.7258 , 45.2592 , 34.1979 , 33.2485 , 44.2922 , 87.8311 , 76.6915 , 29.4022 , 28.8917 , 54.5311 , 89.0169 , 48.4264 , 72.9549 , 77.0668 , 92.9969 , 36.9329 , 50.9186 , 26.1641 , 53.3316 , 64.8903 , 21.9963 , 88.4751 , 53.8157 , 73.2182 , 77.2927 , 64.075 , 40.446 , 52.6756 , 65.742 , 40.6292 , 43.3035 , 72.9834 , 72.6287 , 77.9707 , 62.941 , 42.778 , 31.106 , 32.1388 , 53.8853 , 72.3357 , 35.0704 , 34.8818 , 59.3382 , 47.7836 , 41.5076 , 52.2482 , 76.9227 , 85.9878 , 54.9139 , 52.7944 , 39.3555 , 53.9857 , 82.5769 , 42.6955 , 52.3982 , 83.3929 , 85.978 , 45.9893 , 67.9103 , 62.6414 , 36.0726 , 66.5064 , 30.4252 , 99.3722 , 37.4096 , 55.6776 , 50.5504 , 55.4617 , 67.5641 , 42.1343 , 54.1613 , 53.4689 , 37.661 , 42.6907 , 38.7158 , 34.8636 , 43.9313 , 39.4758 , 33.4961 , 53.8976 , 78.0328 , 58.015 , 42.4133 , 27.9884 , 48.1045 , 62.0735 , 78.5012 , 59.9181 , 30.7855 , 52.5405 , 42.263 , 51.4517 , 38.8092 , 60.0099 , 52.8927 , 45.9372 , 34.3092 , 43.3999 , 81.3548 , 73.348 , 78.8798 , 31.2929 , 50.9877 , 56.5233 , 60.566 , 32.9317 , 33.4265 , 70.292 , 93.456 , 70.2902 , 60.0175 , 74.133 , 46.0283 , 46.3557 , 74.8495 , 33.9503 , 73.2904 , 73.9089 , 52.4289 , 49.1508 , 50.2791 , 58.5623 , 29.8819 , 49.6025 , 45.6692 , 67.8316 , 53.9829 , 81.5119 , 40.1816 , 59.442 , 49.7713 , 32.352 , 62.1895 , 68.0695 , 68.612 , 37.7187 , 71.5459 , 59.1647 , 62.7044 , 32.4844 , 28.8964 , 44.7648 , 48.4174 , 52.8439 , 42.5868 , 51.649 , 34.6974 , 63.5762 , 49.9772 , 27.3547 , 42.7657 , 49.9782 , 79.1074 , 33.8023 , 79.5707 , 57.1477 , 95.0197 , 46.3434 , 42.3945 , 52.5463 , 30.3825 , 56.6855 , 51.0822 , 66.2228 , 69.1764 , 58.1896 , 78.5004 , 79.0024 , 57.9853 , 53.8846 , 97.543 , 74.2642 , 37.5391 , 34.7871 , 34.9808 , 74.1232 , 42.5116 , 108.825 , 73.2674 , 82.7804 , 42.7987 , 39.2583 , 58.0473 , 44.6405 , 30.4197 , 94.2254 , 39.296 , 52.7803 , 62.2997 , 60.7931 , 80.5593 , 68.672 , 55.6213 , 52.0406 , 34.5843 , 31.1227 , 39.7754 , 64.1949 , 36.0626 , 88.1206 , 34.9107 , 85.7072 , 41.7408 , 71.7747 , 78.3118 , 37.7112 , 66.3143 , 35.6319 , 41.2317 , 32.8156 , 32.6703 , 76.3182 , 75.55 , 48.8491 , 35.698 , 64.846 , 25.8676 , 62.4312 , 33.4007 , 83.5851 , 40.5692 , 97.5875 , 83.1618 , 64.7497 , 105.578 , 40.6891 , 91.9894 , 40.697 , 61.8593 , 29.5793 , 61.8007 , 39.2491 , 58.3444 , 37.0358 , 41.2052 , 52.2689 , 54.7984 , 100.453 , 65.0033 , 57.5098 , 45.5548 , 33.5702 , 59.734 , 43.6284 , 51.841 , 63.2995 , 37.0393 , 46.8899 , 48.6967 , 62.4982 , 48.4986 , 55.8145 , 31.4637 , 63.641 , 53.7215 , 58.8998 , 49.2375 , 44.7179 , 35.0424 , 46.5407 , 42.7051 , 65.0986 , 82.721 , 56.2541 , 56.8944 , 72.2305 , 54.1258 , 56.3052 , 61.4618 , 44.448 , 57.9645 , 64.575 , 70.788 , 46.6516 , 69.7123 , 52.6823 , 69.2699 , 52.4443 , 51.6068 , 27.7536 , 99.5467 , 48.6778 , 50.168 , 52.1182 , 39.4981 , 76.4988 , 41.7587 , 42.5767 , 43.7887 , 40.3662 , 55.2479 , 44.3965 , 73.6959 , 97.5897 , 77.8047 , 39.5873 , 56.3349 , 40.0838 , 74.2873 , 49.437 , 33.6158 , 30.8605 , 40.1254 , 46.5598 , 102.946 , 29.2949 , 82.7867 , 70.2831 , 86.7923 , 62.8155 , 50.3488 , 70.1166 , 71.0411 , 68.8058 , 64.226 , 33.5413 , 55.8881 , 99.4827 , 71.8696 , 30.9274 , 56.3919 , 38.2667 , 49.3046 , 34.4817 , 43.4635 , 55.6982 , 81.061 , 40.8126 , 40.4142 , 33.8846 , 29.7039 , 47.0812 , 36.6399 , 71.0515 , 44.2479 , 49.0059 , 47.1452 , 41.7708 , 66.2417 , 75.8029 , 30.8849 , 56.0246 , 39.0329 , 65.1853 , 40.4666 , 42.9639 , 62.103 , 35.5627 , 44.0498 , 89.0644 , 50.3954 , 34.3579 , 70.4282 , 35.3097 , 54.111 , 47.967 , 46.6211 , 88.864 , 36.0622 , 47.7049 , 33.6615 , 62.9726 , 89.9433 , 52.6141 , 72.9544 , 67.8427 , 49.9267 , 63.8609 , 34.2753 , 65.9167 , 38.285 , 30.8208 , 62.7012 , 36.3521 , 46.2104 , 47.6373 , 66.1751 , 59.643 , 36.2854 , 63.1524 , 71.0377 , 77.3104 , 53.4323 , 29.1385 , 34.4941 , 44.9326 , 70.9409 , 50.3474 , 32.2862 , 46.2259 , 38.7804 , 33.9802 , 43.0478 , 51.5722 , 31.8445 , 75.3337 , 89.166 , 50.1978 , 63.6763 , 72.0818 , 40.4333 , 47.701 , 44.5015 , 62.9128 , 67.3922 , 97.1805 , 67.7609 , 49.0761 , 68.954 , 50.8136 , 50.5367 , 31.5738 , 45.6425 , 28.8238 , 42.3605 , 33.9572 , 32.3574 , 72.4967 , 41.3643 , 86.6502 , 87.8771 , 51.7775 , 34.0984 , 29.9175 , 36.3247 , 57.1797 , 55.506 , 41.3143 , 63.5661 , 74.4152 , 63.5158 , 60.7056 , 70.3877 , 81.9181 , 33.028 , 44.2826 , 64.8065 , 92.8419 , 49.1595 , 45.2698 , 46.0149 , 29.1037 , 70.7873 , 39.0851 , 37.4272 , 41.9436 , 52.003 , 55.3125 , 65.409 , 56.5729 , 79.038 , 44.6507 , 67.2189 , 61.6053 , 47.8012 , 47.6833 , 45.5613 , 59.673 , 60.9985 , 63.656 , 57.9492 , 54.8976 , 85.4865 , 40.4134 , 33.6604 , 42.9692 , 56.8903 , 116.776 , 47.8738 , 50.0232 , 60.1747 , 36.1022 , 41.2637 , 76.6507 , 30.1436 , 52.8902 , 29.9723 , 109.197 , 59.0917 , 55.3408 , 78.7034 , 51.6936 , 49.3618 , 78.8843 , 45.3569 , 45.145 , 51.7488 , 51.0578 , 54.0309 , 50.6597 , 42.7135 , 45.3421 , 72.385 , 48.8228 , 36.7441 , 98.8582 , 36.8177 , 49.105 , 49.9891 , 99.027 , 105.431 , 64.5916 , 56.0334 , 76.9901 , 58.286 , 76.4321 , 39.3286 , 48.8338 , 77.1247 , 60.727 , 102.679 , 43.1964 , 69.3837 , 35.5296 , 40.1941 , 44.5737 , 48.1247 , 65.8522 , 58.3547 , 38.0811 , 40.4685 , 31.9536 , 41.3511 , 51.8095 , 60.1389 , 54.9375 , 85.8823 , 30.0044 , 55.0532 , 40.0792 , 47.6889 , 49.4175 , 57.246 , 37.5461 , 45.3782 , 84.5937 , 53.2695 , 47.7157 , 69.6772 , 52.1969 , 53.601 , 32.4391 , 57.5955 , 58.2521 , 58.3225 , 36.4561 , 59.4279 ,