var1=[44.6298 , 49.8497 , 40.1051 , 72.455 , 49.015 , 54.2208 , 59.8207 , 41.3642 , 64.3684 , 46.396 , 85.7082 , 51.0258 , 50.8854 , 64.6006 , 49.634 , 78.3615 , 45.4529 , 64.3879 , 111.717 , 42.2094 , 41.7298 , 98.666 , 81.9913 , 39.9978 , 62.8087 , 73.35 , 55.0196 , 48.6579 , 31.6145 , 53.5121 , 52.1828 , 61.561 , 100.003 , 78.6314 , 63.4317 , 61.1825 , 49.7556 , 85.2281 , 48.3189 , 66.3901 , 72.1624 , 35.2721 , 54.9667 , 61.3681 , 67.9207 , 57.1949 , 50.3435 , 51.0272 , 41.9755 , 49.1675 , 42.8187 , 47.6199 , 27.7933 , 65.9643 , 46.6123 , 54.2687 , 38.9734 , 43.5906 , 63.7018 , 55.9478 , 61.9842 , 52.3793 , 46.5711 , 102.793 , 46.0958 , 49.1224 , 51.9011 , 35.2725 , 71.1676 , 51.415 , 52.9539 , 50.4764 , 68.2341 , 73.3657 , 45.3362 , 60.738 , 77.4943 , 45.1181 , 61.9899 , 83.7602 , 44.6011 , 66.51 , 60.2135 , 46.1031 , 43.2761 , 62.9406 , 65.5109 , 33.7238 , 43.3151 , 62.2876 , 85.4032 , 56.6509 , 61.7987 , 48.5154 , 51.0636 , 35.601 , 70.7557 , 77.7893 , 60.9978 , 84.042 , 52.4008 , 90.6473 , 87.4637 , 64.6682 , 33.9558 , 52.0989 , 29.7758 , 56.4571 , 50.7653 , 75.1237 , 50.0147 , 67.4446 , 70.3848 , 76.7604 , 44.8218 , 53.7043 , 58.8464 , 69.4301 , 53.1078 , 28.5384 , 38.1342 , 51.2418 , 33.9604 , 56.2885 , 48.6015 , 49.1043 , 73.2331 , 29.7659 , 39.8623 , 73.1135 , 35.4788 , 46.5311 , 52.5799 , 57.8638 , 60.4156 , 72.8909 , 52.1303 , 52.7949 , 70.2945 , 68.5744 , 42.3365 , 45.7196 , 30.9956 , 52.9722 , 89.5001 , 56.1715 , 79.2123 , 34.3898 , 49.3826 , 74.2215 , 38.1078 , 44.6905 , 61.2653 , 45.2189 , 67.1574 , 49.7815 , 49.1616 , 43.1913 , 63.2611 , 52.5493 , 48.0522 , 45.9773 , 61.6042 , 45.5625 , 47.5377 , 53.9267 , 63.9827 , 91.5957 , 43.1912 , 68.761 , 44.5118 , 47.719 , 92.0682 , 85.3596 , 38.781 , 56.4062 , 51.0204 , 50.5382 , 49.7775 , 61.6178 , 76.8682 , 59.7626 , 51.3001 , 43.2013 , 52.1754 , 99.735 , 54.3213 , 53.3193 , 58.6433 , 64.6805 , 35.0045 , 31.0384 , 46.4584 , 49.2219 , 60.5264 , 36.5914 , 49.2005 , 51.3665 , 51.643 , 80.2115 , 51.3616 , 61.5723 , 39.1035 , 46.5413 , 48.1601 , 47.3216 , 61.2877 , 59.732 , 69.4508 , 65.4436 , 35.3901 , 52.6737 , 60.1345 , 93.5029 , 64.2256 , 55.0076 , 50.6841 , 71.8197 , 68.3494 , 88.3758 , 35.4567 , 52.2122 , 90.8741 , 34.1556 , 50.7958 , 54.6702 , 73.896 , 78.5476 , 47.7125 , 39.5578 , 80.9581 , 40.1609 , 31.5159 , 73.5681 , 44.1817 , 64.5355 , 47.0244 , 43.7975 , 51.4741 , 65.6304 , 45.762 , 59.0285 , 29.7191 , 51.8821 , 79.7827 , 80.0974 , 66.6455 , 45.0579 , 66.1009 , 57.4003 , 88.5355 , 51.1132 , 48.2339 , 46.3288 , 54.7459 , 34.8853 , 43.2712 , 59.718 , 36.324 , 49.2008 , 53.9237 , 49.543 , 60.5098 , 60.9073 , 61.5356 , 78.2973 , 40.6474 , 40.23 , 28.4046 , 61.0755 , 32.36 , 70.5574 , 43.7576 , 40.6141 , 46.695 , 69.6008 , 43.5339 , 57.8044 , 34.4634 , 62.5951 , 52.9878 , 50.8538 , 54.9267 , 75.1974 , 52.5914 , 42.042 , 76.949 , 26.7208 , 106.842 , 76.6497 , 47.4117 , 70.5823 , 31.5274 , 50.6657 , 63.1349 , 57.248 , 32.4578 , 73.9146 , 30.9429 , 62.6646 , 44.2451 , 84.8382 , 53.1336 , 46.727 , 35.5033 , 50.5138 , 42.1253 , 63.9164 , 72.728 , 49.5106 , 73.5032 , 39.0497 , 61.7389 , 57.2996 , 78.2289 , 42.1992 , 33.2102 , 63.7276 , 24.8626 , 88.2272 , 51.4194 , 67.6401 , 111.736 , 74.535 , 38.1744 , 53.7424 , 53.4281 , 38.5177 , 55.32 , 134.853 , 57.3086 , 38.2519 , 72.5935 , 71.8431 , 62.603 , 54.8046 , 68.6252 , 77.6418 , 78.0089 , 75.2578 , 59.4542 , 63.2768 , 41.4365 , 47.9514 , 49.7131 , 44.4943 , 56.2618 , 72.9165 , 62.0943 , 50.7702 , 53.6361 , 24.5967 , 69.6999 , 41.6395 , 88.123 , 70.9082 , 37.4443 , 62.6 , 48.653 , 73.2568 , 112.13 , 51.7178 , 51.957 , 76.9856 , 96.8877 , 38.0135 , 52.4394 , 43.7086 , 37.5065 , 57.838 , 50.5068 , 45.1578 , 52.0458 , 45.081 , 88.2947 , 51.9107 , 39.3418 , 68.2411 , 55.3642 , 49.3225 , 52.4246 , 56.4561 , 66.3084 , 40.35 , 40.7664 , 60.7256 , 66.4662 , 64.9097 , 46.4058 , 34.9947 , 59.466 , 63.8697 , 53.2878 , 37.5865 , 43.7556 , 34.5222 , 33.2784 , 92.0632 , 50.0043 , 61.3268 , 91.9945 , 34.1574 , 60.8335 , 48.2625 , 37.8163 , 74.4689 , 58.8924 , 80.6937 , 72.3073 , 60.2267 , 49.3447 , 43.6011 , 64.6738 , 114.096 , 77.6767 , 79.1671 , 67.3293 , 59.578 , 63.7997 , 62.0622 , 36.9495 , 59.3688 , 79.7575 , 73.633 , 36.0121 , 76.9188 , 48.4053 , 33.2227 , 87.2852 , 33.4604 , 69.1867 , 38.8319 , 56.8018 , 38.7052 , 60.56 , 145.17 , 44.7659 , 63.5484 , 54.5181 , 83.1594 , 88.2463 , 64.5882 , 60.3698 , 59.7947 , 79.2331 , 37.4766 , 48.1511 , 59.9332 , 95.1163 , 73.9658 , 93.6542 , 87.0306 , 56.0368 , 55.0076 , 53.419 , 42.89 , 41.1981 , 100.904 , 60.921 , 32.2351 , 61.9024 , 56.7489 , 42.3809 , 68.3995 , 55.7341 , 34.1992 , 35.1264 , 26.8496 , 40.7096 , 35.7858 , 70.5473 , 29.1905 , 36.8985 , 72.6792 , 64.4 , 47.6297 , 81.2804 , 35.8372 , 43.3184 , 41.2915 , 67.9321 , 56.4949 , 86.3756 , 46.5516 , 44.9183 , 65.4786 , 51.739 , 44.4085 , 75.4821 , 69.2181 , 80.6759 , 59.9883 , 80.12 , 42.5926 , 45.3574 , 71.9151 , 36.882 , 72.6611 , 60.4251 , 49.6463 , 73.1606 , 75.2824 , 51.3747 , 50.7253 , 29.5118 , 61.9806 , 80.9739 , 71.9188 , 41.099 , 70.1802 , 77.4436 , 78.8317 , 61.8732 , 51.6842 , 44.9113 , 44.5764 , 53.6065 , 74.642 , 37.1447 , 37.8384 , 47.2229 , 41.8829 , 34.046 , 56.6258 , 67.2646 , 55.7578 , 50.2474 , 30.1136 , 102.221 , 31.5922 , 55.7458 , 61.6236 , 50.6828 , 45.2199 , 57.3412 , 36.8607 , 34.4514 , 79.4 , 22.9657 , 48.5363 , 65.9897 , 55.9637 , 46.2155 , 34.352 , 57.4884 , 89.8577 , 54.2237 , 35.6571 , 77.7429 , 43.0366 , 41.9529 , 73.6474 , 59.6926 , 46.0165 , 72.6456 , 66.9438 , 57.5175 , 60.4948 , 38.53 , 30.7896 , 40.7926 , 84.2507 , 34.8074 , 74.5352 , 52.676 , 35.4861 , 41.1428 , 55.8522 , 50.3054 , 106.579 , 56.8391 , 34.4266 , 74.284 , 39.6629 , 49.6791 , 47.3979 , 63.8772 , 40.0447 , 39.771 , 49.7214 , 90.707 , 30.0761 , 39.7007 , 56.534 , 41.0514 , 63.6044 , 34.0363 , 70.2497 , 74.1044 , 33.0649 , 62.9986 , 80.6135 , 42.2561 , 37.7708 , 56.9706 , 77.2405 , 99.165 , 45.4802 , 66.1354 , 28.3854 , 58.4726 , 43.1364 , 92.6752 , 52.6113 , 81.0761 , 75.9397 , 47.4314 , 45.0877 , 43.4717 , 32.0823 , 119.779 , 58.9443 , 31.4534 , 55.3241 , 65.1665 , 71.373 , 104.116 , 63.0991 , 23.3418 , 56.2911 , 39.3281 , 73.648 , 52.1322 , 37.5978 , 72.1432 , 51.4539 , 72.2676 , 62.3255 , 63.9294 , 51.6939 , 95.3809 , 79.1255 , 33.422 , 36.1757 , 46.7414 , 45.3789 , 43.668 , 73.4255 , 55.3895 , 67.0017 , 53.0553 , 57.1872 , 77.2565 , 38.2642 , 55.1767 , 46.2698 , 72.9465 , 66.8917 , 58.5753 , 39.2012 , 51.4777 , 45.6962 , 70.2759 , 44.6821 , 44.8965 , 66.174 , 57.8706 , 48.0858 , 51.4951 , 48.563 , 44.2417 , 48.1144 , 49.7866 , 45.9811 , 55.618 , 52.323 , 76.0033 , 58.7682 , 72.7509 , 37.8913 , 66.4055 , 64.4717 , 61.0378 , 35.6407 , 59.0769 , 42.7922 , 58.7913 , 36.777 , 98.397 , 72.7503 , 66.6246 , 40.9834 , 60.5147 , 61.2481 , 38.7223 , 49.1389 , 51.1638 , 52.9678 , 86.8011 , 38.4417 , 49.4388 , 93.4453 , 47.6031 , 56.9789 , 25.8106 , 68.6354 , 90.8182 , 55.9246 , 34.4574 , 56.4533 , 75.5655 , 76.8333 , 39.2467 , 50.4867 , 59.2976 , 47.5133 , 37.5831 , 61.195 , 71.5681 , 22.7014 , 44.1719 , 49.9445 , 119.842 , 38.2228 , 82.4552 , 48.0514 , 34.6452 , 48.2286 , 60.8743 , 92.4982 , 80.3114 , 72.276 , 36.7126 , 47.5723 , 45.591 , 78.718 , 55.2429 , 21.4015 , 79.9155 , 70.5162 , 98.4692 , 60.1283 , 29.8363 , 53.1831 , 61.316 , 53.3833 , 55.4144 , 68.2605 , 65.3518 , 62.4421 , 64.853 , 39.6255 , 52.8541 , 44.9539 , 33.4467 , 57.9425 , 45.8718 , 91.0141 , 52.9346 , 72.3558 , 65.2267 , 48.6546 , 59.6114 , 37.8086 , 38.2184 , 35.5983 , 27.2109 , 58.6579 , 29.4525 , 54.751 , 71.9641 , 74.6248 , 57.9121 , 83.0244 , 75.7412 , 72.2238 , 71.214 , 40.7049 , 25.8775 , 28.299 , 54.874 , 62.9502 , 98.0808 , 40.0333 , 65.1632 , 55.3147 , 49.1703 , 50.7378 , 66.4472 , 88.6095 , 39.8636 , 52.8047 , 66.2851 , 39.4193 , 63.2947 , 54.9033 , 42.8188 , 44.7088 , 74.2268 , 75.201 , 51.227 , 35.5374 , 42.6886 , 49.5045 , 47.453 , 27.9598 , 61.5204 , 55.6151 , 55.3569 , 31.2647 , 61.9827 , 69.0651 , 47.9712 , 41.1582 , 35.2809 , 38.2512 , 42.0413 , 64.036 , 33.4036 , 106.333 , 