var1=[45.2185 , 45.7946 , 46.8356 , 73.1474 , 50.3829 , 42.7173 , 47.8529 , 46.4578 , 29.726 , 57.4088 , 71.2594 , 58.9566 , 43.5853 , 38.2629 , 41.5384 , 84.6751 , 43.4533 , 48.8566 , 25.3425 , 63.4786 , 39.381 , 58.0689 , 52.1145 , 38.1728 , 43.0952 , 44.1573 , 56.5257 , 37.2399 , 52.4271 , 45.766 , 35.5644 , 46.199 , 79.3542 , 41.7053 , 31.8112 , 84.1165 , 40.036 , 31.6333 , 68.5069 , 53.588 , 51.373 , 52.0889 , 70.8043 , 70.4522 , 38.4893 , 101.752 , 47.9389 , 51.7637 , 43.542 , 33.6472 , 87.1386 , 66.2883 , 41.2423 , 37.216 , 52.0779 , 65.4613 , 54.9639 , 68.3739 , 56.8287 , 33.5293 , 33.4832 , 28.6421 , 51.2733 , 84.81 , 53.1193 , 51.2188 , 59.9025 , 46.5003 , 50 , 61.9197 , 50.5935 , 59.1654 , 83.4754 , 92.4968 , 43.0916 , 46.7234 , 64.1163 , 59.9538 , 34.3435 , 76.7001 , 78.6363 , 59.2243 , 33.6282 , 105.475 , 50.1134 , 32.6253 , 40.9262 , 52.6354 , 94.8359 , 26.0031 , 45.0873 , 81.5712 , 59.6668 , 67.7201 , 63.6724 , 43.4783 , 42.5964 , 36.6895 , 79.7015 , 60.2776 , 34.8311 , 44.3021 , 65.497 , 51.6691 , 72.0454 , 56.0845 , 37.8269 , 44.0641 , 71.2764 , 70.984 , 55.2478 , 64.2903 , 78.8967 , 36.1514 , 45.9313 , 70.9738 , 27.6101 , 41.6777 , 52.252 , 45.1173 , 32.9232 , 34.3389 , 40.8718 , 44.1879 , 65.953 , 70.4009 , 32.5556 , 53.4657 , 44.7864 , 47.2305 , 38.6488 , 34.0135 , 78.2159 , 53.4706 , 73.3417 , 69.1635 , 50.7572 , 35.9223 , 26.7514 , 50.3244 , 87.4385 , 51.8733 , 73.4607 , 40.0219 , 59.8154 , 50.4109 , 30.3846 , 45.5392 , 58.4794 , 47.8276 , 47.8153 , 59.1593 , 49.9301 , 32.2586 , 28.285 , 45.6797 , 59.1325 , 33.429 , 82.8453 , 55.0122 , 45.0106 , 54.0444 , 73.4662 , 41.588 , 31.8199 , 43.6955 , 59.3265 , 57.5277 , 82.3648 , 51.4752 , 42.3592 , 66.475 , 50.4198 , 53.2663 , 57.7447 , 99.5403 , 54.42 , 49.5544 , 28.3927 , 92.2642 , 35.9134 , 58.1512 , 45.6825 , 49.0408 , 32.5339 , 33.3551 , 56.0066 , 55.8856 , 49.5819 , 57.8518 , 44.3128 , 42.5846 , 81.036 , 75.8303 , 48.7628 , 47.183 , 58.3124 , 36.5161 , 59.4781 , 60.8847 , 43.5255 , 42.7306 , 50.2584 , 79.0473 , 62.0201 , 43.2838 , 61.4184 , 42.232 , 52.1108 , 42.0913 , 91.2953 , 47.0916 , 83.3344 , 66.9013 , 39.7287 , 55.6143 , 46.7807 , 62.0765 , 60.7917 , 33.5323 , 35.6624 , 72.4344 , 56.3708 , 38.3405 , 47.6158 , 67.5495 , 82.3232 , 61.8357 , 43.1797 , 46.4613 , 49.704 , 59.5971 , 58.0276 , 64.79 , 56.5072 , 29.6187 , 39.0743 , 66.8386 , 54.9368 , 66.2214 , 76.8952 , 113.466 , 66.9709 , 55.1952 , 54.9088 , 53.3016 , 43.0816 , 48.3088 , 40.93 , 49.3815 , 81.475 , 43.5739 , 61.6648 , 74.7683 , 84.7604 , 63.8017 , 45.2257 , 64.2127 , 66.0446 , 71.7049 , 84.2063 , 66.8273 , 57.9565 , 65.1265 , 40.5924 , 57.7954 , 43.0042 , 45.0673 , 48.0105 , 59.6229 , 47.6302 , 39.1331 , 42.2474 , 70.1237 , 68.4824 , 51.1932 , 56.8429 , 37.4104 , 41.4076 , 69.8122 , 43.7501 , 39.6002 , 31.6849 , 48.735 , 35.0182 , 35.358 , 33.0449 , 48.7974 , 69.7542 , 50.9511 , 67.51 , 44.5656 , 31.2242 , 43.5077 , 91.5955 , 60.0599 , 27.3021 , 65.9638 , 44.9767 , 54.2235 , 52.9963 , 38.357 , 26.2296 , 43.7341 , 56.9937 , 42.7617 , 61.9514 , 43.74 , 47.1315 , 36.7579 , 48.2941 , 34.4659 , 43.536 , 48.1862 , 57.9639 , 66.79 , 60.9654 , 94.9028 , 54.7434 , 74.1376 , 64.2471 , 33.3085 , 43.324 , 54.4386 , 41.379 , 105.763 , 52.1908 , 40.4454 , 48.6788 , 68.1622 , 63.5808 , 34.5625 , 45.2675 , 44.0493 , 42.4082 , 48.948 , 75.7609 , 42.264 , 71.3488 , 44.0603 , 66.2664 , 46.6148 , 51.7636 , 31.3748 , 83.7906 , 69.3571 , 36.7156 , 80.1708 , 55.832 , 58.0867 , 51.1763 , 31.1161 , 36.4954 , 30.954 , 68.3704 , 33.9477 , 70.7818 , 31.6999 , 62.5422 , 56.7923 , 71.1964 , 55.8033 , 56.1938 , 59.3843 , 30.1018 , 63.397 , 64.2499 , 35.2066 , 29.8487 , 46.2545 , 46.6018 , 27.9056 , 57.2262 , 43.6978 , 61.301 , 44.5848 , 67.6885 , 37.7351 , 62.6435 , 42.1863 , 60.2637 , 39.4914 , 62.6014 , 62.9838 , 50.9067 , 71.2427 , 78.8501 , 36.3439 , 47.6948 , 29.821 , 37.9553 , 56.831 , 51.1676 , 30.0523 , 57.9668 , 73.8641 , 53.8998 , 36.4077 , 40.6944 , 58.0611 , 70.8644 , 82.0639 , 74.4702 , 57.7153 , 41.8009 , 37.5211 , 67.7143 , 58.8547 , 57.6732 , 61.0939 , 34.6789 , 55.9327 , 72.361 , 40.4857 , 72.6883 , 50.4267 , 85.7615 , 40.8776 , 75.7168 , 46.6395 , 41.8321 , 43.7006 , 30.2934 , 76.069 , 69.1983 , 50.1618 , 69.9589 , 56.6558 , 51.4417 , 52.8615 , 53.1041 , 52.4876 , 73.53 , 62.5485 , 70.6135 , 51.8253 , 46.6081 , 41.1548 , 56.5831 , 63.9398 , 30.3973 , 64.1772 , 44.926 , 62.7833 , 76.3105 , 34.0225 , 75.8036 , 37.8266 , 62.6922 , 44.4504 , 55.2144 , 81.5283 , 88.991 , 47.676 , 50.6027 , 31.0856 , 41.5089 , 32.8832 , 55.5674 , 52.8279 , 56.8167 , 41.2958 , 43.6579 , 56.7267 , 59.0152 , 42.5359 , 71.8823 , 39.2009 , 64.3693 , 58.1998 , 35.7492 , 34.3241 , 48.2684 , 65.8724 , 107.318 , 55.3749 , 41.9095 , 39.9002 , 70.5616 , 40.3971 , 44.4341 , 45.4238 , 36.1672 , 61.6269 , 63.9965 , 33.0961 , 57.4896 , 41.8095 , 69.7266 , 72.4301 , 52.7136 , 40.6532 , 73.9555 , 42.7004 , 45.8064 , 85.9084 , 66.4722 , 35.0331 , 78.6619 , 59.4491 , 62.8674 , 50.6967 , 61.3817 , 57.5444 , 40.1188 , 52.2851 , 54.7618 , 100.714 , 77.7197 , 87.25 , 36.7378 , 48.8608 , 71.9935 , 50.8942 , 65.4325 , 90.6802 , 55.3742 , 96.0581 , 35.1561 , 52.5961 , 50.4542 , 63.169 , 38.7129 , 38.5219 , 43.6964 , 37.2846 , 57.3778 , 36.3488 , 44.9788 , 32.8491 , 36.0834 , 39.3964 , 57.6842 , 80.3404 , 51.3898 , 29.245 , 52.7665 , 53.8939 , 51.4615 , 60.0981 , 59.6494 , 34.0564 , 68.8063 , 93.8843 , 42.9554 , 55.033 , 37.0208 , 26.1765 , 52.4961 , 35.8677 , 51.9344 , 43.613 , 67.5513 , 63.8084 , 57.9659 , 48.961 , 47.6434 , 37.4681 , 52.9913 , 49.262 , 71.3517 , 42.1021 , 40.9612 , 71.6413 , 50.2795 , 40.1118 , 104.571 , 30.1016 , 69.6265 , 38.0517 , 67.4004 , 57.069 , 49.0091 , 98.0678 , 41.6894 , 46.6806 , 43.6115 , 35.8959 , 87.0731 , 74.2058 , 66.9897 , 31.4759 , 41.7305 , 41.9994 , 40.8196 , 73.0069 , 54.2199 , 53.1477 , 50.8849 , 62.8645 , 79.1017 , 63.1397 , 37.3979 , 40.3272 , 49.4065 , 89.5643 , 42.6121 , 63.9188 , 94.0365 , 62.8062 , 36.7817 , 39.3118 , 73.0663 , 80.0574 , 65.3294 , 91.7177 , 34.5664 , 71.2116 , 64.2469 , 42.8202 , 47.5448 , 63.0148 , 40.5023 , 37.1106 , 55.3599 , 75.2731 , 79.0719 , 62.0785 , 58.8147 , 57.4832 , 34.2224 , 76.2694 , 39.219 , 57.4766 , 41.7864 , 36.208 , 75.4213 , 68.4894 , 84.9458 , 68.7572 , 50.2635 , 44.6269 , 42.07 , 31.0076 , 85.2475 , 60.0524 , 45.7844 , 49.6049 , 50.6663 , 87.7831 , 31.4089 , 42.3346 , 55.2452 , 49.4595 , 41.2516 , 30.354 , 29.8908 , 62.1286 , 89.5771 , 72.9196 , 40.8356 , 35.9082 , 45.854 , 72.4435 , 47.5806 , 56.8403 , 55.2318 , 49.9112 , 39.2561 , 72.0368 , 61.0034 , 39.0609 , 71.4212 , 36.8476 , 56.4453 , 73.7648 , 48.3064 , 50.2814 , 71.0508 , 49.7075 , 50.8836 , 36.1252 , 38.8119 , 44.1552 , 50.5526 , 53.8661 , 60.2983 , 25.1596 , 61.857 , 46.2974 , 50.2772 , 42.8452 , 41.6945 , 54.1417 , 55.6651 , 63.5146 , 43.4799 , 90.3499 , 73.1107 , 31.908 , 40.3079 , 45.3967 , 44.662 , 71.7365 , 39.6555 , 59.8899 , 68.6186 , 49.9258 , 31.4073 , 45.5173 , 46.969 , 36.8271 , 56.5768 , 58.1985 , 117.384 , 54.0503 , 63.2913 , 57.4842 , 75.8695 , 49.4953 , 79.7549 , 67.9223 , 64.3419 , 31.5427 , 36.8238 , 34.8202 , 58.6867 , 56.2914 , 73.023 , 39.8531 , 54.2834 , 86.1622 , 65.2928 , 49.1194 , 40.1314 , 64.4657 , 56.9504 , 61.3566 , 48.5527 , 104.652 , 55.8821 , 50.8961 , 74.5921 , 47.0779 , 60.4172 , 61.4521 , 44.8213 , 48.8637 , 30.1289 , 73.665 , 62.3981 , 62.2522 , 107.227 , 32.9823 , 37.1863 , 53.2278 , 54.6362 , 51.0644 , 28.3652 , 39.659 , 65.8032 , 34.8459 , 68.079 , 45.5294 , 65.8992 , 33.7935 , 54.886 , 56.7379 , 47.9199 , 26.66 , 61.5671 , 87.8643 , 35.3438 , 36.3414 , 56.0792 , 44.6933 , 47.6328 , 44.405 , 43.3626 , 83.1536 , 64.6887 , 35.6088 , 86.8468 , 69.4242 , 29.0059 , 55.1182 , 34.7966 , 52.1517 , 51.168 , 37.8571 , 50.8508 , 46.9042 , 51.9229 , 65.9298 , 58.627 , 38.5732 , 52.9687 , 59.4313 , 57.2349 , 36.8668 , 48.8454 , 55.6335 , 29.4341 , 45.4678 , 76.6135 , 78.421 , 78.7511 , 49.2663 , 79.6826 , 69.306 , 60.8967 , 41.3129 , 60.0244 , 50.6011 , 48.8722 , 33.0712 , 75.8572 , 98.0792 , 