var1=[62.2477 , 79.5889 , 59.1649 , 73.2371 , 60.2297 , 83.6488 , 102.906 , 38.9363 , 30.4767 , 103.224 , 59.7868 , 84.0069 , 76.3906 , 65.6956 , 62.7819 , 98.0857 , 76.5444 , 39.1143 , 44.002 , 47.3989 , 45.7975 , 52.8265 , 42.0793 , 80.8318 , 76.4696 , 71.892 , 111.108 , 63.0383 , 86.659 , 79.734 , 67.1601 , 47.472 , 56.0926 , 55.7153 , 80.2863 , 56.3525 , 45.8334 , 58.3581 , 56.3081 , 33.9564 , 67.1893 , 29.8362 , 87.7348 , 51.6075 , 61.5785 , 91.0619 , 46.8531 , 54.6464 , 102.248 , 76.7347 , 55.8757 , 78.2597 , 44.0145 , 79.7507 , 57.3911 , 62.4914 , 36.1328 , 42.1972 , 38.6657 , 29.5832 , 61.4835 , 32.2066 , 31.9942 , 60.2902 , 67.3204 , 55.4395 , 66.8713 , 38.8123 , 56.2353 , 59.2478 , 91.8911 , 76.9022 , 79.5435 , 47.8415 , 53.3153 , 66.5184 , 45.093 , 42.3538 , 74.7061 , 79.1326 , 66.3536 , 52.9717 , 51.768 , 37.4067 , 45.7443 , 59.6847 , 41.3215 , 42.5692 , 65.3464 , 57.9762 , 54.4047 , 51.4542 , 38.0854 , 60.638 , 120.29 , 34.2696 , 32.2239 , 67.6474 , 43.2375 , 73.2985 , 47.0999 , 63.2403 , 44.6511 , 48.4377 , 69.7795 , 54.7489 , 87.6065 , 56.1518 , 62.573 , 39.7679 , 84.2522 , 77.4442 , 64.7858 , 79.6179 , 78.0593 , 58.1699 , 49.0798 , 52.9732 , 49.5543 , 72.7617 , 44.8521 , 52.7815 , 61.0174 , 51.5985 , 74.781 , 79.063 , 51.7966 , 73.5752 , 66.186 , 55.4851 , 59.9463 , 49.7224 , 37.8752 , 55.2412 , 77.9158 , 104.34 , 42.0905 , 57.0594 , 27.7878 , 65.0939 , 39.0439 , 30.3572 , 73.0407 , 50.0307 , 87.244 , 87.7256 , 76.5259 , 32.0461 , 59.8696 , 54.9798 , 69.9631 , 46.8853 , 51.7408 , 39.2377 , 34.5102 , 62.6914 , 29.9888 , 73.4837 , 66.1066 , 79.1226 , 78.8822 , 70.2858 , 60.206 , 83.6701 , 67.8328 , 57.6912 , 46.7809 , 55.4404 , 44.0934 , 107.081 , 44.2104 , 48.398 , 59.1343 , 126.41 , 46.2799 , 51.9751 , 81.6696 , 85.7781 , 78.6007 , 72.0866 , 52.1025 , 29.7949 , 38.4511 , 66.2014 , 44.0183 , 93.9421 , 72.4913 , 59.1031 , 45.4902 , 46.3876 , 62.9417 , 61.6727 , 56.0436 , 63.9513 , 79.9044 , 59.0381 , 49.6279 , 44.8376 , 48.5313 , 125.839 , 46.8732 , 50.9663 , 60.7812 , 51.2143 , 26.0261 , 60.7737 , 18.1063 , 66.6749 , 56.4799 , 44.0641 , 40.0812 , 47.8725 , 68.2927 , 49.4914 , 68.9761 , 59.4302 , 28.8717 , 64.9352 , 47.8923 , 49.4701 , 44.5964 , 69.5024 , 53.9121 , 73.7298 , 73.9411 , 58.4355 , 59.7242 , 78.8933 , 51.1947 , 82.3437 , 92.1823 , 75.2149 , 72.9675 , 35.213 , 56.7876 , 43.08 , 42.1232 , 51.7039 , 74.7294 , 47.9311 , 68.7505 , 45.9188 , 46.8498 , 29.8889 , 31.7992 , 85.2602 , 50.7643 , 81.7037 , 73.4833 , 80.683 , 79.5006 , 44.0072 , 77.4007 , 48.6313 , 65.3682 , 35.9899 , 87.5063 , 33.8383 , 63.3136 , 66.7091 , 73.3299 , 99.8987 , 56.6746 , 71.6766 , 34.587 , 87.2588 , 58.3873 , 59.3784 , 51.8396 , 68.4281 , 56.5613 , 61.1055 , 52.3256 , 44.5043 , 38.0709 , 61.5276 , 54.9616 , 37.0919 , 34.4578 , 81.5996 , 56.4356 , 40.0663 , 53.7138 , 65.6191 , 51.6643 , 66.1601 , 29.8777 , 55.7545 , 62.3115 , 58.328 , 38.2857 , 51.1848 , 39.25 , 53.8102 , 84.9021 , 50.3609 , 83.5477 , 54.0836 , 88.5533 , 84.4522 , 46.291 , 52.73 , 92.0416 , 63.1422 , 56.8962 , 35.0624 , 71.5316 , 40.3191 , 107.041 , 44.5866 , 111.647 , 77.1236 , 58.2679 , 50.3209 , 48.8443 , 56.1549 , 43.8544 , 87.4354 , 28.565 , 57.4489 , 33.3088 , 90.6592 , 110.598 , 49.3836 , 85.3798 , 45.1399 , 49.1136 , 44.4068 , 53.9808 , 38.1071 , 45.7631 , 44.8824 , 42.194 , 59.0563 , 15.653 , 57.3436 , 42.9399 , 99.8704 , 75.0466 , 62.2934 , 55.5359 , 48.9526 , 70.336 , 63.0335 , 45.4206 , 40.2381 , 36.4073 , 57.3861 , 77.5264 , 33.5365 , 30.1984 , 68.6219 , 55.4235 , 70.1931 , 78.4145 , 50.0491 , 59.7995 , 64.7226 , 54.3796 , 42.8537 , 38.7989 , 76.7815 , 90.7118 , 21.7931 , 39.9434 , 24.5769 , 45.683 , 100.286 , 48.282 , 92.7245 , 71.1064 , 60.7924 , 39.7085 , 75.6725 , 32.4631 , 57.723 , 46.7611 , 30.8424 , 64.5023 , 53.3057 , 58.2758 , 83.0175 , 68.5317 , 45.3948 , 56.3335 , 62.5027 , 81.6693 , 67.7678 , 61.0805 , 140.721 , 42.9611 , 66.5203 , 53.9732 , 53.9488 , 60.1602 , 98.7495 , 39.2651 , 43.979 , 62.1015 , 55.4209 , 68.7606 , 54.4409 , 100.873 , 89.8623 , 59.5069 , 49.8278 , 56.8593 , 64.9832 , 78.5126 , 56.6013 , 49.1866 , 35.7055 , 69.8749 , 63.9787 , 55.0052 , 81.3947 , 52.4168 , 86.5061 , 122.859 , 107.399 , 64.3836 , 76.1483 , 40.1673 , 74.3381 , 79.0484 , 54.634 , 78.3841 , 71.9601 , 50.9001 , 53.0607 , 93.9796 , 68.4485 , 75.4555 , 46.616 , 52.4553 , 46.3236 , 51.9781 , 39.0953 , 38.9474 , 89.8493 , 50.4911 , 105.985 , 41.3256 , 57.9376 , 39.308 , 54.7364 , 98.9916 , 64.9049 , 76.4344 , 51.5418 , 69.1709 , 50.9468 , 61.0984 , 63.8827 , 82.3007 , 25.2768 , 50.1487 , 55.2479 , 94.1364 , 31.4598 , 41.6655 , 70 , 36.0655 , 57.492 , 64.2982 , 84.3916 , 68.1158 , 65.9123 , 46.382 , 27.3519 , 46.3677 , 95.1521 , 74.7903 , 88.0216 , 34.1507 , 71.5071 , 107.358 , 90.6185 , 59.8467 , 36.0221 , 67.8146 , 59.0471 , 38.5056 , 85.4044 , 48.281 , 46.7095 , 76.5974 , 22.0736 , 67.6748 , 59.1982 , 58.2814 , 61.2808 , 46.2011 , 66.6856 , 46.5764 , 68.8273 , 51.4096 , 55.8403 , 72.7137 , 62.2066 , 70.4599 , 37.3775 , 52.4463 , 25.3937 , 66.2274 , 42.9089 , 53.9138 , 64.8295 , 53.3052 , 60.0154 , 64.3672 , 77.7585 , 99.1504 , 46.6525 , 76.5734 , 130.892 , 101.875 , 57.8642 , 94.4191 , 48.2015 , 61.151 , 71.1524 , 74.4328 , 44.0018 , 54.7775 , 62.9655 , 87.5633 , 100.131 , 42.8667 , 46.3829 , 47.063 , 60.6605 , 31.3506 , 50.2994 , 48.0225 , 61.4554 , 54.6212 , 54.9305 , 48.9369 , 35.3025 , 51.3065 , 29.4504 , 38.4327 , 62.1291 , 40.4327 , 95.1637 , 65.3785 , 53.9785 , 122.371 , 53.92 , 47.0405 , 38.9366 , 83.2481 , 50.5433 , 66.1428 , 35.9637 , 78.033 , 53.2505 , 57.2313 , 59.7807 , 49.167 , 76.2019 , 64.6303 , 57.8177 , 45.9297 , 51.493 , 62.7202 , 42.3396 , 74.0692 , 86.4965 , 99.1368 , 75.0119 , 67.4675 , 64.6229 , 37.3127 , 92.6404 , 64.0009 , 66.0589 , 40.6897 , 83.5579 , 71.8048 , 54.2938 , 48.4546 , 50.5673 , 37.3951 , 36.5861 , 50.9902 , 48.8455 , 37.3196 , 52.2058 , 43.661 , 87.117 , 39.8752 , 70.0616 , 80.1458 , 59.2596 , 61.0226 , 44.8613 , 80.252 , 55.1373 , 67.6423 , 47.4003 , 36.1557 , 62.4922 , 94.4894 , 77.1295 , 69.9271 , 47.1686 , 47.8984 , 37.6955 , 56.5913 , 72.4779 , 73.8781 , 30.279 , 38.8861 , 55.1171 , 92.7948 , 52.3678 , 18.4493 , 51.6899 , 51.2002 , 74.9356 , 34.741 , 51.6126 , 50.6123 , 48.1606 , 50.4076 , 47.6352 , 44.0141 , 45.3721 , 22.3749 , 76.1356 , 40.4621 , 44.4099 , 93.6746 , 47.2264 , 54.0263 , 59.8142 , 28.8599 , 68.5558 , 80.8321 , 64.4337 , 49.0404 , 38.6209 , 73.3459 , 47.3249 , 56.5027 , 54.8571 , 53.6609 , 62.5475 , 52.8421 , 51.9011 , 66.135 , 38.5333 , 37.7788 , 54.6081 , 88.48 , 62.879 , 57.1108 , 45.0971 , 57.3351 , 53.6638 , 55.3114 , 65.0175 , 52.3307 , 67.9925 , 52.4711 , 65.7306 , 59.7888 , 40.6416 , 49.3027 , 72.4779 , 41.9714 , 47.0505 , 63.3763 , 45.3688 , 39.4102 , 38.1307 , 42.3338 , 33.8254 , 60.6745 , 29.4 , 41.9161 , 70.1552 , 54.4804 , 49.9854 , 69.7137 , 40.3514 , 57.0284 , 66.283 , 113.985 , 71.1842 , 25.86 , 106.125 , 58.7009 , 55.7222 , 57.8532 , 76.3174 , 69.2207 , 67.1399 , 58.7235 , 52.2408 , 59.6997 , 45.2622 , 81.5626 , 84.7639 , 39.7126 , 55.0195 , 79.1868 , 124.362 , 75.7516 , 83.9958 , 46.3039 , 56.1179 , 60.832 , 76.4841 , 71.0664 , 85.0776 , 77.8078 , 54.6291 , 52.827 , 80.2501 , 93.6409 , 56.322 , 85.1897 , 130.211 , 46.722 , 44.0966 , 36.0204 , 29.5241 , 64.1138 , 57.4326 , 59.0664 , 43.8713 , 69.591 , 88.1142 , 50.1075 , 42.348 , 68.0959 , 78.0253 , 61.6286 , 63.5741 , 57.0882 , 68.5137 , 95.3857 , 42.0049 , 61.6594 , 40.6774 , 67.6156 , 65.666 , 70.452 , 37.4181 , 37.5265 , 67.4081 , 27.4238 , 64.747 , 81.202 , 47.85 , 52.9677 , 33.9032 , 102.615 , 85.4538 , 29.4428 , 119.532 , 55.1379 , 59.3199 , 152.234 , 44.5213 , 61.9683 , 66.4125 , 55.3621 , 112.411 , 54.1514 , 36.1839 , 59.5476 , 86.0353 , 52.903 , 42.1319 , 72.2141 , 71.6047 , 69.8321 , 58.2796 , 45.525 , 45.9625 , 52.6924 , 46.6416 , 48.1163 , 109.051 , 20.9015 , 58.514 , 79.0227 , 33.9696 , 83.2925 , 56.1623 , 51.2246 , 58.7024 , 73.6541 , 64.9589 , 49.3164 , 74.4825 , 71.1548 , 55.8192 , 79.0634 , 39.5927 , 73.7242 , 70.4355 , 94.7838 , 30.0186 ,